<!DOCTYPE html><html lang="en"><h5>fn_build_correlation_mx</h5><div><div>                        <script type="text/javascript">window.PlotlyConfig = {MathJaxConfig: 'local'};</script>
        <script charset="utf-8" src="https://cdn.plot.ly/plotly-2.27.0.min.js"></script>                <div id="936159aa-2c41-4ce5-8053-953cf8b80af4" class="plotly-graph-div" style="height:100%; width:100%;"></div>            <script type="text/javascript">                                    window.PLOTLYENV=window.PLOTLYENV || {};                                    if (document.getElementById("936159aa-2c41-4ce5-8053-953cf8b80af4")) {                    Plotly.newPlot(                        "936159aa-2c41-4ce5-8053-953cf8b80af4",                        [{"colorscale":[[0.0,"rgb(103,0,31)"],[0.1,"rgb(178,24,43)"],[0.2,"rgb(214,96,77)"],[0.3,"rgb(244,165,130)"],[0.4,"rgb(253,219,199)"],[0.5,"rgb(247,247,247)"],[0.6,"rgb(209,229,240)"],[0.7,"rgb(146,197,222)"],[0.8,"rgb(67,147,195)"],[0.9,"rgb(33,102,172)"],[1.0,"rgb(5,48,97)"]],"texttemplate":"%{z:.1f}","x":["AMR","APA","BP","CEIX","CHRD","CIVI","COP","CTRA","CVE","CVX","DINO","DK","EOG","EQNR","FANG","HCC","HES","HP","MGY","MPC","OXY","PR","PSX","PXD","SLB","TTE","VLO","VTS","WKC","WWD","XOM"],"y":["AMR","APA","BP","CEIX","CHRD","CIVI","COP","CTRA","CVE","CVX","DINO","DK","EOG","EQNR","FANG","HCC","HES","HP","MGY","MPC","OXY","PR","PSX","PXD","SLB","TTE","VLO","VTS","WKC","WWD","XOM"],"z":[[1.0,0.2517066059155191,0.023077550986063868,0.6302768008073527,0.28887015274215333,0.23723141632569103,0.338299518987797,0.1492406926748972,0.2823763986335149,0.3341865477427802,0.5255126917099848,0.1689307857344076,0.37908638200272343,0.08275172121755185,0.3354423524159682,0.7532848478096394,0.30108823497026455,0.3104981121290732,0.35630534593973145,0.274847519327367,0.28401062978994857,0.17946234192661123,0.2542299215793672,0.40425616558604405,0.28809143267939774,-0.007256463197083172,0.3541808275101823,0.04563146882292773,0.4262044387225161,0.0032526380618824497,0.417392287224223],[0.2517066059155191,1.0,0.74168782929823,0.4115968242828141,0.8798911148540893,0.8189057659279259,0.8215048648378772,0.8299239031718897,0.8504888824620315,0.8284948703515235,0.5521555069986637,0.6458822108769542,0.8455942046617185,0.7691891960777206,0.8602801608517371,0.09293498234435824,0.6751094035822052,0.868126541895962,0.909122294408316,0.7147083822883759,0.7443479266606964,0.8599403470130348,0.503486931830978,0.7692632007024882,0.7424236410575156,0.6658656668747199,0.7119267555861226,0.6341911641932261,0.6947782987300807,0.00536357543057865,0.7906600788863167],[0.023077550986063868,0.74168782929823,1.0,0.28730814874997573,0.7206071542335946,0.6208601851750774,0.7282940627614172,0.7624192764088059,0.8653060985552422,0.6487354282847912,0.3303762069139839,0.47595235022198723,0.7065209180150479,0.8045239124736814,0.7082224361578222,0.11717296492766076,0.46816979014050536,0.6565386388734691,0.7496509430350243,0.6039759359244403,0.5986030391784225,0.7039762174400171,0.5491537073259447,0.6953297635277719,0.6218772176441102,0.789788378290638,0.5431933400342911,0.6484219581551187,0.6126366214471103,-0.02248635584113297,0.7341546925229937],[0.6302768008073527,0.4115968242828141,0.28730814874997573,1.0,0.477907341883175,0.5019072885989612,0.5490519786150542,0.4514910863941925,0.49116210661250775,0.4259994375128739,0.5997475384187635,0.5917497932703146,0.43040395475428966,0.29151297520342395,0.4600225133181952,0.5624372608558388,0.2923727434734703,0.421589367980048,0.5355712118188289,0.5015763695599172,0.39605144093037237,0.514194903410019,0.5247418957670328,0.498737977185415,0.44475014498689286,0.18000630592456784,0.5158157349041192,0.29946484629083703,0.605426220426367,0.14788222210691213,0.5036642346004074],[0.28887015274215333,0.8798911148540893,0.7206071542335946,0.477907341883175,1.0,0.8496279487708989,0.8549784393909573,0.8766677775869626,0.799906100628714,0.8362339051871189,0.6278524686422036,0.6705821322114442,0.7872840936741172,0.7728767699319681,0.8888982688453588,0.18666778188991082,0.6712061226716597,0.8353783085748756,0.8951564263540059,0.7770262141929897,0.7120861449620172,0.8664532538782788,0.6045518405459598,0.7990449692063681,0.7848246509074905,0.5993190518044808,0.8520465198930192,0.5468749711448869,0.7032976281440837,0.018261141273600748,0.8321231235277026],[0.23723141632569103,0.8189057659279259,0.6208601851750774,0.5019072885989612,0.8496279487708989,1.0,0.7689068867219857,0.7548863529679447,0.7225971938767078,0.7885495541565725,0.5092373921669413,0.6286669845724182,0.6282830845797784,0.6686140457366587,0.7871483971217027,0.15608987929940496,0.5122281802957932,0.8466138741258553,0.8369272502316005,0.5916639916499217,0.6639027623756889,0.8623385513868671,0.5604450924294005,0.6709320433843486,0.6024499716423043,0.5483449449224106,0.6851699051191804,0.6347585772971999,0.6253521751478347,0.0027834486003857728,0.7207712490695383],[0.338299518987797,0.8215048648378772,0.7282940627614172,0.5490519786150542,0.8549784393909573,0.7689068867219857,1.0,0.8055495955007026,0.8297162829558653,0.8118442714119686,0.6678128200348432,0.621922802119217,0.8229305727166778,0.6984886618898584,0.8657293515342623,0.18755830148359345,0.7263973796697353,0.7756596345106912,0.8308197280789327,0.783839430230337,0.6584069046007185,0.800700264861941,0.6641026722688432,0.8205518102015531,0.8373157620375071,0.6627081704324256,0.761258137923333,0.5870744258136698,0.6920507849744805,0.11095920180446801,0.8289020888604887],[0.1492406926748972,0.8299239031718897,0.7624192764088059,0.4514910863941925,0.8766677775869626,0.7548863529679447,0.8055495955007026,1.0,0.7720727035133575,0.7889193731041634,0.5075630797908116,0.6315768547005435,0.7128286394240163,0.731872544540042,0.7905223657302923,0.1305500494834942,0.647075892004336,0.7562294407211607,0.794022807678576,0.7149486903206537,0.6853583055252452,0.7782911776956147,0.6349645110324512,0.7786955084345856,0.7884713813797224,0.626238962917538,0.7764616390573684,0.5045247432391021,0.6592553270615674,0.07313590833048147,0.8171096144833331],[0.2823763986335149,0.8504888824620315,0.8653060985552422,0.49116210661250775,0.799906100628714,0.7225971938767078,0.8297162829558653,0.7720727035133575,1.0,0.753565151350599,0.5268022068402691,0.6465754826593434,0.8470302215979739,0.7794062898777647,0.8360587526773055,0.2776264778795122,0.5844708370105655,0.754144781418335,0.8827155778208027,0.6638835502106174,0.7968742018288172,0.823427921661277,0.6372794083491359,0.8007698761347916,0.705778353768083,0.7362677789348002,0.650373077514281,0.7108875308038772,0.7947325617778179,-0.03406617285296564,0.8354088278730587],[0.3341865477427802,0.8284948703515235,0.6487354282847912,0.4259994375128739,0.8362339051871189,0.7885495541565725,0.8118442714119686,0.7889193731041634,0.753565151350599,1.0,0.7392484019843288,0.6974921544927964,0.7233586906114374,0.6651824105932551,0.7524027791405352,0.17426149006612596,0.8117354435942161,0.846608629658585,0.8657253489817424,0.7207692870959952,0.7156967440525625,0.708924239893818,0.40282867467270117,0.8373925701986035,0.8303284902141704,0.5536073331614958,0.7936705962410769,0.414139219451007,0.723685538432443,-0.03635136147119653,0.8744291176470332],[0.5255126917099848,0.5521555069986637,0.3303762069139839,0.5997475384187635,0.6278524686422036,0.5092373921669413,0.6678128200348432,0.5075630797908116,0.5268022068402691,0.7392484019843288,1.0,0.663154504533042,0.6167441908089227,0.4370769449565479,0.587692334802215,0.3037390762649287,0.6565986892388769,0.6326947238244018,0.6598135359806324,0.8026231874351222,0.5884432256278315,0.5456159647118225,0.3845738241200788,0.6195386738168666,0.6932348324380108,0.2579820873870729,0.8267740564408168,0.2566817860500907,0.7336821147190014,0.022896918000524076,0.6244009249039048],[0.1689307857344076,0.6458822108769542,0.47595235022198723,0.5917497932703146,0.6705821322114442,0.6286669845724182,0.621922802119217,0.6315768547005435,0.6465754826593434,0.6974921544927964,0.663154504533042,1.0,0.5646646780575444,0.5280579175715674,0.6456427601252371,0.037162891088470804,0.6431107000506736,0.5598494731548508,0.716704765141726,0.69580920894496,0.572178396763134,0.6766968235691462,0.39781146219856695,0.7034262318542958,0.673159618475521,0.42703634833700016,0.6703521320893504,0.349594675927452,0.6745126019383089,0.09143583362861224,0.7082164732206122],[0.37908638200272343,0.8455942046617185,0.7065209180150479,0.43040395475428966,0.7872840936741172,0.6282830845797784,0.8229305727166778,0.7128286394240163,0.8470302215979739,0.7233586906114374,0.6167441908089227,0.5646646780575444,1.0,0.6643055176790944,0.8646088311445459,0.20995675908445885,0.6709872447614764,0.7389535641566366,0.8030335854782101,0.6991648326526353,0.709365164525466,0.7636459529411348,0.5262552482264002,0.7616722859368832,0.7366898926764989,0.6025732311493982,0.6992769857443732,0.5870470759365065,0.676879573879071,-0.06271848014997847,0.792977991115139],[0.08275172121755185,0.7691891960777206,0.8045239124736814,0.29151297520342395,0.7728767699319681,0.6686140457366587,0.6984886618898584,0.731872544540042,0.7794062898777647,0.6651824105932551,0.4370769449565479,0.5280579175715674,0.6643055176790944,1.0,0.7103158777514055,0.1518644286419601,0.46197020471806644,0.690199425601366,0.8150616629766989,0.6001665891049894,0.6025132131956165,0.7759192774988344,0.35843998736462207,0.6966128551607287,0.5493390130991492,0.8708271670749909,0.6022832361695167,0.7093623348382136,0.6307090677506632,-0.09071766251114644,0.6883760625922318],[0.3354423524159682,0.8602801608517371,0.7082224361578222,0.4600225133181952,0.8888982688453588,0.7871483971217027,0.8657293515342623,0.7905223657302923,0.8360587526773055,0.7524027791405352,0.587692334802215,0.6456427601252371,0.8646088311445459,0.7103158777514055,1.0,0.1772001906088887,0.6433984431146046,0.837539235690133,0.8595578967747896,0.7520042155272927,0.7149389214821391,0.8395704457738193,0.5940984354423577,0.8059948362200494,0.8079088599571164,0.6394883381201784,0.7316480594475607,0.6063143400873249,0.688878887149254,0.05870856722941402,0.8309339395865879],[0.7532848478096394,0.09293498234435824,0.11717296492766076,0.5624372608558388,0.18666778188991082,0.15608987929940496,0.18755830148359345,0.1305500494834942,0.2776264778795122,0.17426149006612596,0.3037390762649287,0.037162891088470804,0.20995675908445885,0.1518644286419601,0.1772001906088887,1.0,0.12452750256053081,0.11657738411323391,0.30257797565804945,0.16620719119536817,0.15075045207275276,0.11162581930392701,0.22018162228974034,0.38555907252998856,0.09766053282460085,0.09863401933227277,0.1860671656635131,0.1723264224886431,0.3523314024027931,-0.07978753052849184,0.3905178319687378],[0.30108823497026455,0.6751094035822052,0.46816979014050536,0.2923727434734703,0.6712061226716597,0.5122281802957932,0.7263973796697353,0.647075892004336,0.5844708370105655,0.8117354435942161,0.6565986892388769,0.6431107000506736,0.6709872447614764,0.46197020471806644,0.6433984431146046,0.12452750256053081,1.0,0.5799524602174094,0.6654574805576585,0.6982200505294976,0.5079750066375195,0.5281537478274457,0.29645385057877516,0.8644062376685466,0.7870606261360883,0.4879306134856158,0.6820565192751579,0.26850724581110397,0.520901749940429,0.16708959141006444,0.8290494589972423],[0.3104981121290732,0.868126541895962,0.6565386388734691,0.421589367980048,0.8353783085748756,0.8466138741258553,0.7756596345106912,0.7562294407211607,0.754144781418335,0.846608629658585,0.6326947238244018,0.5598494731548508,0.7389535641566366,0.690199425601366,0.837539235690133,0.11657738411323391,0.5799524602174094,1.0,0.8542344901254593,0.6794268564452297,0.7047647836233616,0.8022975929709615,0.5315479294176986,0.7013486122129045,0.7354634133821708,0.5505146502845664,0.723520156084853,0.6289757255135235,0.7414684025125282,0.05480093550924558,0.7471834459778515],[0.35630534593973145,0.909122294408316,0.7496509430350243,0.5355712118188289,0.8951564263540059,0.8369272502316005,0.8308197280789327,0.794022807678576,0.8827155778208027,0.8657253489817424,0.6598135359806324,0.716704765141726,0.8030335854782101,0.8150616629766989,0.8595578967747896,0.30257797565804945,0.6654574805576585,0.8542344901254593,1.0,0.7455867926901181,0.726700990908011,0.8741089510752724,0.5479603830812689,0.8449195155270667,0.7594112260314927,0.7058583255750701,0.7502975396203633,0.6683725739749454,0.7717892175429801,-0.03148781852881007,0.8590165541729478],[0.274847519327367,0.7147083822883759,0.6039759359244403,0.5015763695599172,0.7770262141929897,0.5916639916499217,0.783839430230337,0.7149486903206537,0.6638835502106174,0.7207692870959952,0.8026231874351222,0.69580920894496,0.6991648326526353,0.6001665891049894,0.7520042155272927,0.16620719119536817,0.6982200505294976,0.6794268564452297,0.7455867926901181,1.0,0.5360367652178084,0.6425126712843172,0.6058324900843374,0.7291327873811798,0.7450654905090479,0.47360358214107307,0.899725205494897,0.3946337601974683,0.6339339791749069,0.22991403733417456,0.715488012532037],[0.28401062978994857,0.7443479266606964,0.5986030391784225,0.39605144093037237,0.7120861449620172,0.6639027623756889,0.6584069046007185,0.6853583055252452,0.7968742018288172,0.7156967440525625,0.5884432256278315,0.572178396763134,0.709365164525466,0.6025132131956165,0.7149389214821391,0.15075045207275276,0.5079750066375195,0.7047647836233616,0.726700990908011,0.5360367652178084,1.0,0.6789635340691947,0.4012133848189054,0.6005901104055853,0.6368898276289401,0.5122265262201248,0.6719045288897114,0.48056939979215396,0.7118901047434003,-0.29850557220873875,0.668122625063859],[0.17946234192661123,0.8599403470130348,0.7039762174400171,0.514194903410019,0.8664532538782788,0.8623385513868671,0.800700264861941,0.7782911776956147,0.823427921661277,0.708924239893818,0.5456159647118225,0.6766968235691462,0.7636459529411348,0.7759192774988344,0.8395704457738193,0.11162581930392701,0.5281537478274457,0.8022975929709615,0.8741089510752724,0.6425126712843172,0.6789635340691947,1.0,0.5920798097711518,0.7122416687995552,0.6297045534990423,0.6853150862395511,0.6871900666380234,0.7606635572949682,0.7187016723306912,0.031200242263782343,0.710479522247045],[0.2542299215793672,0.503486931830978,0.5491537073259447,0.5247418957670328,0.6045518405459598,0.5604450924294005,0.6641026722688432,0.6349645110324512,0.6372794083491359,0.40282867467270117,0.3845738241200788,0.39781146219856695,0.5262552482264002,0.35843998736462207,0.5940984354423577,0.22018162228974034,0.29645385057877516,0.5315479294176986,0.5479603830812689,0.6058324900843374,0.4012133848189054,0.5920798097711518,1.0,0.4413512525870747,0.5213914122153622,0.2673986515920202,0.6050211711066487,0.47994815874671687,0.5039736356466209,0.29358120422459993,0.48411309048326906],[0.40425616558604405,0.7692632007024882,0.6953297635277719,0.498737977185415,0.7990449692063681,0.6709320433843486,0.8205518102015531,0.7786955084345856,0.8007698761347916,0.8373925701986035,0.6195386738168666,0.7034262318542958,0.7616722859368832,0.6966128551607287,0.8059948362200494,0.38555907252998856,0.8644062376685466,0.7013486122129045,0.8449195155270667,0.7291327873811798,0.6005901104055853,0.7122416687995552,0.4413512525870747,1.0,0.7747774453025702,0.711370666653642,0.7043645424955358,0.5353319824695706,0.6776571212416971,0.1171453570973751,0.9766998476296607],[0.28809143267939774,0.7424236410575156,0.6218772176441102,0.44475014498689286,0.7848246509074905,0.6024499716423043,0.8373157620375071,0.7884713813797224,0.705778353768083,0.8303284902141704,0.6932348324380108,0.673159618475521,0.7366898926764989,0.5493390130991492,0.8079088599571164,0.09766053282460085,0.7870606261360883,0.7354634133821708,0.7594112260314927,0.7450654905090479,0.6368898276289401,0.6297045534990423,0.5213914122153622,0.7747774453025702,1.0,0.4678453777946703,0.7137129572663685,0.31068315879815833,0.6718760201360461,0.0922668769060938,0.8088737819952645],[-0.007256463197083172,0.6658656668747199,0.789788378290638,0.18000630592456784,0.5993190518044808,0.5483449449224106,0.6627081704324256,0.626238962917538,0.7362677789348002,0.5536073331614958,0.2579820873870729,0.42703634833700016,0.6025732311493982,0.8708271670749909,0.6394883381201784,0.09863401933227277,0.4879306134856158,0.5505146502845664,0.7058583255750701,0.47360358214107307,0.5122265262201248,0.6853150862395511,0.2673986515920202,0.711370666653642,0.4678453777946703,1.0,0.40861747004119,0.7305636871935404,0.5076131007312337,-0.01262231280695386,0.6671786693417614],[0.3541808275101823,0.7119267555861226,0.5431933400342911,0.5158157349041192,0.8520465198930192,0.6851699051191804,0.761258137923333,0.7764616390573684,0.650373077514281,0.7936705962410769,0.8267740564408168,0.6703521320893504,0.6992769857443732,0.6022832361695167,0.7316480594475607,0.1860671656635131,0.6820565192751579,0.723520156084853,0.7502975396203633,0.899725205494897,0.6719045288897114,0.6871900666380234,0.6050211711066487,0.7043645424955358,0.7137129572663685,0.40861747004119,1.0,0.35746973566850637,0.6333967306066466,0.11180022519896689,0.7190793503096321],[0.04563146882292773,0.6341911641932261,0.6484219581551187,0.29946484629083703,0.5468749711448869,0.6347585772971999,0.5870744258136698,0.5045247432391021,0.7108875308038772,0.414139219451007,0.2566817860500907,0.349594675927452,0.5870470759365065,0.7093623348382136,0.6063143400873249,0.1723264224886431,0.26850724581110397,0.6289757255135235,0.6683725739749454,0.3946337601974683,0.48056939979215396,0.7606635572949682,0.47994815874671687,0.5353319824695706,0.31068315879815833,0.7305636871935404,0.35746973566850637,1.0,0.5288291039973902,0.058663899455124284,0.5223568992771108],[0.4262044387225161,0.6947782987300807,0.6126366214471103,0.605426220426367,0.7032976281440837,0.6253521751478347,0.6920507849744805,0.6592553270615674,0.7947325617778179,0.723685538432443,0.7336821147190014,0.6745126019383089,0.676879573879071,0.6307090677506632,0.688878887149254,0.3523314024027931,0.520901749940429,0.7414684025125282,0.7717892175429801,0.6339339791749069,0.7118901047434003,0.7187016723306912,0.5039736356466209,0.6776571212416971,0.6718760201360461,0.5076131007312337,0.6333967306066466,0.5288291039973902,1.0,-0.006505039677855656,0.7333046272691449],[0.0032526380618824497,0.00536357543057865,-0.02248635584113297,0.14788222210691213,0.018261141273600748,0.0027834486003857728,0.11095920180446801,0.07313590833048147,-0.03406617285296564,-0.03635136147119653,0.022896918000524076,0.09143583362861224,-0.06271848014997847,-0.09071766251114644,0.05870856722941402,-0.07978753052849184,0.16708959141006444,0.05480093550924558,-0.03148781852881007,0.22991403733417456,-0.29850557220873875,0.031200242263782343,0.29358120422459993,0.1171453570973751,0.0922668769060938,-0.01262231280695386,0.11180022519896689,0.058663899455124284,-0.006505039677855656,1.0,0.054870271429265545],[0.417392287224223,0.7906600788863167,0.7341546925229937,0.5036642346004074,0.8321231235277026,0.7207712490695383,0.8289020888604887,0.8171096144833331,0.8354088278730587,0.8744291176470332,0.6244009249039048,0.7082164732206122,0.792977991115139,0.6883760625922318,0.8309339395865879,0.3905178319687378,0.8290494589972423,0.7471834459778515,0.8590165541729478,0.715488012532037,0.668122625063859,0.710479522247045,0.48411309048326906,0.9766998476296607,0.8088737819952645,0.6671786693417614,0.7190793503096321,0.5223568992771108,0.7333046272691449,0.054870271429265545,1.0]],"zmax":1,"zmin":-1,"type":"heatmap"}],                        {"template":{"data":{"histogram2dcontour":[{"type":"histogram2dcontour","colorbar":{"outlinewidth":0,"ticks":""},"colorscale":[[0.0,"#0d0887"],[0.1111111111111111,"#46039f"],[0.2222222222222222,"#7201a8"],[0.3333333333333333,"#9c179e"],[0.4444444444444444,"#bd3786"],[0.5555555555555556,"#d8576b"],[0.6666666666666666,"#ed7953"],[0.7777777777777778,"#fb9f3a"],[0.8888888888888888,"#fdca26"],[1.0,"#f0f921"]]}],"choropleth":[{"type":"choropleth","colorbar":{"outlinewidth":0,"ticks":""}}],"histogram2d":[{"type":"histogram2d","colorbar":{"outlinewidth":0,"ticks":""},"colorscale":[[0.0,"#0d0887"],[0.1111111111111111,"#46039f"],[0.2222222222222222,"#7201a8"],[0.3333333333333333,"#9c179e"],[0.4444444444444444,"#bd3786"],[0.5555555555555556,"#d8576b"],[0.6666666666666666,"#ed7953"],[0.7777777777777778,"#fb9f3a"],[0.8888888888888888,"#fdca26"],[1.0,"#f0f921"]]}],"heatmap":[{"type":"heatmap","colorbar":{"outlinewidth":0,"ticks":""},"colorscale":[[0.0,"#0d0887"],[0.1111111111111111,"#46039f"],[0.2222222222222222,"#7201a8"],[0.3333333333333333,"#9c179e"],[0.4444444444444444,"#bd3786"],[0.5555555555555556,"#d8576b"],[0.6666666666666666,"#ed7953"],[0.7777777777777778,"#fb9f3a"],[0.8888888888888888,"#fdca26"],[1.0,"#f0f921"]]}],"heatmapgl":[{"type":"heatmapgl","colorbar":{"outlinewidth":0,"ticks":""},"colorscale":[[0.0,"#0d0887"],[0.1111111111111111,"#46039f"],[0.2222222222222222,"#7201a8"],[0.3333333333333333,"#9c179e"],[0.4444444444444444,"#bd3786"],[0.5555555555555556,"#d8576b"],[0.6666666666666666,"#ed7953"],[0.7777777777777778,"#fb9f3a"],[0.8888888888888888,"#fdca26"],[1.0,"#f0f921"]]}],"contourcarpet":[{"type":"contourcarpet","colorbar":{"outlinewidth":0,"ticks":""}}],"contour":[{"type":"contour","colorbar":{"outlinewidth":0,"ticks":""},"colorscale":[[0.0,"#0d0887"],[0.1111111111111111,"#46039f"],[0.2222222222222222,"#7201a8"],[0.3333333333333333,"#9c179e"],[0.4444444444444444,"#bd3786"],[0.5555555555555556,"#d8576b"],[0.6666666666666666,"#ed7953"],[0.7777777777777778,"#fb9f3a"],[0.8888888888888888,"#fdca26"],[1.0,"#f0f921"]]}],"surface":[{"type":"surface","colorbar":{"outlinewidth":0,"ticks":""},"colorscale":[[0.0,"#0d0887"],[0.1111111111111111,"#46039f"],[0.2222222222222222,"#7201a8"],[0.3333333333333333,"#9c179e"],[0.4444444444444444,"#bd3786"],[0.5555555555555556,"#d8576b"],[0.6666666666666666,"#ed7953"],[0.7777777777777778,"#fb9f3a"],[0.8888888888888888,"#fdca26"],[1.0,"#f0f921"]]}],"mesh3d":[{"type":"mesh3d","colorbar":{"outlinewidth":0,"ticks":""}}],"scatter":[{"fillpattern":{"fillmode":"overlay","size":10,"solidity":0.2},"type":"scatter"}],"parcoords":[{"type":"parcoords","line":{"colorbar":{"outlinewidth":0,"ticks":""}}}],"scatterpolargl":[{"type":"scatterpolargl","marker":{"colorbar":{"outlinewidth":0,"ticks":""}}}],"bar":[{"error_x":{"color":"#2a3f5f"},"error_y":{"color":"#2a3f5f"},"marker":{"line":{"color":"#E5ECF6","width":0.5},"pattern":{"fillmode":"overlay","size":10,"solidity":0.2}},"type":"bar"}],"scattergeo":[{"type":"scattergeo","marker":{"colorbar":{"outlinewidth":0,"ticks":""}}}],"scatterpolar":[{"type":"scatterpolar","marker":{"colorbar":{"outlinewidth":0,"ticks":""}}}],"histogram":[{"marker":{"pattern":{"fillmode":"overlay","size":10,"solidity":0.2}},"type":"histogram"}],"scattergl":[{"type":"scattergl","marker":{"colorbar":{"outlinewidth":0,"ticks":""}}}],"scatter3d":[{"type":"scatter3d","line":{"colorbar":{"outlinewidth":0,"ticks":""}},"marker":{"colorbar":{"outlinewidth":0,"ticks":""}}}],"scattermapbox":[{"type":"scattermapbox","marker":{"colorbar":{"outlinewidth":0,"ticks":""}}}],"scatterternary":[{"type":"scatterternary","marker":{"colorbar":{"outlinewidth":0,"ticks":""}}}],"scattercarpet":[{"type":"scattercarpet","marker":{"colorbar":{"outlinewidth":0,"ticks":""}}}],"carpet":[{"aaxis":{"endlinecolor":"#2a3f5f","gridcolor":"white","linecolor":"white","minorgridcolor":"white","startlinecolor":"#2a3f5f"},"baxis":{"endlinecolor":"#2a3f5f","gridcolor":"white","linecolor":"white","minorgridcolor":"white","startlinecolor":"#2a3f5f"},"type":"carpet"}],"table":[{"cells":{"fill":{"color":"#EBF0F8"},"line":{"color":"white"}},"header":{"fill":{"color":"#C8D4E3"},"line":{"color":"white"}},"type":"table"}],"barpolar":[{"marker":{"line":{"color":"#E5ECF6","width":0.5},"pattern":{"fillmode":"overlay","size":10,"solidity":0.2}},"type":"barpolar"}],"pie":[{"automargin":true,"type":"pie"}]},"layout":{"autotypenumbers":"strict","colorway":["#636efa","#EF553B","#00cc96","#ab63fa","#FFA15A","#19d3f3","#FF6692","#B6E880","#FF97FF","#FECB52"],"font":{"color":"#2a3f5f"},"hovermode":"closest","hoverlabel":{"align":"left"},"paper_bgcolor":"white","plot_bgcolor":"#E5ECF6","polar":{"bgcolor":"#E5ECF6","angularaxis":{"gridcolor":"white","linecolor":"white","ticks":""},"radialaxis":{"gridcolor":"white","linecolor":"white","ticks":""}},"ternary":{"bgcolor":"#E5ECF6","aaxis":{"gridcolor":"white","linecolor":"white","ticks":""},"baxis":{"gridcolor":"white","linecolor":"white","ticks":""},"caxis":{"gridcolor":"white","linecolor":"white","ticks":""}},"coloraxis":{"colorbar":{"outlinewidth":0,"ticks":""}},"colorscale":{"sequential":[[0.0,"#0d0887"],[0.1111111111111111,"#46039f"],[0.2222222222222222,"#7201a8"],[0.3333333333333333,"#9c179e"],[0.4444444444444444,"#bd3786"],[0.5555555555555556,"#d8576b"],[0.6666666666666666,"#ed7953"],[0.7777777777777778,"#fb9f3a"],[0.8888888888888888,"#fdca26"],[1.0,"#f0f921"]],"sequentialminus":[[0.0,"#0d0887"],[0.1111111111111111,"#46039f"],[0.2222222222222222,"#7201a8"],[0.3333333333333333,"#9c179e"],[0.4444444444444444,"#bd3786"],[0.5555555555555556,"#d8576b"],[0.6666666666666666,"#ed7953"],[0.7777777777777778,"#fb9f3a"],[0.8888888888888888,"#fdca26"],[1.0,"#f0f921"]],"diverging":[[0,"#8e0152"],[0.1,"#c51b7d"],[0.2,"#de77ae"],[0.3,"#f1b6da"],[0.4,"#fde0ef"],[0.5,"#f7f7f7"],[0.6,"#e6f5d0"],[0.7,"#b8e186"],[0.8,"#7fbc41"],[0.9,"#4d9221"],[1,"#276419"]]},"xaxis":{"gridcolor":"white","linecolor":"white","ticks":"","title":{"standoff":15},"zerolinecolor":"white","automargin":true,"zerolinewidth":2},"yaxis":{"gridcolor":"white","linecolor":"white","ticks":"","title":{"standoff":15},"zerolinecolor":"white","automargin":true,"zerolinewidth":2},"scene":{"xaxis":{"backgroundcolor":"#E5ECF6","gridcolor":"white","linecolor":"white","showbackground":true,"ticks":"","zerolinecolor":"white","gridwidth":2},"yaxis":{"backgroundcolor":"#E5ECF6","gridcolor":"white","linecolor":"white","showbackground":true,"ticks":"","zerolinecolor":"white","gridwidth":2},"zaxis":{"backgroundcolor":"#E5ECF6","gridcolor":"white","linecolor":"white","showbackground":true,"ticks":"","zerolinecolor":"white","gridwidth":2}},"shapedefaults":{"line":{"color":"#2a3f5f"}},"annotationdefaults":{"arrowcolor":"#2a3f5f","arrowhead":0,"arrowwidth":1},"geo":{"bgcolor":"white","landcolor":"#E5ECF6","subunitcolor":"white","showland":true,"showlakes":true,"lakecolor":"white"},"title":{"x":0.05},"mapbox":{"style":"light"}}}},                        {"responsive": true}                    )                };                            </script>        </div></div><h5>xrefs</h5><table class="table table-sm table-dark table-hover table-bordered"><thead><tr><th scope="col">#</th><th scope="col"></th></tr></thead><tbody></tbody></table></html>