<!DOCTYPE html><html lang="en"><h5>fn_build_correlation_mx</h5><div><div>                        <script type="text/javascript">window.PlotlyConfig = {MathJaxConfig: 'local'};</script>
        <script charset="utf-8" src="https://cdn.plot.ly/plotly-2.27.0.min.js"></script>                <div id="7b2bb5fc-6676-4d10-8f62-a2068dd38fec" class="plotly-graph-div" style="height:100%; width:100%;"></div>            <script type="text/javascript">                                    window.PLOTLYENV=window.PLOTLYENV || {};                                    if (document.getElementById("7b2bb5fc-6676-4d10-8f62-a2068dd38fec")) {                    Plotly.newPlot(                        "7b2bb5fc-6676-4d10-8f62-a2068dd38fec",                        [{"colorscale":[[0.0,"rgb(103,0,31)"],[0.1,"rgb(178,24,43)"],[0.2,"rgb(214,96,77)"],[0.3,"rgb(244,165,130)"],[0.4,"rgb(253,219,199)"],[0.5,"rgb(247,247,247)"],[0.6,"rgb(209,229,240)"],[0.7,"rgb(146,197,222)"],[0.8,"rgb(67,147,195)"],[0.9,"rgb(33,102,172)"],[1.0,"rgb(5,48,97)"]],"texttemplate":"%{z:.1f}","x":["AMR","APA","BP","CEIX","CHRD","CIVI","COP","CTRA","CVE","CVX","DINO","DK","EOG","EQNR","FANG","HCC","HES","HP","MGY","MPC","OXY","PR","PSX","PXD","SLB","TTE","VLO","VTS","WKC","WWD","XOM"],"y":["AMR","APA","BP","CEIX","CHRD","CIVI","COP","CTRA","CVE","CVX","DINO","DK","EOG","EQNR","FANG","HCC","HES","HP","MGY","MPC","OXY","PR","PSX","PXD","SLB","TTE","VLO","VTS","WKC","WWD","XOM"],"z":[[1.0,0.24879934365562079,0.021253632131280807,0.6288493320960001,0.2835078559682392,0.23787641359081582,0.33629615591774453,0.14601937474189394,0.28180991710657516,0.3337830769854848,0.526256868033128,0.1731682877535272,0.3781443543736922,0.08234134594311784,0.330615282769139,0.753785297205746,0.30053450387668507,0.3097810020108334,0.3559104148992816,0.2754161794507341,0.28176410619994824,0.1783891726507607,0.2534614332353911,0.4028092885244098,0.286975540461493,-0.011695117278982318,0.3543373054824737,0.04165063477103789,0.4226469155664481,0.003220213143782477,0.4173264087727951],[0.24879934365562079,1.0,0.7405393130076827,0.41184710846409084,0.8797060098013144,0.8219874002542956,0.8221766054727707,0.8297732264767846,0.8530172245649752,0.831099593824296,0.5582647912507426,0.654398490592094,0.8449319595871253,0.7691856942176482,0.8600618915802951,0.09111026598055391,0.6764091864801992,0.8718976330539779,0.9129675277276139,0.7202251815168144,0.7454573595461597,0.8622145570932218,0.5093857418253204,0.7701540236331545,0.7444636179613725,0.6650797383629573,0.7177399024211292,0.635337778203953,0.6975139796358479,0.004644395627394301,0.7915791681456414],[0.021253632131280807,0.7405393130076827,1.0,0.28701950252649056,0.7184329288906195,0.623840064301577,0.7283491101387466,0.7612175285963798,0.86762502001436,0.6509023987109859,0.3349748216076214,0.48433184364418624,0.7060820564812896,0.805087185345734,0.7062600247936521,0.11666170500990991,0.4691462018653348,0.6593709406215744,0.7528078303192732,0.6086846841181887,0.5987348533877842,0.7055776039301559,0.5534971770524916,0.6958419258086816,0.6232800653409855,0.7894366454025334,0.5477544902595984,0.6468369981103096,0.6135166483318538,-0.023055538026551806,0.7354725797863793],[0.6288493320960001,0.41184710846409084,0.28701950252649056,1.0,0.47743422691537724,0.5026479773306723,0.5491856133643678,0.4516897879433441,0.4917694553798942,0.42664003967739517,0.6020500676584016,0.5955052656865705,0.43013497492825176,0.29130631174839916,0.4598857479217966,0.5610952152569448,0.29265128597806134,0.4226516049913301,0.5366170744130743,0.5033897641297366,0.396383962930259,0.5147242808561047,0.5266356273246497,0.49891293720833424,0.4452617892868676,0.17999563303043453,0.5177347115507154,0.2999327873488448,0.6055514731993156,0.14762534814707787,0.5036696181889276],[0.2835078559682392,0.8797060098013144,0.7184329288906195,0.47743422691537724,1.0,0.8469682721180225,0.8537165333670396,0.8767472537808978,0.7985731377852266,0.8345731250056999,0.6299686282239115,0.6697258791682487,0.7839004177790291,0.7692202605137306,0.8897388779711876,0.18183199920573542,0.6694298094994225,0.8352416559870904,0.8943592239145333,0.7775702022897576,0.7122363348841049,0.8653270063574677,0.6080040283208022,0.7974354262438144,0.7839014589953353,0.60190926125196,0.8531361639395574,0.5511842949228128,0.7056450817079236,0.017526026384815326,0.8283420450681783],[0.23787641359081582,0.8219874002542956,0.623840064301577,0.5026479773306723,0.8469682721180225,1.0,0.7696838151222687,0.7568718608020395,0.7224537888537851,0.7884225639730674,0.5084485818967117,0.6287868075872969,0.6300169000138318,0.6693787688851903,0.7867422368425887,0.1559881216835597,0.5123868274395539,0.8460991686641272,0.8365454053576753,0.5910898203941414,0.6641640104649944,0.8621677077136719,0.5592624879991304,0.6714992129407878,0.602379538076605,0.5552672040310965,0.6845440528908137,0.6326360300855145,0.6238699387805792,0.0030102976297175367,0.7210044616706983],[0.33629615591774453,0.8221766054727707,0.7283491101387466,0.5491856133643678,0.8537165333670396,0.7696838151222687,1.0,0.80594401417014,0.8303620172955851,0.8125250929578512,0.6706829286393358,0.6256848491814516,0.8225322180559616,0.6980298408752991,0.8651572169252241,0.18593433158074907,0.7265750164752949,0.7769627077228026,0.8321025772583834,0.7862194102419158,0.6588266968554339,0.8012960424658476,0.6667281628498553,0.820665188612925,0.8378042254726527,0.6652900381876213,0.7637967258398201,0.5872471605148836,0.6927853903491156,0.11056701764073609,0.828644525853924],[0.14601937474189394,0.8297732264767846,0.7612175285963798,0.4516897879433441,0.8767472537808978,0.7568718608020395,0.80594401417014,1.0,0.7738434131850955,0.7907277605211355,0.5128281965670234,0.6381425673031218,0.7116281909326526,0.7312388957884579,0.7907800638668435,0.1282570578592899,0.6478139949802166,0.759238416011358,0.7969617833331593,0.7195030765368262,0.6863357941487961,0.7799788533571573,0.6403607755375422,0.7791767384594945,0.789973565257306,0.6260714603166401,0.7814510867902013,0.5067257264831082,0.6619875746005895,0.07243945440924049,0.8172078788654358],[0.28180991710657516,0.8530172245649752,0.86762502001436,0.4917694553798942,0.7985731377852266,0.7224537888537851,0.8303620172955851,0.7738434131850955,1.0,0.7536164254830297,0.527232729085507,0.6473880006481489,0.8480503544297666,0.7795880251976232,0.8360656660820172,0.2765467997603043,0.584609387636878,0.7542483890376181,0.8828177475286713,0.6642586610422702,0.7972473930039881,0.8235155400853281,0.6375683106655937,0.8012008551056952,0.7059586984912889,0.7429830181984615,0.6507824603662465,0.7097391161132224,0.7940011626205312,-0.03405696353347242,0.8352498668315301],[0.3337830769854848,0.831099593824296,0.6509023987109859,0.42664003967739517,0.8345731250056999,0.7884225639730674,0.8125250929578512,0.7907277605211355,0.7536164254830297,1.0,0.7397365334318093,0.6984522979822506,0.7244551759181864,0.6654612028720596,0.7525705386641949,0.17340515418820446,0.8118507210185794,0.8465970136229106,0.8657675408772671,0.7210754939390823,0.716128244533779,0.7090436286586577,0.4029677628893133,0.8378422288149887,0.8304168763016558,0.5594955459301372,0.7940137791130769,0.41425311226355277,0.7229876196201,-0.03631267637570187,0.87434015308841],[0.526256868033128,0.5582647912507426,0.3349748216076214,0.6020500676584016,0.6299686282239115,0.5084485818967117,0.6706829286393358,0.5128281965670234,0.527232729085507,0.7397365334318093,1.0,0.6602620181945572,0.62005656600358,0.43846207392460274,0.5915930210846169,0.3027668716773814,0.6576153669247589,0.6328380306844152,0.6598455475652307,0.8022081665119889,0.5908395272151215,0.5465606794879677,0.3837650295135592,0.6216388100415849,0.6943590972008963,0.2678102748585091,0.8264806074243334,0.2595808461789057,0.7342863450995285,0.023237872821930624,0.6249677401540668],[0.1731682877535272,0.654398490592094,0.48433184364418624,0.5955052656865705,0.6697258791682487,0.6287868075872969,0.6256848491814516,0.6381425673031218,0.6473880006481489,0.6984522979822506,0.6602620181945572,1.0,0.5710778591892088,0.5319066033450094,0.6482643761314695,0.03867525179318906,0.6454184982791262,0.5586127656128166,0.7163467016497618,0.6939502342483088,0.5744524468079845,0.6777852697759306,0.39289182247237686,0.7069932494348514,0.6745372014254247,0.44181781356679983,0.6677845776421503,0.34782258293357443,0.6725564783548558,0.09282853062771626,0.7112141112720783],[0.3781443543736922,0.8449319595871253,0.7060820564812896,0.43013497492825176,0.7839004177790291,0.6300169000138318,0.8225322180559616,0.7116281909326526,0.8480503544297666,0.7244551759181864,0.62005656600358,0.5710778591892088,1.0,0.6642942258329699,0.8618843903145067,0.20965119029971493,0.6714859651311922,0.7403677384160225,0.8046944599589504,0.7021879885519123,0.7088939359049189,0.7641912940309703,0.5285767626299498,0.7616351887362564,0.7371885477993807,0.6024785439167032,0.7021727052882394,0.5846587261212451,0.6762803514526596,-0.06307872404969797,0.7935750862036468],[0.08234134594311784,0.7691856942176482,0.805087185345734,0.29130631174839916,0.7692202605137306,0.6693787688851903,0.6980298408752991,0.7312388957884579,0.7795880251976232,0.6654612028720596,0.43846207392460274,0.5319066033450094,0.6642942258329699,1.0,0.7080540909086465,0.15168080195676203,0.4620172840054987,0.6905165851601082,0.8155728202763687,0.6015282343937808,0.6018976480005032,0.7757673183205179,0.35918650328383356,0.6963595406688694,0.5492742570176409,0.8743433420320321,0.6034951410928325,0.7059774316781,0.6293510462663927,-0.09084972157706499,0.6884819141002195],[0.330615282769139,0.8600618915802951,0.7062600247936521,0.4598857479217966,0.8897388779711876,0.7867422368425887,0.8651572169252241,0.7907800638668435,0.8360656660820172,0.7525705386641949,0.5915930210846169,0.6482643761314695,0.8618843903145067,0.7080540909086465,1.0,0.17332137670142012,0.6428172744609002,0.8389380052440112,0.8606424006958592,0.7545932350264285,0.7155072575004867,0.8398374018843533,0.5987859326346723,0.8052838877051016,0.8080626671355473,0.6406506981478515,0.7349699002096798,0.6094705572696731,0.6916997489175064,0.05783423891208243,0.8288123294725132],[0.753785297205746,0.09111026598055391,0.11666170500990991,0.5610952152569448,0.18183199920573542,0.1559881216835597,0.18593433158074907,0.1282570578592899,0.2765467997603043,0.17340515418820446,0.3027668716773814,0.03867525179318906,0.20965119029971493,0.15168080195676203,0.17332137670142012,1.0,0.12389711563181026,0.11519732032174265,0.30133528212392463,0.1654280394418236,0.14875886395752128,0.1102727209309128,0.21800740159356602,0.38414343011015917,0.09640985404917772,0.09715831032495653,0.18482592791926816,0.16753444701393289,0.3483274504177733,-0.07956057368868828,0.3902303538718788],[0.30053450387668507,0.6764091864801992,0.4691462018653348,0.29265128597806134,0.6694298094994225,0.5123868274395539,0.7265750164752949,0.6478139949802166,0.584609387636878,0.8118507210185794,0.6576153669247589,0.6454184982791262,0.6714859651311922,0.4620172840054987,0.6428172744609002,0.12389711563181026,1.0,0.5801828488901013,0.6657305826128758,0.6990600645991809,0.5081190605264188,0.5282759716486827,0.297021089391164,0.8644851384984815,0.7870497793580883,0.49150763198092323,0.6828321588418862,0.26857386971784036,0.5204657724738632,0.1670254970037143,0.828972235610487],[0.3097810020108334,0.8718976330539779,0.6593709406215744,0.4226516049913301,0.8352416559870904,0.8460991686641272,0.7769627077228026,0.759238416011358,0.7542483890376181,0.8465970136229106,0.6328380306844152,0.5586127656128166,0.7403677384160225,0.6905165851601082,0.8389380052440112,0.11519732032174265,0.5801828488901013,1.0,0.8542513604201164,0.6794196558543234,0.705887415685036,0.8026186500694789,0.5318454702828651,0.7022296854958094,0.7358509603903719,0.5581264275314332,0.7236905595600759,0.6295199078161232,0.7415693326708034,0.0548372285148148,0.7469405050259934],[0.3559104148992816,0.9129675277276139,0.7528078303192732,0.5366170744130743,0.8943592239145333,0.8365454053576753,0.8321025772583834,0.7969617833331593,0.8828177475286713,0.8657675408772671,0.6598455475652307,0.7163467016497618,0.8046944599589504,0.8155728202763687,0.8606424006958592,0.30133528212392463,0.6657305826128758,0.8542513604201164,1.0,0.7455726179064439,0.7277187569180444,0.874375367228468,0.5479584570273492,0.8457907528891843,0.7597696486068207,0.7144087600019935,0.7503576669860451,0.6682759646228998,0.7715071266825894,-0.03139558526897231,0.85894995939997],[0.2754161794507341,0.7202251815168144,0.6086846841181887,0.5033897641297366,0.7775702022897576,0.5910898203941414,0.7862194102419158,0.7195030765368262,0.6642586610422702,0.7210754939390823,0.8022081665119889,0.6939502342483088,0.7021879885519123,0.6015282343937808,0.7545932350264285,0.1654280394418236,0.6990600645991809,0.6794196558543234,0.7455726179064439,1.0,0.5378721464988826,0.6432125044968146,0.6050812629512035,0.7309014158176866,0.7459014352227646,0.48362565749370334,0.8995052077492205,0.39610231791003375,0.6340894947233283,0.23042945626206043,0.7160456375570425],[0.28176410619994824,0.7454573595461597,0.5987348533877842,0.396383962930259,0.7122363348841049,0.6641640104649944,0.6588266968554339,0.6863357941487961,0.7972473930039881,0.716128244533779,0.5908395272151215,0.5744524468079845,0.7088939359049189,0.6018976480005032,0.7155072575004867,0.14875886395752128,0.5081190605264188,0.705887415685036,0.7277187569180444,0.5378721464988826,1.0,0.679568098331512,0.403923775005319,0.6008775552295522,0.6374601540826378,0.514988138393356,0.6740405911267477,0.4820498988250504,0.712805918819872,-0.29858467813672546,0.6675790405910946],[0.1783891726507607,0.8622145570932218,0.7055776039301559,0.5147242808561047,0.8653270063574677,0.8621677077136719,0.8012960424658476,0.7799788533571573,0.8235155400853281,0.7090436286586577,0.5465606794879677,0.6777852697759306,0.7641912940309703,0.7757673183205179,0.8398374018843533,0.1102727209309128,0.5282759716486827,0.8026186500694789,0.874375367228468,0.6432125044968146,0.679568098331512,1.0,0.5930350258741881,0.7126412313431718,0.6300431087320638,0.6911923049702453,0.6880519977251885,0.7598870428462581,0.7187236170594226,0.03109040168184251,0.7101226812645959],[0.2534614332353911,0.5093857418253204,0.5534971770524916,0.5266356273246497,0.6080040283208022,0.5592624879991304,0.6667281628498553,0.6403607755375422,0.6375683106655937,0.4029677628893133,0.3837650295135592,0.39289182247237686,0.5285767626299498,0.35918650328383356,0.5987859326346723,0.21800740159356602,0.297021089391164,0.5318454702828651,0.5479584570273492,0.6050812629512035,0.403923775005319,0.5930350258741881,1.0,0.44320200887009054,0.5224054359759694,0.2771240160129874,0.604648662543474,0.4835124263630701,0.5059773212271268,0.2936797662002381,0.4838975422485284],[0.4028092885244098,0.7701540236331545,0.6958419258086816,0.49891293720833424,0.7974354262438144,0.6714992129407878,0.820665188612925,0.7791767384594945,0.8012008551056952,0.8378422288149887,0.6216388100415849,0.7069932494348514,0.7616351887362564,0.6963595406688694,0.8052838877051016,0.38414343011015917,0.8644851384984815,0.7022296854958094,0.8457907528891843,0.7309014158176866,0.6008775552295522,0.7126412313431718,0.44320200887009054,1.0,0.775090487692864,0.714940585701229,0.7061983326876904,0.5350302753783065,0.677737832256949,0.1168862226530816,0.9764886559264945],[0.286975540461493,0.7444636179613725,0.6232800653409855,0.4452617892868676,0.7839014589953353,0.602379538076605,0.8378042254726527,0.789973565257306,0.7059586984912889,0.8304168763016558,0.6943590972008963,0.6745372014254247,0.7371885477993807,0.5492742570176409,0.8080626671355473,0.09640985404917772,0.7870497793580883,0.7358509603903719,0.7597696486068207,0.7459014352227646,0.6374601540826378,0.6300431087320638,0.5224054359759694,0.775090487692864,1.0,0.47227924296305873,0.7146434413261734,0.3120692607616711,0.67194182147885,0.09212810895106002,0.8085189057762566],[-0.011695117278982318,0.6650797383629573,0.7894366454025334,0.17999563303043453,0.60190926125196,0.5552672040310965,0.6652900381876213,0.6260714603166401,0.7429830181984615,0.5594955459301372,0.2678102748585091,0.44181781356679983,0.6024785439167032,0.8743433420320321,0.6406506981478515,0.09715831032495653,0.49150763198092323,0.5581264275314332,0.7144087600019935,0.48362565749370334,0.514988138393356,0.6911923049702453,0.2771240160129874,0.714940585701229,0.47227924296305873,1.0,0.41862298106635415,0.7341545649636204,0.5136783178980869,-0.013861719191831448,0.6713158807521145],[0.3543373054824737,0.7177399024211292,0.5477544902595984,0.5177347115507154,0.8531361639395574,0.6845440528908137,0.7637967258398201,0.7814510867902013,0.6507824603662465,0.7940137791130769,0.8264806074243334,0.6677845776421503,0.7021727052882394,0.6034951410928325,0.7349699002096798,0.18482592791926816,0.6828321588418862,0.7236905595600759,0.7503576669860451,0.8995052077492205,0.6740405911267477,0.6880519977251885,0.604648662543474,0.7061983326876904,0.7146434413261734,0.41862298106635415,1.0,0.36004777960519796,0.63415511429713,0.1121197836360881,0.7194323706763821],[0.04165063477103789,0.635337778203953,0.6468369981103096,0.2999327873488448,0.5511842949228128,0.6326360300855145,0.5872471605148836,0.5067257264831082,0.7097391161132224,0.41425311226355277,0.2595808461789057,0.34782258293357443,0.5846587261212451,0.7059774316781,0.6094705572696731,0.16753444701393289,0.26857386971784036,0.6295199078161232,0.6682759646228998,0.39610231791003375,0.4820498988250504,0.7598870428462581,0.4835124263630701,0.5350302753783065,0.3120692607616711,0.7341545649636204,0.36004777960519796,1.0,0.5322914626578283,0.0577979304852542,0.5198881600080054],[0.4226469155664481,0.6975139796358479,0.6135166483318538,0.6055514731993156,0.7056450817079236,0.6238699387805792,0.6927853903491156,0.6619875746005895,0.7940011626205312,0.7229876196201,0.7342863450995285,0.6725564783548558,0.6762803514526596,0.6293510462663927,0.6916997489175064,0.3483274504177733,0.5204657724738632,0.7415693326708034,0.7715071266825894,0.6340894947233283,0.712805918819872,0.7187236170594226,0.5059773212271268,0.677737832256949,0.67194182147885,0.5136783178980869,0.63415511429713,0.5322914626578283,1.0,-0.0067592858896574496,0.7313446659993601],[0.003220213143782477,0.004644395627394301,-0.023055538026551806,0.14762534814707787,0.017526026384815326,0.0030102976297175367,0.11056701764073609,0.07243945440924049,-0.03405696353347242,-0.03631267637570187,0.023237872821930624,0.09282853062771626,-0.06307872404969797,-0.09084972157706499,0.05783423891208243,-0.07956057368868828,0.1670254970037143,0.0548372285148148,-0.03139558526897231,0.23042945626206043,-0.29858467813672546,0.03109040168184251,0.2936797662002381,0.1168862226530816,0.09212810895106002,-0.013861719191831448,0.1121197836360881,0.0577979304852542,-0.0067592858896574496,1.0,0.05489245083373323],[0.4173264087727951,0.7915791681456414,0.7354725797863793,0.5036696181889276,0.8283420450681783,0.7210044616706983,0.828644525853924,0.8172078788654358,0.8352498668315301,0.87434015308841,0.6249677401540668,0.7112141112720783,0.7935750862036468,0.6884819141002195,0.8288123294725132,0.3902303538718788,0.828972235610487,0.7469405050259934,0.85894995939997,0.7160456375570425,0.6675790405910946,0.7101226812645959,0.4838975422485284,0.9764886559264945,0.8085189057762566,0.6713158807521145,0.7194323706763821,0.5198881600080054,0.7313446659993601,0.05489245083373323,1.0]],"zmax":1,"zmin":-1,"type":"heatmap"}],                        {"template":{"data":{"histogram2dcontour":[{"type":"histogram2dcontour","colorbar":{"outlinewidth":0,"ticks":""},"colorscale":[[0.0,"#0d0887"],[0.1111111111111111,"#46039f"],[0.2222222222222222,"#7201a8"],[0.3333333333333333,"#9c179e"],[0.4444444444444444,"#bd3786"],[0.5555555555555556,"#d8576b"],[0.6666666666666666,"#ed7953"],[0.7777777777777778,"#fb9f3a"],[0.8888888888888888,"#fdca26"],[1.0,"#f0f921"]]}],"choropleth":[{"type":"choropleth","colorbar":{"outlinewidth":0,"ticks":""}}],"histogram2d":[{"type":"histogram2d","colorbar":{"outlinewidth":0,"ticks":""},"colorscale":[[0.0,"#0d0887"],[0.1111111111111111,"#46039f"],[0.2222222222222222,"#7201a8"],[0.3333333333333333,"#9c179e"],[0.4444444444444444,"#bd3786"],[0.5555555555555556,"#d8576b"],[0.6666666666666666,"#ed7953"],[0.7777777777777778,"#fb9f3a"],[0.8888888888888888,"#fdca26"],[1.0,"#f0f921"]]}],"heatmap":[{"type":"heatmap","colorbar":{"outlinewidth":0,"ticks":""},"colorscale":[[0.0,"#0d0887"],[0.1111111111111111,"#46039f"],[0.2222222222222222,"#7201a8"],[0.3333333333333333,"#9c179e"],[0.4444444444444444,"#bd3786"],[0.5555555555555556,"#d8576b"],[0.6666666666666666,"#ed7953"],[0.7777777777777778,"#fb9f3a"],[0.8888888888888888,"#fdca26"],[1.0,"#f0f921"]]}],"heatmapgl":[{"type":"heatmapgl","colorbar":{"outlinewidth":0,"ticks":""},"colorscale":[[0.0,"#0d0887"],[0.1111111111111111,"#46039f"],[0.2222222222222222,"#7201a8"],[0.3333333333333333,"#9c179e"],[0.4444444444444444,"#bd3786"],[0.5555555555555556,"#d8576b"],[0.6666666666666666,"#ed7953"],[0.7777777777777778,"#fb9f3a"],[0.8888888888888888,"#fdca26"],[1.0,"#f0f921"]]}],"contourcarpet":[{"type":"contourcarpet","colorbar":{"outlinewidth":0,"ticks":""}}],"contour":[{"type":"contour","colorbar":{"outlinewidth":0,"ticks":""},"colorscale":[[0.0,"#0d0887"],[0.1111111111111111,"#46039f"],[0.2222222222222222,"#7201a8"],[0.3333333333333333,"#9c179e"],[0.4444444444444444,"#bd3786"],[0.5555555555555556,"#d8576b"],[0.6666666666666666,"#ed7953"],[0.7777777777777778,"#fb9f3a"],[0.8888888888888888,"#fdca26"],[1.0,"#f0f921"]]}],"surface":[{"type":"surface","colorbar":{"outlinewidth":0,"ticks":""},"colorscale":[[0.0,"#0d0887"],[0.1111111111111111,"#46039f"],[0.2222222222222222,"#7201a8"],[0.3333333333333333,"#9c179e"],[0.4444444444444444,"#bd3786"],[0.5555555555555556,"#d8576b"],[0.6666666666666666,"#ed7953"],[0.7777777777777778,"#fb9f3a"],[0.8888888888888888,"#fdca26"],[1.0,"#f0f921"]]}],"mesh3d":[{"type":"mesh3d","colorbar":{"outlinewidth":0,"ticks":""}}],"scatter":[{"fillpattern":{"fillmode":"overlay","size":10,"solidity":0.2},"type":"scatter"}],"parcoords":[{"type":"parcoords","line":{"colorbar":{"outlinewidth":0,"ticks":""}}}],"scatterpolargl":[{"type":"scatterpolargl","marker":{"colorbar":{"outlinewidth":0,"ticks":""}}}],"bar":[{"error_x":{"color":"#2a3f5f"},"error_y":{"color":"#2a3f5f"},"marker":{"line":{"color":"#E5ECF6","width":0.5},"pattern":{"fillmode":"overlay","size":10,"solidity":0.2}},"type":"bar"}],"scattergeo":[{"type":"scattergeo","marker":{"colorbar":{"outlinewidth":0,"ticks":""}}}],"scatterpolar":[{"type":"scatterpolar","marker":{"colorbar":{"outlinewidth":0,"ticks":""}}}],"histogram":[{"marker":{"pattern":{"fillmode":"overlay","size":10,"solidity":0.2}},"type":"histogram"}],"scattergl":[{"type":"scattergl","marker":{"colorbar":{"outlinewidth":0,"ticks":""}}}],"scatter3d":[{"type":"scatter3d","line":{"colorbar":{"outlinewidth":0,"ticks":""}},"marker":{"colorbar":{"outlinewidth":0,"ticks":""}}}],"scattermapbox":[{"type":"scattermapbox","marker":{"colorbar":{"outlinewidth":0,"ticks":""}}}],"scatterternary":[{"type":"scatterternary","marker":{"colorbar":{"outlinewidth":0,"ticks":""}}}],"scattercarpet":[{"type":"scattercarpet","marker":{"colorbar":{"outlinewidth":0,"ticks":""}}}],"carpet":[{"aaxis":{"endlinecolor":"#2a3f5f","gridcolor":"white","linecolor":"white","minorgridcolor":"white","startlinecolor":"#2a3f5f"},"baxis":{"endlinecolor":"#2a3f5f","gridcolor":"white","linecolor":"white","minorgridcolor":"white","startlinecolor":"#2a3f5f"},"type":"carpet"}],"table":[{"cells":{"fill":{"color":"#EBF0F8"},"line":{"color":"white"}},"header":{"fill":{"color":"#C8D4E3"},"line":{"color":"white"}},"type":"table"}],"barpolar":[{"marker":{"line":{"color":"#E5ECF6","width":0.5},"pattern":{"fillmode":"overlay","size":10,"solidity":0.2}},"type":"barpolar"}],"pie":[{"automargin":true,"type":"pie"}]},"layout":{"autotypenumbers":"strict","colorway":["#636efa","#EF553B","#00cc96","#ab63fa","#FFA15A","#19d3f3","#FF6692","#B6E880","#FF97FF","#FECB52"],"font":{"color":"#2a3f5f"},"hovermode":"closest","hoverlabel":{"align":"left"},"paper_bgcolor":"white","plot_bgcolor":"#E5ECF6","polar":{"bgcolor":"#E5ECF6","angularaxis":{"gridcolor":"white","linecolor":"white","ticks":""},"radialaxis":{"gridcolor":"white","linecolor":"white","ticks":""}},"ternary":{"bgcolor":"#E5ECF6","aaxis":{"gridcolor":"white","linecolor":"white","ticks":""},"baxis":{"gridcolor":"white","linecolor":"white","ticks":""},"caxis":{"gridcolor":"white","linecolor":"white","ticks":""}},"coloraxis":{"colorbar":{"outlinewidth":0,"ticks":""}},"colorscale":{"sequential":[[0.0,"#0d0887"],[0.1111111111111111,"#46039f"],[0.2222222222222222,"#7201a8"],[0.3333333333333333,"#9c179e"],[0.4444444444444444,"#bd3786"],[0.5555555555555556,"#d8576b"],[0.6666666666666666,"#ed7953"],[0.7777777777777778,"#fb9f3a"],[0.8888888888888888,"#fdca26"],[1.0,"#f0f921"]],"sequentialminus":[[0.0,"#0d0887"],[0.1111111111111111,"#46039f"],[0.2222222222222222,"#7201a8"],[0.3333333333333333,"#9c179e"],[0.4444444444444444,"#bd3786"],[0.5555555555555556,"#d8576b"],[0.6666666666666666,"#ed7953"],[0.7777777777777778,"#fb9f3a"],[0.8888888888888888,"#fdca26"],[1.0,"#f0f921"]],"diverging":[[0,"#8e0152"],[0.1,"#c51b7d"],[0.2,"#de77ae"],[0.3,"#f1b6da"],[0.4,"#fde0ef"],[0.5,"#f7f7f7"],[0.6,"#e6f5d0"],[0.7,"#b8e186"],[0.8,"#7fbc41"],[0.9,"#4d9221"],[1,"#276419"]]},"xaxis":{"gridcolor":"white","linecolor":"white","ticks":"","title":{"standoff":15},"zerolinecolor":"white","automargin":true,"zerolinewidth":2},"yaxis":{"gridcolor":"white","linecolor":"white","ticks":"","title":{"standoff":15},"zerolinecolor":"white","automargin":true,"zerolinewidth":2},"scene":{"xaxis":{"backgroundcolor":"#E5ECF6","gridcolor":"white","linecolor":"white","showbackground":true,"ticks":"","zerolinecolor":"white","gridwidth":2},"yaxis":{"backgroundcolor":"#E5ECF6","gridcolor":"white","linecolor":"white","showbackground":true,"ticks":"","zerolinecolor":"white","gridwidth":2},"zaxis":{"backgroundcolor":"#E5ECF6","gridcolor":"white","linecolor":"white","showbackground":true,"ticks":"","zerolinecolor":"white","gridwidth":2}},"shapedefaults":{"line":{"color":"#2a3f5f"}},"annotationdefaults":{"arrowcolor":"#2a3f5f","arrowhead":0,"arrowwidth":1},"geo":{"bgcolor":"white","landcolor":"#E5ECF6","subunitcolor":"white","showland":true,"showlakes":true,"lakecolor":"white"},"title":{"x":0.05},"mapbox":{"style":"light"}}}},                        {"responsive": true}                    )                };                            </script>        </div></div><h5>xrefs</h5><table class="table table-sm table-dark table-hover table-bordered"><thead><tr><th scope="col">#</th><th scope="col">symbol</th><th scope="col">div.com</th><th scope="col">tv</th><th scope="col">DH</th><th scope="col">S</th></tr></thead><tbody><tr><th scope="row">0</th><td>AMR</td><td><a target="_blank" href="https://www.dividend.com/search/?q=AMR">AMR:div</a></td><td><a target="_blank" href="https://www.tradingview.com/chart/?symbol=NYSE%3AAMR">AMR:tv</a></td></tr><tr><th scope="row">1</th><td>APA</td><td><a target="_blank" href="https://www.dividend.com/search/?q=APA">APA:div</a></td><td><a target="_blank" href="https://www.tradingview.com/chart/?symbol=NYSE%3AAPA">APA:tv</a></td></tr><tr><th scope="row">2</th><td>BP</td><td><a target="_blank" href="https://www.dividend.com/search/?q=BP">BP:div</a></td><td><a target="_blank" href="https://www.tradingview.com/chart/?symbol=NYSE%3ABP">BP:tv</a></td></tr><tr><th scope="row">3</th><td>CEIX</td><td><a target="_blank" href="https://www.dividend.com/search/?q=CEIX">CEIX:div</a></td><td><a target="_blank" href="https://www.tradingview.com/chart/?symbol=NYSE%3ACEIX">CEIX:tv</a></td></tr><tr><th scope="row">4</th><td>CHRD</td><td><a target="_blank" href="https://www.dividend.com/search/?q=CHRD">CHRD:div</a></td><td><a target="_blank" href="https://www.tradingview.com/chart/?symbol=NYSE%3ACHRD">CHRD:tv</a></td></tr><tr><th scope="row">5</th><td>CIVI</td><td><a target="_blank" href="https://www.dividend.com/search/?q=CIVI">CIVI:div</a></td><td><a target="_blank" href="https://www.tradingview.com/chart/?symbol=NYSE%3ACIVI">CIVI:tv</a></td></tr><tr><th scope="row">6</th><td>COP</td><td><a target="_blank" href="https://www.dividend.com/search/?q=COP">COP:div</a></td><td><a target="_blank" href="https://www.tradingview.com/chart/?symbol=NYSE%3ACOP">COP:tv</a></td></tr><tr><th scope="row">7</th><td>CTRA</td><td><a target="_blank" href="https://www.dividend.com/search/?q=CTRA">CTRA:div</a></td><td><a target="_blank" href="https://www.tradingview.com/chart/?symbol=NYSE%3ACTRA">CTRA:tv</a></td></tr><tr><th scope="row">8</th><td>CVE</td><td><a target="_blank" href="https://www.dividend.com/search/?q=CVE">CVE:div</a></td><td><a target="_blank" href="https://www.tradingview.com/chart/?symbol=NYSE%3ACVE">CVE:tv</a></td></tr><tr><th scope="row">9</th><td>CVX</td><td><a target="_blank" href="https://www.dividend.com/search/?q=CVX">CVX:div</a></td><td><a target="_blank" href="https://www.tradingview.com/chart/?symbol=NYSE%3ACVX">CVX:tv</a></td></tr><tr><th scope="row">10</th><td>DINO</td><td><a target="_blank" href="https://www.dividend.com/search/?q=DINO">DINO:div</a></td><td><a target="_blank" href="https://www.tradingview.com/chart/?symbol=NYSE%3ADINO">DINO:tv</a></td></tr><tr><th scope="row">11</th><td>DK</td><td><a target="_blank" href="https://www.dividend.com/search/?q=DK">DK:div</a></td><td><a target="_blank" href="https://www.tradingview.com/chart/?symbol=NYSE%3ADK">DK:tv</a></td></tr><tr><th scope="row">12</th><td>EOG</td><td><a target="_blank" href="https://www.dividend.com/search/?q=EOG">EOG:div</a></td><td><a target="_blank" href="https://www.tradingview.com/chart/?symbol=NYSE%3AEOG">EOG:tv</a></td></tr><tr><th scope="row">13</th><td>EQNR</td><td><a target="_blank" href="https://www.dividend.com/search/?q=EQNR">EQNR:div</a></td><td><a target="_blank" href="https://www.tradingview.com/chart/?symbol=NYSE%3AEQNR">EQNR:tv</a></td></tr><tr><th scope="row">14</th><td>FANG</td><td><a target="_blank" href="https://www.dividend.com/search/?q=FANG">FANG:div</a></td><td><a target="_blank" href="https://www.tradingview.com/chart/?symbol=NYSE%3AFANG">FANG:tv</a></td></tr><tr><th scope="row">15</th><td>HCC</td><td><a target="_blank" href="https://www.dividend.com/search/?q=HCC">HCC:div</a></td><td><a target="_blank" href="https://www.tradingview.com/chart/?symbol=NYSE%3AHCC">HCC:tv</a></td></tr><tr><th scope="row">16</th><td>HES</td><td><a target="_blank" href="https://www.dividend.com/search/?q=HES">HES:div</a></td><td><a target="_blank" href="https://www.tradingview.com/chart/?symbol=NYSE%3AHES">HES:tv</a></td></tr><tr><th scope="row">17</th><td>HP</td><td><a target="_blank" href="https://www.dividend.com/search/?q=HP">HP:div</a></td><td><a target="_blank" href="https://www.tradingview.com/chart/?symbol=NYSE%3AHP">HP:tv</a></td></tr><tr><th scope="row">18</th><td>MGY</td><td><a target="_blank" href="https://www.dividend.com/search/?q=MGY">MGY:div</a></td><td><a target="_blank" href="https://www.tradingview.com/chart/?symbol=NYSE%3AMGY">MGY:tv</a></td></tr><tr><th scope="row">19</th><td>MPC</td><td><a target="_blank" href="https://www.dividend.com/search/?q=MPC">MPC:div</a></td><td><a target="_blank" href="https://www.tradingview.com/chart/?symbol=NYSE%3AMPC">MPC:tv</a></td></tr><tr><th scope="row">20</th><td>OXY</td><td><a target="_blank" href="https://www.dividend.com/search/?q=OXY">OXY:div</a></td><td><a target="_blank" href="https://www.tradingview.com/chart/?symbol=NYSE%3AOXY">OXY:tv</a></td></tr><tr><th scope="row">21</th><td>PR</td><td><a target="_blank" href="https://www.dividend.com/search/?q=PR">PR:div</a></td><td><a target="_blank" href="https://www.tradingview.com/chart/?symbol=NYSE%3APR">PR:tv</a></td></tr><tr><th scope="row">22</th><td>PSX</td><td><a target="_blank" href="https://www.dividend.com/search/?q=PSX">PSX:div</a></td><td><a target="_blank" href="https://www.tradingview.com/chart/?symbol=NYSE%3APSX">PSX:tv</a></td></tr><tr><th scope="row">23</th><td>PXD</td><td><a target="_blank" href="https://www.dividend.com/search/?q=PXD">PXD:div</a></td><td><a target="_blank" href="https://www.tradingview.com/chart/?symbol=NYSE%3APXD">PXD:tv</a></td></tr><tr><th scope="row">24</th><td>SLB</td><td><a target="_blank" href="https://www.dividend.com/search/?q=SLB">SLB:div</a></td><td><a target="_blank" href="https://www.tradingview.com/chart/?symbol=NYSE%3ASLB">SLB:tv</a></td></tr><tr><th scope="row">25</th><td>TTE</td><td><a target="_blank" href="https://www.dividend.com/search/?q=TTE">TTE:div</a></td><td><a target="_blank" href="https://www.tradingview.com/chart/?symbol=NYSE%3ATTE">TTE:tv</a></td></tr><tr><th scope="row">26</th><td>VLO</td><td><a target="_blank" href="https://www.dividend.com/search/?q=VLO">VLO:div</a></td><td><a target="_blank" href="https://www.tradingview.com/chart/?symbol=NYSE%3AVLO">VLO:tv</a></td></tr><tr><th scope="row">27</th><td>VTS</td><td><a target="_blank" href="https://www.dividend.com/search/?q=VTS">VTS:div</a></td><td><a target="_blank" href="https://www.tradingview.com/chart/?symbol=NYSE%3AVTS">VTS:tv</a></td></tr><tr><th scope="row">28</th><td>WKC</td><td><a target="_blank" href="https://www.dividend.com/search/?q=WKC">WKC:div</a></td><td><a target="_blank" href="https://www.tradingview.com/chart/?symbol=NYSE%3AWKC">WKC:tv</a></td></tr><tr><th scope="row">29</th><td>WWD</td><td><a target="_blank" href="https://www.dividend.com/search/?q=WWD">WWD:div</a></td><td><a target="_blank" href="https://www.tradingview.com/chart/?symbol=NYSE%3AWWD">WWD:tv</a></td></tr><tr><th scope="row">30</th><td>XOM</td><td><a target="_blank" href="https://www.dividend.com/search/?q=XOM">XOM:div</a></td><td><a target="_blank" href="https://www.tradingview.com/chart/?symbol=NYSE%3AXOM">XOM:tv</a></td></tr></tbody></table></html>