---
layout: default
title: StockSector(energy.ss.html)
---
<h5>fn_build_correlation_mx</h5><div><div>                        <script type="text/javascript">window.PlotlyConfig = {MathJaxConfig: 'local'};</script>
        <script charset="utf-8" src="https://cdn.plot.ly/plotly-2.27.0.min.js"></script>                <div id="ba4117cc-22c7-4d89-95fc-b0e0676923d7" class="plotly-graph-div" style="height:100%; width:100%;"></div>            <script type="text/javascript">                                    window.PLOTLYENV=window.PLOTLYENV || {};                                    if (document.getElementById("ba4117cc-22c7-4d89-95fc-b0e0676923d7")) {                    Plotly.newPlot(                        "ba4117cc-22c7-4d89-95fc-b0e0676923d7",                        [{"colorscale":[[0.0,"rgb(103,0,31)"],[0.1,"rgb(178,24,43)"],[0.2,"rgb(214,96,77)"],[0.3,"rgb(244,165,130)"],[0.4,"rgb(253,219,199)"],[0.5,"rgb(247,247,247)"],[0.6,"rgb(209,229,240)"],[0.7,"rgb(146,197,222)"],[0.8,"rgb(67,147,195)"],[0.9,"rgb(33,102,172)"],[1.0,"rgb(5,48,97)"]],"texttemplate":"%{z:.1f}","x":["AMR","APA","BP","CEIX","CHRD","CIVI","COP","CTRA","CVE","CVX","DINO","DK","EOG","EQNR","FANG","HCC","HES","HP","MGY","MPC","OXY","PR","PSX","PXD","SLB","TTE","VLO","VTS","WKC","WWD","XOM"],"y":["AMR","APA","BP","CEIX","CHRD","CIVI","COP","CTRA","CVE","CVX","DINO","DK","EOG","EQNR","FANG","HCC","HES","HP","MGY","MPC","OXY","PR","PSX","PXD","SLB","TTE","VLO","VTS","WKC","WWD","XOM"],"z":[[1.0,0.24680848834814734,0.017681385575003265,0.6298844282998066,0.29440893543995333,0.2408867155409413,0.33403843427502816,0.1473551370635378,0.2812091429101597,0.33470122241007694,0.5352897664993194,0.17919964986330555,0.3759059702727559,0.08079232577282865,0.3352190310238318,0.7528388652460432,0.3028847274896352,0.3127557885935045,0.36112078983981527,0.2744306899838002,0.2818500513120604,0.1841046300206017,0.25943770320973386,0.4027181970002824,0.284004721487377,-0.01706667669738463,0.35770353282083794,0.041541621486985376,0.42939496095141805,0.004925697769367094,0.4145654468889505],[0.24680848834814734,1.0,0.7394886690856434,0.41268082215246404,0.8886041460294256,0.8234651746847477,0.8220254769370176,0.8301229527151699,0.8532335173029005,0.8322806485875106,0.5642261094171985,0.6581052180512204,0.8447860131694775,0.7689142928840391,0.8634226927070106,0.08938478913730209,0.6770009158456428,0.874315073174508,0.9165084375589589,0.7198824732421892,0.7465190956088501,0.8645824166458097,0.5152997864627389,0.7708967054992141,0.7436205605461539,0.6641708298748572,0.7209753733889299,0.6318127956704426,0.703049523773313,0.002194190627778169,0.791701176772363],[0.017681385575003265,0.7394886690856434,1.0,0.28699193482206575,0.7289541733283389,0.6262425307212626,0.725443148955594,0.7627317666228004,0.8652120056012702,0.6508844075378678,0.3402594447057704,0.48928006091487236,0.7052154440034317,0.8050189338400151,0.7095936455065798,0.11422696932811659,0.47069374415158904,0.6607026125641465,0.7568367106342595,0.604520070054021,0.5978948035395364,0.7107526116229441,0.5569612165635289,0.6953530156288995,0.6186482981220128,0.7889131862656922,0.5489311213494633,0.6353478830577179,0.6179304006705099,-0.022121506516927698,0.7329775913975857],[0.6298844282998066,0.41268082215246404,0.28699193482206575,1.0,0.4809953482761653,0.5031875394148313,0.5495112865105908,0.4518030750847932,0.4923273077337414,0.427626634442758,0.6051320276758987,0.5971879013941297,0.4308018938744293,0.29161491142141654,0.4614106946310888,0.5614743266819658,0.29281094444031724,0.4240914350462784,0.5381441106485111,0.5027460836479064,0.3974234973218256,0.5152152053665401,0.5288898046283811,0.49959532905631515,0.4454555160366798,0.18003726098198614,0.5189412809686583,0.29998212878954705,0.6079968173738063,0.14527917158471962,0.5044814104046317],[0.29440893543995333,0.8886041460294256,0.7289541733283389,0.4809953482761653,1.0,0.8492094163865327,0.8590906841342217,0.8808126976044659,0.8011784337742516,0.8373405921730174,0.6264656780574126,0.6678703283769976,0.7946895687823556,0.776689744794798,0.8903050768847449,0.1895805731614877,0.6715307049227409,0.8350903563717099,0.894987033634223,0.7745763749783555,0.7146792737272265,0.8649578455759875,0.6027621965535707,0.8024006487876064,0.7860477718410696,0.6147777319885397,0.850387363860769,0.5436391760126073,0.7023221575967257,0.014687013729216759,0.8364640875517572],[0.2408867155409413,0.8234651746847477,0.6262425307212626,0.5031875394148313,0.8492094163865327,1.0,0.7690238258195019,0.7569126054050372,0.7211109039121323,0.7876630397477667,0.5079914628796243,0.6285086931100933,0.6324927184090892,0.6706297652109512,0.7863189558060437,0.15803079867412761,0.5121472065002417,0.8445736866414223,0.8364002207247638,0.5872128106574153,0.6633591521304623,0.8619005967880787,0.557422362879743,0.6717345856915825,0.6004232171984575,0.5589428826101128,0.6821036043960343,0.622416830899716,0.6228888384099195,0.0014447902224814057,0.7218930459678621],[0.33403843427502816,0.8220254769370176,0.725443148955594,0.5495112865105908,0.8590906841342217,0.7690238258195019,1.0,0.8039295992344889,0.8319144144192276,0.813886850855556,0.6759792916989996,0.6270169789012632,0.8212819235948017,0.6965129132044217,0.8672505353902911,0.18429097064096348,0.7248324907384676,0.7800067027580344,0.8339678930876101,0.788572790087572,0.6614325307268772,0.7995986759153136,0.6737449040467179,0.8211047762039173,0.8390593035036267,0.6629823311586008,0.768276505371612,0.5914863394876558,0.6986644823751823,0.10435270464290486,0.8296739167105537],[0.1473551370635378,0.8301229527151699,0.7627317666228004,0.4518030750847932,0.8808126976044659,0.7569126054050372,0.8039295992344889,1.0,0.7714867449351122,0.7894923788851839,0.5134122019797672,0.638852583610252,0.7129810261463241,0.7317730988819328,0.7906935121430886,0.1291807237076349,0.6477564448713925,0.7578272732598212,0.7972393813073052,0.7136263229904731,0.6848353605413398,0.780541634689423,0.6389508461766465,0.7785811329600252,0.7853475119083404,0.6284972693382787,0.7787153400352189,0.4978274566556781,0.6616712478843132,0.07152863609444328,0.8165100610962746],[0.2812091429101597,0.8532335173029005,0.8652120056012702,0.4923273077337414,0.8011784337742516,0.7211109039121323,0.8319144144192276,0.7714867449351122,1.0,0.754884967136698,0.5307262683283119,0.6470256525541235,0.847547897481042,0.7780922467685567,0.8369674076706756,0.2759124779959105,0.5828086304763642,0.7563779636449374,0.8831447255077,0.6676817881645941,0.798613327459766,0.8201729875585343,0.6428278736535206,0.8016878019480482,0.70887615522156,0.7419369420625576,0.6547816321930761,0.7105058472318787,0.7976245142898638,-0.03985520025695186,0.8368537763768505],[0.33470122241007694,0.8322806485875106,0.6508844075378678,0.427626634442758,0.8373405921730174,0.7876630397477667,0.813886850855556,0.7894923788851839,0.754884967136698,1.0,0.7421863999793438,0.6983688815866571,0.725671683376473,0.665533797384002,0.7535752563448201,0.1739917891944397,0.8104045520660396,0.8475632040273889,0.8663593794675208,0.7216279749447703,0.7175141551114876,0.7070075807280467,0.40706305903290274,0.8385096845619027,0.8307765766968993,0.5605714330400572,0.795420202177705,0.4179593669847011,0.7255983328573458,-0.040783560217200344,0.8759895886659891],[0.5352897664993194,0.5642261094171985,0.3402594447057704,0.6051320276758987,0.6264656780574126,0.5079914628796243,0.6759792916989996,0.5134122019797672,0.5307262683283119,0.7421863999793438,1.0,0.6580003505693875,0.6271739458476001,0.4423286710286088,0.5911646353224941,0.308843345504093,0.6579155225133804,0.6334020699111337,0.6591774462041662,0.8018578835904511,0.5938274095014773,0.5426538719691517,0.38211079958755234,0.6254026201447914,0.6982757756590983,0.2750735083910093,0.8258389853565683,0.26330908777710993,0.7333089584915594,0.018309449976877716,0.6319049080245984],[0.17919964986330555,0.6581052180512204,0.48928006091487236,0.5971879013941297,0.6678703283769976,0.6285086931100933,0.6270169789012632,0.638852583610252,0.6470256525541235,0.6983688815866571,0.6580003505693875,1.0,0.5762059430261457,0.5348849015535468,0.6468732225612686,0.04272999810626566,0.6457387421809215,0.5567225098784939,0.7152256656471466,0.6890078202389137,0.5743350821685295,0.676122124302489,0.3884375479199903,0.7084683207003899,0.6732729238484655,0.4486711503259388,0.6640844516419393,0.34210488521662896,0.6695483167589847,0.09094678824523232,0.714436773078611],[0.3759059702727559,0.8447860131694775,0.7052154440034317,0.4308018938744293,0.7946895687823556,0.6324927184090892,0.8212819235948017,0.7129810261463241,0.847547897481042,0.725671683376473,0.6271739458476001,0.5762059430261457,1.0,0.6642433569314288,0.8661404273626262,0.20748927467543143,0.6731340960631258,0.7431109244158615,0.8093002703551121,0.7003269535613871,0.7094716028039495,0.7687196626151301,0.5342087487391023,0.7621709447809811,0.7345827724862681,0.6011883747714202,0.7050704951996017,0.5790258474330751,0.6822498734576425,-0.06375828947046507,0.7926211851060698],[0.08079232577282865,0.7689142928840391,0.8050189338400151,0.29161491142141654,0.776689744794798,0.6706297652109512,0.6965129132044217,0.7317730988819328,0.7780922467685567,0.665533797384002,0.4423286710286088,0.5348849015535468,0.6642433569314288,1.0,0.7101676933713228,0.15063569371597274,0.46267131424683766,0.6913579479568307,0.8181223760606962,0.5986659002807392,0.6015898970881612,0.7784499267205892,0.36208984024178376,0.6962070218597242,0.5469877678964981,0.874997047738432,0.6042471262224222,0.6955467625664261,0.632467326058211,-0.09136877776918512,0.6875047083542637],[0.3352190310238318,0.8634226927070106,0.7095936455065798,0.4614106946310888,0.8903050768847449,0.7863189558060437,0.8672505353902911,0.7906935121430886,0.8369674076706756,0.7535752563448201,0.5911646353224941,0.6468732225612686,0.8661404273626262,0.7101676933713228,1.0,0.17647217795334771,0.6423093412532229,0.8388775206479382,0.8604629633012817,0.7531255966481745,0.7167917192018871,0.8375846836763552,0.598432319177532,0.8070560006794203,0.8086976754192342,0.6458244934991935,0.7343977304566174,0.6056276825524186,0.6915525499448216,0.053661841697938424,0.8324443655781921],[0.7528388652460432,0.08938478913730209,0.11422696932811659,0.5614743266819658,0.1895805731614877,0.15803079867412761,0.18429097064096348,0.1291807237076349,0.2759124779959105,0.1739917891944397,0.308843345504093,0.04272999810626566,0.20748927467543143,0.15063569371597274,0.17647217795334771,1.0,0.12521863339512135,0.11739695387835739,0.30511013650194263,0.16511736781996766,0.1488521784145676,0.11429261502505894,0.2225395035619356,0.3838558857049325,0.09490687207568566,0.09354800890986055,0.18747340785273986,0.1653913750712387,0.3532758675941701,-0.0784128792868811,0.3879127172633453],[0.3028847274896352,0.6770009158456428,0.47069374415158904,0.29281094444031724,0.6715307049227409,0.5121472065002417,0.7248324907384676,0.6477564448713925,0.5828086304763642,0.8104045520660396,0.6579155225133804,0.6457387421809215,0.6731340960631258,0.46267131424683766,0.6423093412532229,0.12521863339512135,1.0,0.5787157531696193,0.6655186747288081,0.6929424263616715,0.5069494921096341,0.5280475958103703,0.29545641022544983,0.8637619178282011,0.7822981741267095,0.4941328965500477,0.6798889652084815,0.2638229338748888,0.519466279964709,0.16600828459107622,0.82838237528805],[0.3127557885935045,0.874315073174508,0.6607026125641465,0.4240914350462784,0.8350903563717099,0.8445736866414223,0.7800067027580344,0.7578272732598212,0.7563779636449374,0.8475632040273889,0.6334020699111337,0.5567225098784939,0.7431109244158615,0.6913579479568307,0.8388775206479382,0.11739695387835739,0.5787157531696193,1.0,0.8537590544731478,0.6813105028373962,0.7079444450762212,0.7986735627637757,0.5341905920515508,0.7040871242583069,0.7387446875196503,0.5611621669223951,0.7250269362564629,0.629877115243029,0.7427831745745757,0.048816856039165024,0.7508883639391798],[0.36112078983981527,0.9165084375589589,0.7568367106342595,0.5381441106485111,0.894987033634223,0.8364002207247638,0.8339678930876101,0.7972393813073052,0.8831447255077,0.8663593794675208,0.6591774462041662,0.7152256656471466,0.8093002703551121,0.8181223760606962,0.8604629633012817,0.30511013650194263,0.6655186747288081,0.8537590544731478,1.0,0.7431339872849859,0.7285786241889186,0.8726842185437876,0.5466763950696878,0.8474833745477639,0.7599938440232127,0.7204566273086355,0.74893815799519,0.6614815557464329,0.7707698437000589,-0.03478169428760945,0.8623895818888543],[0.2744306899838002,0.7198824732421892,0.604520070054021,0.5027460836479064,0.7745763749783555,0.5872128106574153,0.788572790087572,0.7136263229904731,0.6676817881645941,0.7216279749447703,0.8018578835904511,0.6890078202389137,0.7003269535613871,0.5986659002807392,0.7531255966481745,0.16511736781996766,0.6929424263616715,0.6813105028373962,0.7431339872849859,1.0,0.5418503363798247,0.6348369603823273,0.6108582007074016,0.7305572578411753,0.7505883378008068,0.48157338443084596,0.9007690423840089,0.41186710456587655,0.6373485054934861,0.2181750414599995,0.7188014726371607],[0.2818500513120604,0.7465190956088501,0.5978948035395364,0.3974234973218256,0.7146792737272265,0.6633591521304623,0.6614325307268772,0.6848353605413398,0.798613327459766,0.7175141551114876,0.5938274095014773,0.5743350821685295,0.7094716028039495,0.6015898970881612,0.7167917192018871,0.1488521784145676,0.5069494921096341,0.7079444450762212,0.7285786241889186,0.5418503363798247,1.0,0.6770736412130383,0.4094069887390233,0.6024471026185134,0.6404596477613521,0.5151284053562826,0.6771004185173142,0.48641530918545134,0.716196631834878,-0.30240304924441297,0.6701830236335509],[0.1841046300206017,0.8645824166458097,0.7107526116229441,0.5152152053665401,0.8649578455759875,0.8619005967880787,0.7995986759153136,0.780541634689423,0.8201729875585343,0.7070075807280467,0.5426538719691517,0.676122124302489,0.7687196626151301,0.7784499267205892,0.8375846836763552,0.11429261502505894,0.5280475958103703,0.7986735627637757,0.8726842185437876,0.6348369603823273,0.6770736412130383,1.0,0.5861196497091877,0.7123721221292724,0.6254666421985268,0.6985748504848545,0.6816367703227384,0.7412401165877586,0.7138784773948327,0.031032638548724876,0.7108992742624539],[0.25943770320973386,0.5152997864627389,0.5569612165635289,0.5288898046283811,0.6027621965535707,0.557422362879743,0.6737449040467179,0.6389508461766465,0.6428278736535206,0.40706305903290274,0.38211079958755234,0.3884375479199903,0.5342087487391023,0.36208984024178376,0.598432319177532,0.2225395035619356,0.29545641022544983,0.5341905920515508,0.5466763950696878,0.6108582007074016,0.4094069887390233,0.5861196497091877,1.0,0.44770845056256625,0.5312927869232265,0.28296963730444796,0.6072535785431786,0.4918238359155617,0.5066236808509658,0.28411775516733884,0.49251961724244975],[0.4027181970002824,0.7708967054992141,0.6953530156288995,0.49959532905631515,0.8024006487876064,0.6717345856915825,0.8211047762039173,0.7785811329600252,0.8016878019480482,0.8385096845619027,0.6254026201447914,0.7084683207003899,0.7621709447809811,0.6962070218597242,0.8070560006794203,0.3838558857049325,0.8637619178282011,0.7040871242583069,0.8474833745477639,0.7305572578411753,0.6024471026185134,0.7123721221292724,0.44770845056256625,1.0,0.7747912896010865,0.7152606246281277,0.7083651893870975,0.5344326966322973,0.6813724466209279,0.11294812301799277,0.9768130726681942],[0.284004721487377,0.7436205605461539,0.6186482981220128,0.4454555160366798,0.7860477718410696,0.6004232171984575,0.8390593035036267,0.7853475119083404,0.70887615522156,0.8307765766968993,0.6982757756590983,0.6732729238484655,0.7345827724862681,0.5469877678964981,0.8086976754192342,0.09490687207568566,0.7822981741267095,0.7387446875196503,0.7599938440232127,0.7505883378008068,0.6404596477613521,0.6254666421985268,0.5312927869232265,0.7747912896010865,1.0,0.4689102368558355,0.7199811753866644,0.3283651198376653,0.6775910757544676,0.08335564583512103,0.8094380304589198],[-0.01706667669738463,0.6641708298748572,0.7889131862656922,0.18003726098198614,0.6147777319885397,0.5589428826101128,0.6629823311586008,0.6284972693382787,0.7419369420625576,0.5605714330400572,0.2750735083910093,0.4486711503259388,0.6011883747714202,0.874997047738432,0.6458244934991935,0.09354800890986055,0.4941328965500477,0.5611621669223951,0.7204566273086355,0.48157338443084596,0.5151284053562826,0.6985748504848545,0.28296963730444796,0.7152606246281277,0.4689102368558355,1.0,0.42188317831198757,0.7224259607406573,0.5203443626119898,-0.012578519067631945,0.6689964200353553],[0.35770353282083794,0.7209753733889299,0.5489311213494633,0.5189412809686583,0.850387363860769,0.6821036043960343,0.768276505371612,0.7787153400352189,0.6547816321930761,0.795420202177705,0.8258389853565683,0.6640844516419393,0.7050704951996017,0.6042471262224222,0.7343977304566174,0.18747340785273986,0.6798889652084815,0.7250269362564629,0.74893815799519,0.9007690423840089,0.6771004185173142,0.6816367703227384,0.6072535785431786,0.7083651893870975,0.7199811753866644,0.42188317831198757,1.0,0.37085980691399506,0.6354767681512501,0.10364245328027338,0.7247746664243869],[0.041541621486985376,0.6318127956704426,0.6353478830577179,0.29998212878954705,0.5436391760126073,0.622416830899716,0.5914863394876558,0.4978274566556781,0.7105058472318787,0.4179593669847011,0.26330908777710993,0.34210488521662896,0.5790258474330751,0.6955467625664261,0.6056276825524186,0.1653913750712387,0.2638229338748888,0.629877115243029,0.6614815557464329,0.41186710456587655,0.48641530918545134,0.7412401165877586,0.4918238359155617,0.5344326966322973,0.3283651198376653,0.7224259607406573,0.37085980691399506,1.0,0.535536279897276,0.04264695405545801,0.5240480306997487],[0.42939496095141805,0.703049523773313,0.6179304006705099,0.6079968173738063,0.7023221575967257,0.6228888384099195,0.6986644823751823,0.6616712478843132,0.7976245142898638,0.7255983328573458,0.7333089584915594,0.6695483167589847,0.6822498734576425,0.632467326058211,0.6915525499448216,0.3532758675941701,0.519466279964709,0.7427831745745757,0.7707698437000589,0.6373485054934861,0.716196631834878,0.7138784773948327,0.5066236808509658,0.6813724466209279,0.6775910757544676,0.5203443626119898,0.6354767681512501,0.535536279897276,1.0,-0.013361659286369044,0.7383231370208315],[0.004925697769367094,0.002194190627778169,-0.022121506516927698,0.14527917158471962,0.014687013729216759,0.0014447902224814057,0.10435270464290486,0.07152863609444328,-0.03985520025695186,-0.040783560217200344,0.018309449976877716,0.09094678824523232,-0.06375828947046507,-0.09136877776918512,0.053661841697938424,-0.0784128792868811,0.16600828459107622,0.048816856039165024,-0.03478169428760945,0.2181750414599995,-0.30240304924441297,0.031032638548724876,0.28411775516733884,0.11294812301799277,0.08335564583512103,-0.012578519067631945,0.10364245328027338,0.04264695405545801,-0.013361659286369044,1.0,0.05029621788112089],[0.4145654468889505,0.791701176772363,0.7329775913975857,0.5044814104046317,0.8364640875517572,0.7218930459678621,0.8296739167105537,0.8165100610962746,0.8368537763768505,0.8759895886659891,0.6319049080245984,0.714436773078611,0.7926211851060698,0.6875047083542637,0.8324443655781921,0.3879127172633453,0.82838237528805,0.7508883639391798,0.8623895818888543,0.7188014726371607,0.6701830236335509,0.7108992742624539,0.49251961724244975,0.9768130726681942,0.8094380304589198,0.6689964200353553,0.7247746664243869,0.5240480306997487,0.7383231370208315,0.05029621788112089,1.0]],"zmax":1,"zmin":-1,"type":"heatmap"}],                        {"template":{"data":{"histogram2dcontour":[{"type":"histogram2dcontour","colorbar":{"outlinewidth":0,"ticks":""},"colorscale":[[0.0,"#0d0887"],[0.1111111111111111,"#46039f"],[0.2222222222222222,"#7201a8"],[0.3333333333333333,"#9c179e"],[0.4444444444444444,"#bd3786"],[0.5555555555555556,"#d8576b"],[0.6666666666666666,"#ed7953"],[0.7777777777777778,"#fb9f3a"],[0.8888888888888888,"#fdca26"],[1.0,"#f0f921"]]}],"choropleth":[{"type":"choropleth","colorbar":{"outlinewidth":0,"ticks":""}}],"histogram2d":[{"type":"histogram2d","colorbar":{"outlinewidth":0,"ticks":""},"colorscale":[[0.0,"#0d0887"],[0.1111111111111111,"#46039f"],[0.2222222222222222,"#7201a8"],[0.3333333333333333,"#9c179e"],[0.4444444444444444,"#bd3786"],[0.5555555555555556,"#d8576b"],[0.6666666666666666,"#ed7953"],[0.7777777777777778,"#fb9f3a"],[0.8888888888888888,"#fdca26"],[1.0,"#f0f921"]]}],"heatmap":[{"type":"heatmap","colorbar":{"outlinewidth":0,"ticks":""},"colorscale":[[0.0,"#0d0887"],[0.1111111111111111,"#46039f"],[0.2222222222222222,"#7201a8"],[0.3333333333333333,"#9c179e"],[0.4444444444444444,"#bd3786"],[0.5555555555555556,"#d8576b"],[0.6666666666666666,"#ed7953"],[0.7777777777777778,"#fb9f3a"],[0.8888888888888888,"#fdca26"],[1.0,"#f0f921"]]}],"heatmapgl":[{"type":"heatmapgl","colorbar":{"outlinewidth":0,"ticks":""},"colorscale":[[0.0,"#0d0887"],[0.1111111111111111,"#46039f"],[0.2222222222222222,"#7201a8"],[0.3333333333333333,"#9c179e"],[0.4444444444444444,"#bd3786"],[0.5555555555555556,"#d8576b"],[0.6666666666666666,"#ed7953"],[0.7777777777777778,"#fb9f3a"],[0.8888888888888888,"#fdca26"],[1.0,"#f0f921"]]}],"contourcarpet":[{"type":"contourcarpet","colorbar":{"outlinewidth":0,"ticks":""}}],"contour":[{"type":"contour","colorbar":{"outlinewidth":0,"ticks":""},"colorscale":[[0.0,"#0d0887"],[0.1111111111111111,"#46039f"],[0.2222222222222222,"#7201a8"],[0.3333333333333333,"#9c179e"],[0.4444444444444444,"#bd3786"],[0.5555555555555556,"#d8576b"],[0.6666666666666666,"#ed7953"],[0.7777777777777778,"#fb9f3a"],[0.8888888888888888,"#fdca26"],[1.0,"#f0f921"]]}],"surface":[{"type":"surface","colorbar":{"outlinewidth":0,"ticks":""},"colorscale":[[0.0,"#0d0887"],[0.1111111111111111,"#46039f"],[0.2222222222222222,"#7201a8"],[0.3333333333333333,"#9c179e"],[0.4444444444444444,"#bd3786"],[0.5555555555555556,"#d8576b"],[0.6666666666666666,"#ed7953"],[0.7777777777777778,"#fb9f3a"],[0.8888888888888888,"#fdca26"],[1.0,"#f0f921"]]}],"mesh3d":[{"type":"mesh3d","colorbar":{"outlinewidth":0,"ticks":""}}],"scatter":[{"fillpattern":{"fillmode":"overlay","size":10,"solidity":0.2},"type":"scatter"}],"parcoords":[{"type":"parcoords","line":{"colorbar":{"outlinewidth":0,"ticks":""}}}],"scatterpolargl":[{"type":"scatterpolargl","marker":{"colorbar":{"outlinewidth":0,"ticks":""}}}],"bar":[{"error_x":{"color":"#2a3f5f"},"error_y":{"color":"#2a3f5f"},"marker":{"line":{"color":"#E5ECF6","width":0.5},"pattern":{"fillmode":"overlay","size":10,"solidity":0.2}},"type":"bar"}],"scattergeo":[{"type":"scattergeo","marker":{"colorbar":{"outlinewidth":0,"ticks":""}}}],"scatterpolar":[{"type":"scatterpolar","marker":{"colorbar":{"outlinewidth":0,"ticks":""}}}],"histogram":[{"marker":{"pattern":{"fillmode":"overlay","size":10,"solidity":0.2}},"type":"histogram"}],"scattergl":[{"type":"scattergl","marker":{"colorbar":{"outlinewidth":0,"ticks":""}}}],"scatter3d":[{"type":"scatter3d","line":{"colorbar":{"outlinewidth":0,"ticks":""}},"marker":{"colorbar":{"outlinewidth":0,"ticks":""}}}],"scattermapbox":[{"type":"scattermapbox","marker":{"colorbar":{"outlinewidth":0,"ticks":""}}}],"scatterternary":[{"type":"scatterternary","marker":{"colorbar":{"outlinewidth":0,"ticks":""}}}],"scattercarpet":[{"type":"scattercarpet","marker":{"colorbar":{"outlinewidth":0,"ticks":""}}}],"carpet":[{"aaxis":{"endlinecolor":"#2a3f5f","gridcolor":"white","linecolor":"white","minorgridcolor":"white","startlinecolor":"#2a3f5f"},"baxis":{"endlinecolor":"#2a3f5f","gridcolor":"white","linecolor":"white","minorgridcolor":"white","startlinecolor":"#2a3f5f"},"type":"carpet"}],"table":[{"cells":{"fill":{"color":"#EBF0F8"},"line":{"color":"white"}},"header":{"fill":{"color":"#C8D4E3"},"line":{"color":"white"}},"type":"table"}],"barpolar":[{"marker":{"line":{"color":"#E5ECF6","width":0.5},"pattern":{"fillmode":"overlay","size":10,"solidity":0.2}},"type":"barpolar"}],"pie":[{"automargin":true,"type":"pie"}]},"layout":{"autotypenumbers":"strict","colorway":["#636efa","#EF553B","#00cc96","#ab63fa","#FFA15A","#19d3f3","#FF6692","#B6E880","#FF97FF","#FECB52"],"font":{"color":"#2a3f5f"},"hovermode":"closest","hoverlabel":{"align":"left"},"paper_bgcolor":"white","plot_bgcolor":"#E5ECF6","polar":{"bgcolor":"#E5ECF6","angularaxis":{"gridcolor":"white","linecolor":"white","ticks":""},"radialaxis":{"gridcolor":"white","linecolor":"white","ticks":""}},"ternary":{"bgcolor":"#E5ECF6","aaxis":{"gridcolor":"white","linecolor":"white","ticks":""},"baxis":{"gridcolor":"white","linecolor":"white","ticks":""},"caxis":{"gridcolor":"white","linecolor":"white","ticks":""}},"coloraxis":{"colorbar":{"outlinewidth":0,"ticks":""}},"colorscale":{"sequential":[[0.0,"#0d0887"],[0.1111111111111111,"#46039f"],[0.2222222222222222,"#7201a8"],[0.3333333333333333,"#9c179e"],[0.4444444444444444,"#bd3786"],[0.5555555555555556,"#d8576b"],[0.6666666666666666,"#ed7953"],[0.7777777777777778,"#fb9f3a"],[0.8888888888888888,"#fdca26"],[1.0,"#f0f921"]],"sequentialminus":[[0.0,"#0d0887"],[0.1111111111111111,"#46039f"],[0.2222222222222222,"#7201a8"],[0.3333333333333333,"#9c179e"],[0.4444444444444444,"#bd3786"],[0.5555555555555556,"#d8576b"],[0.6666666666666666,"#ed7953"],[0.7777777777777778,"#fb9f3a"],[0.8888888888888888,"#fdca26"],[1.0,"#f0f921"]],"diverging":[[0,"#8e0152"],[0.1,"#c51b7d"],[0.2,"#de77ae"],[0.3,"#f1b6da"],[0.4,"#fde0ef"],[0.5,"#f7f7f7"],[0.6,"#e6f5d0"],[0.7,"#b8e186"],[0.8,"#7fbc41"],[0.9,"#4d9221"],[1,"#276419"]]},"xaxis":{"gridcolor":"white","linecolor":"white","ticks":"","title":{"standoff":15},"zerolinecolor":"white","automargin":true,"zerolinewidth":2},"yaxis":{"gridcolor":"white","linecolor":"white","ticks":"","title":{"standoff":15},"zerolinecolor":"white","automargin":true,"zerolinewidth":2},"scene":{"xaxis":{"backgroundcolor":"#E5ECF6","gridcolor":"white","linecolor":"white","showbackground":true,"ticks":"","zerolinecolor":"white","gridwidth":2},"yaxis":{"backgroundcolor":"#E5ECF6","gridcolor":"white","linecolor":"white","showbackground":true,"ticks":"","zerolinecolor":"white","gridwidth":2},"zaxis":{"backgroundcolor":"#E5ECF6","gridcolor":"white","linecolor":"white","showbackground":true,"ticks":"","zerolinecolor":"white","gridwidth":2}},"shapedefaults":{"line":{"color":"#2a3f5f"}},"annotationdefaults":{"arrowcolor":"#2a3f5f","arrowhead":0,"arrowwidth":1},"geo":{"bgcolor":"white","landcolor":"#E5ECF6","subunitcolor":"white","showland":true,"showlakes":true,"lakecolor":"white"},"title":{"x":0.05},"mapbox":{"style":"light"}}}},                        {"responsive": true}                    )                };                            </script>        </div></div><h5>xrefs</h5><table class="table table-sm table-dark table-hover table-bordered"><thead><tr><th scope="col">#</th><th scope="col">symbol</th><th scope="col">div.com</th><th scope="col">tv</th><th scope="col">DH</th><th scope="col">S</th></tr></thead><tbody><tr><th scope="row">0</th><td>AMR</td><td><a target="_blank" href="https://www.dividend.com/search/?q=AMR">AMR:div</a></td><td><a target="_blank" href="https://www.tradingview.com/chart/?symbol=NYSE%3AAMR">AMR:tv</a></td></tr><tr><th scope="row">1</th><td>APA</td><td><a target="_blank" href="https://www.dividend.com/search/?q=APA">APA:div</a></td><td><a target="_blank" href="https://www.tradingview.com/chart/?symbol=NYSE%3AAPA">APA:tv</a></td></tr><tr><th scope="row">2</th><td>BP</td><td><a target="_blank" href="https://www.dividend.com/search/?q=BP">BP:div</a></td><td><a target="_blank" href="https://www.tradingview.com/chart/?symbol=NYSE%3ABP">BP:tv</a></td></tr><tr><th scope="row">3</th><td>CEIX</td><td><a target="_blank" href="https://www.dividend.com/search/?q=CEIX">CEIX:div</a></td><td><a target="_blank" href="https://www.tradingview.com/chart/?symbol=NYSE%3ACEIX">CEIX:tv</a></td></tr><tr><th scope="row">4</th><td>CHRD</td><td><a target="_blank" href="https://www.dividend.com/search/?q=CHRD">CHRD:div</a></td><td><a target="_blank" href="https://www.tradingview.com/chart/?symbol=NYSE%3ACHRD">CHRD:tv</a></td></tr><tr><th scope="row">5</th><td>CIVI</td><td><a target="_blank" href="https://www.dividend.com/search/?q=CIVI">CIVI:div</a></td><td><a target="_blank" href="https://www.tradingview.com/chart/?symbol=NYSE%3ACIVI">CIVI:tv</a></td></tr><tr><th scope="row">6</th><td>COP</td><td><a target="_blank" href="https://www.dividend.com/search/?q=COP">COP:div</a></td><td><a target="_blank" href="https://www.tradingview.com/chart/?symbol=NYSE%3ACOP">COP:tv</a></td></tr><tr><th scope="row">7</th><td>CTRA</td><td><a target="_blank" href="https://www.dividend.com/search/?q=CTRA">CTRA:div</a></td><td><a target="_blank" href="https://www.tradingview.com/chart/?symbol=NYSE%3ACTRA">CTRA:tv</a></td></tr><tr><th scope="row">8</th><td>CVE</td><td><a target="_blank" href="https://www.dividend.com/search/?q=CVE">CVE:div</a></td><td><a target="_blank" href="https://www.tradingview.com/chart/?symbol=NYSE%3ACVE">CVE:tv</a></td></tr><tr><th scope="row">9</th><td>CVX</td><td><a target="_blank" href="https://www.dividend.com/search/?q=CVX">CVX:div</a></td><td><a target="_blank" href="https://www.tradingview.com/chart/?symbol=NYSE%3ACVX">CVX:tv</a></td></tr><tr><th scope="row">10</th><td>DINO</td><td><a target="_blank" href="https://www.dividend.com/search/?q=DINO">DINO:div</a></td><td><a target="_blank" href="https://www.tradingview.com/chart/?symbol=NYSE%3ADINO">DINO:tv</a></td></tr><tr><th scope="row">11</th><td>DK</td><td><a target="_blank" href="https://www.dividend.com/search/?q=DK">DK:div</a></td><td><a target="_blank" href="https://www.tradingview.com/chart/?symbol=NYSE%3ADK">DK:tv</a></td></tr><tr><th scope="row">12</th><td>EOG</td><td><a target="_blank" href="https://www.dividend.com/search/?q=EOG">EOG:div</a></td><td><a target="_blank" href="https://www.tradingview.com/chart/?symbol=NYSE%3AEOG">EOG:tv</a></td></tr><tr><th scope="row">13</th><td>EQNR</td><td><a target="_blank" href="https://www.dividend.com/search/?q=EQNR">EQNR:div</a></td><td><a target="_blank" href="https://www.tradingview.com/chart/?symbol=NYSE%3AEQNR">EQNR:tv</a></td></tr><tr><th scope="row">14</th><td>FANG</td><td><a target="_blank" href="https://www.dividend.com/search/?q=FANG">FANG:div</a></td><td><a target="_blank" href="https://www.tradingview.com/chart/?symbol=NYSE%3AFANG">FANG:tv</a></td></tr><tr><th scope="row">15</th><td>HCC</td><td><a target="_blank" href="https://www.dividend.com/search/?q=HCC">HCC:div</a></td><td><a target="_blank" href="https://www.tradingview.com/chart/?symbol=NYSE%3AHCC">HCC:tv</a></td></tr><tr><th scope="row">16</th><td>HES</td><td><a target="_blank" href="https://www.dividend.com/search/?q=HES">HES:div</a></td><td><a target="_blank" href="https://www.tradingview.com/chart/?symbol=NYSE%3AHES">HES:tv</a></td></tr><tr><th scope="row">17</th><td>HP</td><td><a target="_blank" href="https://www.dividend.com/search/?q=HP">HP:div</a></td><td><a target="_blank" href="https://www.tradingview.com/chart/?symbol=NYSE%3AHP">HP:tv</a></td></tr><tr><th scope="row">18</th><td>MGY</td><td><a target="_blank" href="https://www.dividend.com/search/?q=MGY">MGY:div</a></td><td><a target="_blank" href="https://www.tradingview.com/chart/?symbol=NYSE%3AMGY">MGY:tv</a></td></tr><tr><th scope="row">19</th><td>MPC</td><td><a target="_blank" href="https://www.dividend.com/search/?q=MPC">MPC:div</a></td><td><a target="_blank" href="https://www.tradingview.com/chart/?symbol=NYSE%3AMPC">MPC:tv</a></td></tr><tr><th scope="row">20</th><td>OXY</td><td><a target="_blank" href="https://www.dividend.com/search/?q=OXY">OXY:div</a></td><td><a target="_blank" href="https://www.tradingview.com/chart/?symbol=NYSE%3AOXY">OXY:tv</a></td></tr><tr><th scope="row">21</th><td>PR</td><td><a target="_blank" href="https://www.dividend.com/search/?q=PR">PR:div</a></td><td><a target="_blank" href="https://www.tradingview.com/chart/?symbol=NYSE%3APR">PR:tv</a></td></tr><tr><th scope="row">22</th><td>PSX</td><td><a target="_blank" href="https://www.dividend.com/search/?q=PSX">PSX:div</a></td><td><a target="_blank" href="https://www.tradingview.com/chart/?symbol=NYSE%3APSX">PSX:tv</a></td></tr><tr><th scope="row">23</th><td>PXD</td><td><a target="_blank" href="https://www.dividend.com/search/?q=PXD">PXD:div</a></td><td><a target="_blank" href="https://www.tradingview.com/chart/?symbol=NYSE%3APXD">PXD:tv</a></td></tr><tr><th scope="row">24</th><td>SLB</td><td><a target="_blank" href="https://www.dividend.com/search/?q=SLB">SLB:div</a></td><td><a target="_blank" href="https://www.tradingview.com/chart/?symbol=NYSE%3ASLB">SLB:tv</a></td></tr><tr><th scope="row">25</th><td>TTE</td><td><a target="_blank" href="https://www.dividend.com/search/?q=TTE">TTE:div</a></td><td><a target="_blank" href="https://www.tradingview.com/chart/?symbol=NYSE%3ATTE">TTE:tv</a></td></tr><tr><th scope="row">26</th><td>VLO</td><td><a target="_blank" href="https://www.dividend.com/search/?q=VLO">VLO:div</a></td><td><a target="_blank" href="https://www.tradingview.com/chart/?symbol=NYSE%3AVLO">VLO:tv</a></td></tr><tr><th scope="row">27</th><td>VTS</td><td><a target="_blank" href="https://www.dividend.com/search/?q=VTS">VTS:div</a></td><td><a target="_blank" href="https://www.tradingview.com/chart/?symbol=NYSE%3AVTS">VTS:tv</a></td></tr><tr><th scope="row">28</th><td>WKC</td><td><a target="_blank" href="https://www.dividend.com/search/?q=WKC">WKC:div</a></td><td><a target="_blank" href="https://www.tradingview.com/chart/?symbol=NYSE%3AWKC">WKC:tv</a></td></tr><tr><th scope="row">29</th><td>WWD</td><td><a target="_blank" href="https://www.dividend.com/search/?q=WWD">WWD:div</a></td><td><a target="_blank" href="https://www.tradingview.com/chart/?symbol=NYSE%3AWWD">WWD:tv</a></td></tr><tr><th scope="row">30</th><td>XOM</td><td><a target="_blank" href="https://www.dividend.com/search/?q=XOM">XOM:div</a></td><td><a target="_blank" href="https://www.tradingview.com/chart/?symbol=NYSE%3AXOM">XOM:tv</a></td></tr></tbody></table>