<!DOCTYPE html><html lang="en"><h5>fn_build_correlation_mx</h5><div><div>                        <script type="text/javascript">window.PlotlyConfig = {MathJaxConfig: 'local'};</script>
        <script charset="utf-8" src="https://cdn.plot.ly/plotly-2.27.0.min.js"></script>                <div id="cfb4f6d9-b960-404a-8b0d-7478a4eae93c" class="plotly-graph-div" style="height:100%; width:100%;"></div>            <script type="text/javascript">                                    window.PLOTLYENV=window.PLOTLYENV || {};                                    if (document.getElementById("cfb4f6d9-b960-404a-8b0d-7478a4eae93c")) {                    Plotly.newPlot(                        "cfb4f6d9-b960-404a-8b0d-7478a4eae93c",                        [{"colorscale":[[0.0,"rgb(103,0,31)"],[0.1,"rgb(178,24,43)"],[0.2,"rgb(214,96,77)"],[0.3,"rgb(244,165,130)"],[0.4,"rgb(253,219,199)"],[0.5,"rgb(247,247,247)"],[0.6,"rgb(209,229,240)"],[0.7,"rgb(146,197,222)"],[0.8,"rgb(67,147,195)"],[0.9,"rgb(33,102,172)"],[1.0,"rgb(5,48,97)"]],"texttemplate":"%{z:.1f}","x":["AFG","AFL","AIG","AIZ","AJG","ALL","AMG","AMP","AON","APAM","APO","ARCC","AXP","BAC","BAP","BEN","BK","BLK","BMA","BPOP","BRO","C","CADE","CB","CBOE","CFG","CIB","CINF","CMA","CME","CNO","COF","DFS","EFX","EQH","EWBC","EXPI","FAF","FCNCA","FHI","FITB","FNF","GAIN","GL","GS","HDB","HIG","HLNE","IBN","ICE","INVH","JEF","JLL","JPM","JXN","KNSL","L","LNC","LOB","LPLA","MCO","MET","MKTX","MMC","MS","MTB","MTG","NDAQ","NTRS","OBDC","OPI","ORI","OZK","PB","PFG","PFLT","PFSI","PGR","PNC","PPBI","PRU","RDN","RGA","RJF","RLI","RNR","SEIC","SF","SLM","SNV","SPGI","STT","SYF","TD","TFC","THG","TROW","TRV","UNM","USB","WD","WFC","WRB","XP","ZION","MAIN"],"y":["AFG","AFL","AIG","AIZ","AJG","ALL","AMG","AMP","AON","APAM","APO","ARCC","AXP","BAC","BAP","BEN","BK","BLK","BMA","BPOP","BRO","C","CADE","CB","CBOE","CFG","CIB","CINF","CMA","CME","CNO","COF","DFS","EFX","EQH","EWBC","EXPI","FAF","FCNCA","FHI","FITB","FNF","GAIN","GL","GS","HDB","HIG","HLNE","IBN","ICE","INVH","JEF","JLL","JPM","JXN","KNSL","L","LNC","LOB","LPLA","MCO","MET","MKTX","MMC","MS","MTB","MTG","NDAQ","NTRS","OBDC","OPI","ORI","OZK","PB","PFG","PFLT","PFSI","PGR","PNC","PPBI","PRU","RDN","RGA","RJF","RLI","RNR","SEIC","SF","SLM","SNV","SPGI","STT","SYF","TD","TFC","THG","TROW","TRV","UNM","USB","WD","WFC","WRB","XP","ZION","MAIN"],"z":[[1.0,0.34488959001747427,0.5696680924703594,0.4649931542907687,0.17410289438634372,0.14917802194473764,0.5252032094700648,0.5789454167601563,0.357262349598444,0.3575526220687174,0.14066622106467025,0.2194033259102896,0.3886994563349026,0.38918208676540555,0.0068562723915309475,0.3481679449392645,0.45869474493616813,0.1659574502279229,0.006147223934438344,0.3824457428079763,0.3768847999658749,0.30586032130132,0.455625155630885,0.33329454829505495,-0.0019708705157921486,0.30759499093219467,0.3474919497789691,0.712958208421312,0.4094400905046479,0.46612491360463776,0.4621391306644504,0.39904261937729435,0.3531001746592333,0.3925583899433212,0.5621395485435688,0.4449209220881071,0.17355311514353508,0.395770671907095,0.28294516615357945,0.3935865849143146,0.40546608889825436,0.05399206799472069,0.048358862157116614,0.5915360480136069,0.43473911920521946,0.21792376801007907,0.5975263423879104,0.28580366914097083,0.27985404937001024,0.47600133354457613,0.6636901692586079,0.3965302814249839,0.2769233539458397,0.337646337536514,0.49639157529669903,0.22887781030808912,0.4512027333618799,0.19462069030324583,0.38256240638986644,0.4101639373040901,0.5087186012685826,0.47933911026386955,0.2669970981381924,0.217713000908961,0.366725935286391,0.34672986487963164,0.562304720259155,0.30517539683238354,0.46595929994652346,0.37219874022455574,0.1553170666030715,0.6394116943723699,0.4812577135908213,0.4542180943672022,0.33038502216247434,0.4624717748860171,0.438696760934147,0.032400879051283575,0.428191974579479,0.4290221751845435,0.5177252924799411,0.42918005362524053,0.24228718906660543,0.5780777189974909,0.3069836964924447,0.3448904233354076,0.5348343189163983,0.46158608469412055,0.4083416550820705,0.337808922489538,0.44943555587293366,0.46547764134046193,0.4102281409040931,0.20092156700812394,0.3880778292007541,0.39091397321521754,0.43019954827856177,0.46433750450778055,0.372170518568728,0.3738369205576495,0.3726537055190968,0.42879215198748993,0.4467256861676626,0.24917439328632274,0.44442638958753267,0.519176389141538],[0.34488959001747427,1.0,0.8559315502057121,0.7958714869357754,0.850983348936733,0.725575951408442,-0.16237380918098487,0.22318105738265337,0.723954304295311,-0.3510940603570896,0.1331233892335186,0.7002738041809532,0.0854460890412204,-0.4327697291993617,-0.39766375469505627,-0.36537140048932154,0.21241817994732537,-0.3699259738669135,0.0031381675767216686,-0.04274050029507262,0.8330923156340027,-0.10813455004032371,-0.2312101460063807,0.8509143985383371,0.635467432258464,-0.33077113941471037,-0.005327492822245297,0.635827094669855,-0.2528666118737944,0.6082394681684163,0.5535562612812767,0.029060322761929637,0.020515908070550964,0.09270350813049569,-0.002408693360310457,-0.20155960769986506,-0.18653548309786558,-0.16692966428135006,0.2890372867485477,-0.10841351817013317,-0.42911783001980025,-0.0035336282809482916,0.03922221574525137,0.7963725347398461,-0.31509114135306004,-0.050630792575371966,0.6228786525348494,-0.07722609613429529,0.1422399381934963,0.1823510591611653,0.2150950042544624,-0.1694701101163503,-0.4773686173123393,0.10940801069293354,0.19888480495020133,0.650201523960416,0.7362544719239769,-0.23143691031466165,-0.2850049938035761,0.4647476317289014,0.3217459983735629,0.2961411484579621,-0.26842220400544387,0.8301497912856057,-0.3574217216645719,-0.2297684097250332,0.016764356447520688,0.1687004216580894,-0.234879813055146,0.3127118431913736,-0.28662072263564514,0.7169590482439372,-0.30732138188469404,-0.22686383673228824,-0.05752062616172781,0.2739910778053729,-0.3813108781364814,0.7496674677602916,-0.24700837463244107,-0.2073556724670423,0.28641705777981163,-0.03909479681147667,0.7826238387991354,0.12156267704231238,0.6314436619982141,0.7539496190303955,-0.12365930894429131,-0.08657852963131468,-0.1000039416601732,-0.41859434000014023,0.2932073530360164,0.02827467281469452,0.06004311770464803,-0.16962494285389498,-0.3522776050057759,0.6259828364642791,-0.2697768497762897,0.691296257791926,0.5649218539228162,-0.3277467450662543,-0.2557270239184862,-0.3681892285784148,0.7132623429317485,-0.3114424136613825,-0.30546933555846323,0.09795170484121941],[0.5696680924703594,0.8559315502057121,1.0,0.7759295852471658,0.656570284249735,0.6318916473866453,0.08044498656929806,0.46001816833768994,0.6948217877571112,-0.07811778534969925,0.1318538902932012,0.5070541575062931,0.24823967521921966,-0.10918160524726142,-0.18033426799718416,-0.08183264721451078,0.3569684300974772,-0.10559624812929792,0.014613045923349527,0.14330768377758438,0.7189587626023809,0.08782561086812785,-0.009813032004140663,0.8259907966814761,0.4136271284378518,-0.07842004851129877,0.0037209954508428977,0.7113775361703144,-0.014918858230613662,0.6568773767002789,0.5586518938993745,0.18358484273032763,0.1087019337444346,0.20641843750263664,0.13492064125064732,0.010865685983910096,-0.07322793591999631,0.08649729606253045,0.3052265728270299,0.13856404061634417,-0.13694641445620545,0.14653406525934268,0.004443676239439723,0.8195247588578626,-0.05010544024998508,0.0020038924770050446,0.7613813200063223,0.056843865035003285,0.15628251693703024,0.3792514282756298,0.4100069179531705,0.046507604310594385,-0.29653789630025457,0.32075760143067017,0.2937569309338791,0.5667694990412248,0.7380029504604264,-0.08575418615679521,-0.04024415782905138,0.4766875939718117,0.47044066896607034,0.46339441293449085,-0.08408069428394414,0.6676878264329172,-0.08435206339818001,0.015441449133383453,0.16284041179136627,0.2795902289476981,0.04878611975205737,0.2672770316133176,-0.08544818709864196,0.8010503599508305,-0.02336476173193523,0.027744062468877596,0.24211565570025137,0.35959373005118334,-0.08798971938032452,0.5963201905850071,0.049585224790517884,0.007840001474699453,0.40221601180893884,0.15298212558271365,0.5573569454324123,0.35411963674275565,0.5057704005800286,0.7034049389067496,0.07485591486084818,0.04839001340746133,-0.0033207378242318024,-0.21515827403177237,0.47102662361993375,0.19975914745747092,0.16198410421134335,0.06334652285133303,-0.11693331553778558,0.5953463155533509,0.022409466409839453,0.7629236600789872,0.5842141008810129,-0.07318691513461043,-0.05802533620050175,-0.09869233940314177,0.6899431978389897,-0.14015251685529462,-0.0475424037112715,0.02344812809406886],[0.4649931542907687,0.7958714869357754,0.7759295852471658,1.0,0.7297611972268733,0.5835517175009309,-0.15337922000014476,0.13351542436030037,0.5627852918186594,-0.354730815994883,-0.03433180479991104,0.47923009494557944,0.057155138713409055,-0.34841986121325486,-0.31721079654929935,-0.35900103264549116,0.026778986888016283,-0.3270522908049401,0.21085072194250334,-0.08796160103385861,0.7746502672085007,-0.063298797225994,-0.23557374782834506,0.79299008204654,0.5075585336751337,-0.3115346034503805,-0.09691499720206095,0.6120703447978438,-0.22399514796549447,0.588074297042606,0.6536270331861724,-0.07286192513896007,-0.023480448175605566,0.15034187733107682,0.08716463956661268,-0.08932453147444369,-0.2451489782178509,0.0031843013230449216,0.293882969457963,-0.17114388369012698,-0.3099532190309197,0.06581279448130596,-0.28333333195759547,0.8257428914154383,-0.29770783923305333,0.06351111299477497,0.6648839393678017,0.09773713406324451,0.3307035513039152,0.14894703376176666,0.1370325024681975,-0.12741637444132328,-0.3866296903858932,0.07931917127831062,0.18014665481183345,0.6797022173475952,0.7779494998346518,-0.20484119418360336,-0.2187033248579351,0.5724121795767478,0.346680959411944,0.21224861076838603,-0.1584952601426806,0.6790324702461441,-0.31302318552346053,-0.17922127404078775,0.046122661526152076,0.2507899522650964,-0.0858442746207223,0.1570037358674361,-0.32057049684064626,0.825076170312289,-0.23820654371616726,-0.17063616924867822,-0.06559673742186685,0.12126435210770432,-0.266982175335141,0.6756558631446196,-0.14787223391799947,-0.10670036590297476,0.09236542328987482,0.03899200352352687,0.6885529871107098,0.16410013127077558,0.7830110307673587,0.7443236733181421,-0.10046353150855986,0.041754419535547385,-0.18142179796813537,-0.3340370053982031,0.2805213301481499,-0.10484590029475419,-0.035105479124578155,-0.04420181223899883,-0.3413037447938797,0.6822107406455374,-0.2370273122402052,0.7813583117811155,0.5236842964250069,-0.309728485740401,-0.2266562054176463,-0.3615881401757258,0.7073881167742974,-0.35257915924034927,-0.28202708096984497,0.1552774004434716],[0.17410289438634372,0.850983348936733,0.656570284249735,0.7297611972268733,1.0,0.8196890606447748,-0.42200694687113705,-0.005190501203602668,0.7353089774872957,-0.6577083439372862,-0.012943439878963509,0.7271327078523081,-0.09416531729434012,-0.564984767602452,-0.5215135296515404,-0.5193006957264206,-0.03878474740704156,-0.5216525438862777,0.18266979998050747,-0.21920295869600342,0.9201291646744426,-0.27303852996921896,-0.3520039173260792,0.8315079056951024,0.5780656541988209,-0.519311227317389,-0.1059868826799903,0.5112053761492317,-0.423325038206998,0.5866152567320799,0.4131302595419514,-0.2821648942817409,-0.12957523446658065,0.10565595322503733,-0.08755363427005432,-0.28615817501266,-0.37374402611060575,-0.3028515862123693,0.2498681140790111,-0.36038313994045856,-0.5480173696591341,-0.11962617251167512,-0.051692621421053866,0.6742575396764439,-0.5403246434834537,-0.1272787492997395,0.5059204267761932,-0.10214727245294951,0.07739422411869296,0.16027754463529398,0.08748771035943327,-0.3945707985437752,-0.49930213507602134,-0.15570950710423906,0.03525974013668996,0.5828750095019485,0.7939079442811928,-0.38360856165559143,-0.5153701322693138,0.3714626145295558,0.27364405750631166,0.016244109060272623,-0.3318409802494627,0.9604373494095475,-0.5491809302207588,-0.4051803189692854,-0.24015422589023652,0.25442486354821703,-0.3337570996694838,0.1350754645378409,-0.4819839556116586,0.6510369623593071,-0.49223919445376024,-0.3746634873921335,-0.2630777384873329,0.1474351471504913,-0.48800424281384797,0.8124725357285327,-0.40300350997644946,-0.30072956847337623,-0.02017819095149113,-0.2595276871734473,0.8357233474802244,-0.07958746812514501,0.6972204611567595,0.6811473768902421,-0.12454520766368803,-0.2198284002025284,-0.2970518305098091,-0.4859843669768022,0.22626787426098105,-0.17133384242819602,-0.1737137112731801,-0.3123883255449939,-0.4948991283008921,0.6775976472356701,-0.370127646518595,0.6518103476728372,0.5482649057810547,-0.48138629793221605,-0.3546228816788729,-0.6018053301609461,0.7493125983135667,-0.3889532973828926,-0.4558216752437881,0.08295037263184483],[0.14917802194473764,0.725575951408442,0.6318916473866453,0.5835517175009309,0.8196890606447748,1.0,-0.3491459853963816,0.1454733224655083,0.8222656007829363,-0.422857473372632,-0.005469065991654437,0.5557536985137908,-0.10205975173583876,-0.44845674389915124,-0.41054329856275285,-0.3543467682468162,0.06861397636171156,-0.22651144464784628,0.004917106185623067,-0.12393010753991555,0.7479599629908114,-0.27563794890770466,-0.2071392938521928,0.7876780826773356,0.544621098414999,-0.3467136908691282,-0.11641131595557895,0.5068774937910394,-0.32491516389248826,0.4356733867695079,0.24964121351661167,-0.17691875833433415,-0.18768221043515895,0.11637452023366392,0.0036546564836615167,-0.22236771944942718,-0.271136365362956,-0.08091540566704028,0.20911267479702336,-0.17126965157858626,-0.4445021018826053,0.10700826916729361,0.013892572580698774,0.5835453691398567,-0.41467373914206285,-0.16324097116415176,0.6077426019894103,-0.09219703350713518,0.10011634536361869,0.2849590410769153,0.11769667530007451,-0.2893123264406802,-0.4063894673215894,-0.036839902294580014,-0.034072842514204185,0.49180664384309936,0.7340775982993791,-0.2257220464761546,-0.39358160966736344,0.18449956321934358,0.30540573289259676,0.23103505759537002,-0.3173825020511976,0.827553983738558,-0.42243541084637015,-0.2136320325841205,-0.21893218033154666,0.17246653503736747,-0.20518205761845404,0.059504950610895314,-0.33659478461294295,0.6195308125799733,-0.38235994460444045,-0.27813232371760754,-0.17691358258799522,0.12859994061843327,-0.35719406273441867,0.7180810282605846,-0.23270811007966455,-0.2013535477513366,0.12336332049013546,-0.20361361400808822,0.6239169818538021,-0.08805857144702302,0.5009983629417895,0.53484548444326,-0.17828123679270094,-0.2611093452537421,-0.22565661580297985,-0.34075061943905144,0.293830462602742,-0.08282144651754429,-0.2059070485363201,-0.262550917942132,-0.3823579923694613,0.7475461606228638,-0.26333823858224825,0.6118410850503799,0.48476027611736094,-0.26952546617168543,-0.2153610332833799,-0.4072933244303542,0.68717752737487,-0.40249998793385344,-0.3338151633685877,-0.05802726773472263],[0.5252032094700648,-0.16237380918098487,0.08044498656929806,-0.15337922000014476,-0.42200694687113705,-0.3491459853963816,1.0,0.7153034135392438,-0.04249453668481539,0.7732154195041737,0.24395279781887566,-0.24123769504309425,0.6302812909406738,0.8091925833790314,0.372236122596452,0.7636492893596152,0.5896467426183813,0.5624617508515283,-0.30845584703428536,0.5061575105708495,-0.22616725503995208,0.6215142659795009,0.6875985736233873,-0.2118066059190749,-0.31009818943451317,0.7063298357950867,0.32390249642521995,0.22968771508645433,0.7630769817508528,0.029987022836856246,0.06373067487367765,0.7229088422326948,0.4318603654592087,0.5495839742197429,0.6250001288049327,0.6606479116087944,0.5780945373214136,0.4732903737421164,0.1102477707787212,0.6780493823261555,0.7596187715003685,0.28209025630281725,0.021859706771085237,0.1311072653775191,0.88296422084959,0.4309402375667383,0.1417797940921397,0.545727274801442,0.21102396275226873,0.4401927435934417,0.6051761912654061,0.7190253284644716,0.653523012399046,0.6478991841550383,0.4952171979927793,-0.2599223188216127,-0.1261829648450015,0.5961822550153212,0.8080208469405675,0.10348908530513458,0.33751169033043354,0.6055711610959977,0.46492161830483386,-0.3433402469494944,0.8443857811071167,0.6763634543173209,0.6902196545677014,0.21077923585719807,0.765235810916043,0.2138901441615769,0.43047483443100715,0.0997883051855048,0.7666103968723889,0.7440931608666288,0.7088289165974259,0.43449442965552276,0.7025766755704599,-0.5067296358033386,0.8003343063936346,0.5249082144746416,0.6765225910276612,0.5899150770651533,-0.2826589045990512,0.5750544289989132,-0.3945723623940113,-0.15368619172956235,0.5930420070562596,0.6923627205566611,0.5397599831225898,0.6984559036072727,0.39754885926563843,0.7049174101908047,0.5934427144053939,0.6673995452051131,0.766282011009029,-0.23089192801940303,0.7035843343172307,-0.07360048813010447,0.08665779967456914,0.7754824981204809,0.5728432093675734,0.8252091147943763,-0.09259716606483233,0.41619927747491203,0.758511803120527,0.3828878434502651],[0.5789454167601563,0.22318105738265337,0.46001816833768994,0.13351542436030037,-0.005190501203602668,0.1454733224655083,0.7153034135392438,1.0,0.3427828943588605,0.6123807410354009,0.5379798371992845,0.09538622932740765,0.6496746629174511,0.5564775751159428,0.3492037396071275,0.5270289752128358,0.7561797316113752,0.5643526700908514,-0.16495577037198358,0.40615454610753304,0.09183917325097299,0.42085059928130125,0.5233745715629422,0.26908352711272204,0.004068798166441071,0.5419514995945801,0.18369527901295732,0.4964452586876037,0.5365608614642097,0.25148188883480366,0.24481059627717097,0.6250489920644329,0.3827960781606331,0.535260574487066,0.5028573351772418,0.43434987679051357,0.36041398291654536,0.3037227736013407,0.2909085238763812,0.61337950623013,0.49869446161049047,0.3707966968736075,0.20307211036426512,0.3796818756122131,0.6460659903030228,0.201187963642478,0.3915597416499703,0.4696594935164285,0.16721993013279615,0.5441911256343859,0.5575076420035998,0.551164459407651,0.368392174119598,0.7147089363317294,0.566195891615705,-0.013215414565520429,0.2201377842659619,0.4575494372785711,0.5808972867490723,0.34097047783609546,0.4732304066621788,0.693611226275629,0.2431773049239874,0.02920394583549553,0.6861211604504183,0.591020337589594,0.6179038111845464,0.09410511545591853,0.6199709333033742,0.3719015245469761,0.30889416074618814,0.35975483840812156,0.5184325067567382,0.5912037427983655,0.6327239711558273,0.43833709374946517,0.5055197454398316,-0.05811656290851363,0.6133659122533391,0.4114518513708663,0.6538266859479523,0.5093754409433083,0.1266856288835168,0.6867437056323026,-0.16217226660414105,0.34243087896842567,0.38719998622869883,0.566029187471644,0.4344006800169888,0.41789946165380704,0.5950084547310436,0.7368046898180072,0.43275907853323414,0.5292449086152521,0.5889494053592094,0.07048597511203361,0.5422782736718847,0.2634681605338652,0.4653244548455456,0.6348060059960531,0.5186788023107339,0.6085893753478012,0.2091959810224064,0.2364639986014774,0.5135710659549368,0.3152276086761824],[0.357262349598444,0.723954304295311,0.6948217877571112,0.5627852918186594,0.7353089774872957,0.8222656007829363,-0.04249453668481539,0.3427828943588605,1.0,-0.2882723752138006,0.23233173553811884,0.7221585156334583,0.2063321369471184,-0.14530556160659538,-0.2894223396797932,-0.08894864848396442,0.3114030962074784,-0.209498796278664,0.05551009729433633,0.1821879292740552,0.762558893187689,0.06858238409314207,0.08727048369207564,0.6688954233771165,0.5146709866453423,-0.06787059407013885,0.0388552541075807,0.5785176450497456,-0.018036232206002797,0.39250444504518095,0.29113667704371526,0.16472472446758382,0.09109764966661367,0.4088649410041948,0.21765550045637388,0.08862165777522434,-0.02008008387885811,0.1695053026635353,0.41196682601914886,-0.03238406059234945,-0.12294216100522622,0.22258781373664593,0.165422829601122,0.6127214616975964,-0.1257431769838467,0.05398402420220112,0.6591622897912198,0.2136958711940004,0.20441551885354314,0.3546171673762916,0.38242284734806514,-0.05301995285411021,-0.16180740496872997,0.16195016056089862,0.25457861990669295,0.4037685573567375,0.7110704589278768,-0.06062893448951156,-0.0528150583826328,0.20371941180615782,0.5101537013867499,0.3535970175296672,-0.16886688317622778,0.7911507852292815,-0.21127517399946993,-0.007518338804689405,0.08093689660282918,0.32190376792738806,0.11777077131346786,0.33676158159542224,-0.1430606252140603,0.6271951146172235,-0.09328866449601239,0.007031132627130464,0.12046078592195873,0.374660360198875,-0.1101674710779787,0.5833722869833007,0.06591589217541823,0.056129720002597895,0.3776456375873933,0.056782567361970876,0.5985389104003288,0.12229486380597483,0.3800043436773331,0.4874679842772285,0.13316078251207417,0.03668187022236164,0.08225516296880848,-0.06965586618336064,0.4240014311099996,0.2246747290361563,0.15496625711764925,-0.0811521283223292,-0.07600186375002416,0.6201537157304204,0.06759473665280563,0.5593932915912158,0.4524040837453834,-0.017372721246969345,-0.07134066176285987,-0.15350502154879245,0.5396735945619842,-0.059715924305758304,-0.0402037636769478,0.21929719765033653],[0.3575526220687174,-0.3510940603570896,-0.07811778534969925,-0.354730815994883,-0.6577083439372862,-0.422857473372632,0.7732154195041737,0.6123807410354009,-0.2882723752138006,1.0,0.29793672844813274,-0.4399484421312464,0.47904650248332825,0.7201035867009438,0.5788858847329963,0.7780005971295204,0.5250548625086244,0.7558694523232062,-0.3355194679372358,0.4266614989967334,-0.5416550694150647,0.41537771457528605,0.5884642736725629,-0.3050279094688166,-0.36243662628715895,0.6553370556100091,0.260914166391255,0.04416029088577888,0.633972073605728,-0.30063913395910735,-0.15018439814231888,0.6079206466292453,0.2300800169620132,0.21851211436236534,0.4042543116660693,0.4245386082895112,0.3822752212485666,0.3795046659313691,-0.02405682904787352,0.7423050521917455,0.6940203805838185,0.1909469319599883,0.2080985998135897,-0.14983659664366433,0.8131317324230715,0.15700131116743044,-0.011693300364141686,0.21051247473447138,0.04735700922320834,0.28431422564734127,0.34708434670428556,0.6048996788159602,0.544577733264114,0.5789258135513471,0.2895716077504178,-0.23758637640984784,-0.4384334314973909,0.5769538917201774,0.7489662635871284,-0.03352189458755334,0.11848000636804973,0.4280147939578928,0.3472931122530583,-0.5964810183781123,0.8514359687664094,0.6030541722502457,0.524913508660206,-0.2092576377947298,0.5325407536351202,0.11072242468119677,0.4667018137584228,-0.11753115952622106,0.6753417405509373,0.6256951017789785,0.4819994560735736,0.30021377597379784,0.6474164567818924,-0.5559256309688752,0.6516720682589481,0.5093979475263036,0.480642397343941,0.5157163371485524,-0.4593433731008656,0.4726786504415346,-0.5641201932408945,-0.19134338849835594,0.3077642213219965,0.42776205835685766,0.40348659241184776,0.6023462793690518,0.21137000466184155,0.5849468834346667,0.3334543286352978,0.4026947949786078,0.6529474795284321,-0.2709556286169285,0.5575597296077555,-0.23800580650486283,-0.14864021511502,0.7281763755584679,0.5858246109442443,0.832049905785645,-0.34919596469875847,0.3263655260391472,0.6620928531634276,0.2188512208253122],[0.14066622106467025,0.1331233892335186,0.1318538902932012,-0.03433180479991104,-0.012943439878963509,-0.005469065991654437,0.24395279781887566,0.5379798371992845,0.23233173553811884,0.29793672844813274,1.0,0.19074679397261238,0.39442378249766447,0.21461374254077176,0.3417626354893881,0.24767019632686835,0.34896191239729746,0.30901356737309976,-0.04985761109628118,0.10115532033907905,-0.10242576273440517,0.17832252794788087,0.11262858962978789,0.1408809888095249,0.13346325808354434,0.22194431029998452,0.14230831737931107,-0.03956509180774338,0.09268229644906911,-0.09554823165796925,-0.06276473635593614,0.3555378792163054,0.24878182030410886,0.2583544132170594,0.040259258086205986,0.014017704863262379,0.06857790647847917,-0.06845630282781161,0.10701456575237893,0.22478824166312575,0.1980222624945908,0.005026504295568199,0.3823425632988749,0.12965073279714942,0.24421609789661955,-0.14628885768309,0.008410102469530353,0.27115904369259425,-0.08751126365240318,0.04642391777989584,0.06546844891537112,0.18255475996845963,0.05926758999064457,0.3382456224130728,0.2765476805911198,-0.11158873995239947,-0.08198698246431442,0.15804657245087386,0.35561473546197514,0.12194778849327127,0.14603795586994328,0.22635023150467914,0.1547779267129803,-0.06531642178883862,0.2263430499979444,0.17776930965946086,0.12137788002454485,-0.11031214864598188,0.31978631149640896,0.3995468223651986,0.23414819862985728,-0.03016617287931687,0.03596307905936515,0.2131711887676021,0.22883045650164044,0.23948652739642834,0.12150634246733605,0.06725523799592228,0.20147911642958458,0.09736882946859875,0.15756574532710502,0.051027721871031405,0.1188072078803807,0.3958633174195574,-0.30903638493397295,0.42608925834588063,-0.11515853816625025,0.20774402510269024,0.15266553093373045,0.07354744747424455,0.21987200307016586,0.33295542700970354,0.22717778300935,0.14587738458519117,0.18299575812453908,-0.04664909827010785,0.22535308219319616,0.051692125857839964,0.004582629855640669,0.26422964049031217,0.11852204432822974,0.20157942608916352,-0.12147506375491143,0.2097434397765028,0.07508565174118098,0.23883584369193672],[0.2194033259102896,0.7002738041809532,0.5070541575062931,0.47923009494557944,0.7271327078523081,0.5557536985137908,-0.24123769504309425,0.09538622932740765,0.7221585156334583,-0.4399484421312464,0.19074679397261238,1.0,0.10363149420952374,-0.21330877930073494,-0.4052565631727784,-0.23821996700098572,0.28135119305894346,-0.4333025533274124,0.19530452246588556,0.26293654342255246,0.7133094319546671,0.12819136917990076,0.05150760111735424,0.5287779892217302,0.4051785198674367,-0.1388375223271841,0.2645477065837533,0.5447355515086774,-0.0073900075788657415,0.35057603545309146,0.38276903393735356,0.057965319738829416,0.12449699411301915,0.2688635891071634,0.06270151134875551,0.06639706677965593,-0.02344282270267906,-0.03320250865109849,0.5505108159506156,-0.11922203000487712,-0.17702514317078635,0.07401911523312346,0.3904585813513031,0.3757551692061451,-0.24272117049260114,0.07944878296196992,0.3235714909971142,0.1851921820055946,0.1271695746928698,0.13120105103121102,0.241373856976889,0.009910798056693763,-0.20058400437960128,-0.11616448821515987,0.21116912877319813,0.3915906520849926,0.520302091377578,-0.16491334517942827,-0.14776756104807073,0.27199479891463524,0.34473124782425396,0.0952235720649479,-0.2378336563850664,0.7424299991895161,-0.30653645156758136,-0.06102417118112234,0.11426926367062436,0.2559771043435613,-0.14773983891682227,0.5213781814876898,-0.08921729625092667,0.3955129890564901,-0.1272400308322606,0.0070334770003796995,-0.01237377977826339,0.35530400682380536,-0.204088589893019,0.508562664339383,-0.11831599520971457,0.10586782315667483,0.22845553000800148,0.10398324305833347,0.6483874902673772,0.06620530063789243,0.5085356249551427,0.39648092793291506,0.11044550030936941,0.13130586588217236,0.13850421004500987,-0.10491600720776567,0.23209076568675321,0.18187242156842218,0.16232108470314896,-0.1867960292003054,-0.06660385002385774,0.36411080283679226,-0.06256750233091204,0.38833404126744,0.39898489559916994,-0.15303762172467456,0.0007656262049532363,-0.2782943258589234,0.3766356299872406,-0.057270657654930064,-0.04446594596720373,0.3446327939600201],[0.3886994563349026,0.0854460890412204,0.24823967521921966,0.057155138713409055,-0.09416531729434012,-0.10205975173583876,0.6302812909406738,0.6496746629174511,0.2063321369471184,0.47904650248332825,0.39442378249766447,0.10363149420952374,1.0,0.5999805875377132,0.5728441636098368,0.6447461918135254,0.7467323892718918,0.5580396993848119,-0.12650550825373033,0.6220558837511287,-0.05860098965687839,0.5155879703798419,0.5985508117325586,0.12545735439241115,0.17759282522841904,0.6289456935735407,0.27206371684459474,0.2614251205453246,0.6336304116734321,0.21221647964040086,0.24536105774336409,0.7429952084823156,0.4133913650345067,0.6045295190797743,0.47565171946891727,0.5121558001755069,0.33635565014333835,0.4439445265439222,0.5268520611708252,0.4107501898880202,0.6428948106895286,0.3644460140813131,0.29915170144659753,0.26645606559997226,0.5919585023815584,0.21578723570108235,0.2319245700789763,0.3544619373582046,0.17272109745932362,0.45132597231538346,0.536846648462974,0.6169215252536251,0.4633886149314921,0.7420708739288132,0.5834709625223804,-0.06463788298126905,0.16386290559666897,0.6100865329904035,0.6960190658509701,0.031004048717051622,0.529551788153658,0.47101215264710994,0.06165878436069549,-0.10218381582810324,0.6173921094296211,0.6273354052276062,0.555198367254209,0.26864754025474363,0.6972607068004828,0.2826686641683298,0.3318265775533583,0.3233552251415898,0.5769063769717278,0.6867267420657232,0.5244121137008878,0.21267645246077296,0.4526874336259045,-0.18451821433523674,0.7103689423020241,0.4600258000296473,0.5173151731468187,0.5855235371927702,0.08786677197496193,0.42229072918830174,-0.2506146086820599,0.1509199887944431,0.570679834151428,0.5303319972281217,0.4771670014346651,0.47675803877494466,0.6054318782066419,0.7655380401307776,0.6072337830887057,0.5169107839687096,0.6094150748070095,-0.14709837849301646,0.778894332449227,0.22712726256634747,0.1420855325190082,0.6533374617588095,0.4812887168404328,0.5968871048233493,0.07332755129890633,0.41533827342874285,0.5987794414707349,0.44181390512824953],[0.38918208676540555,-0.4327697291993617,-0.10918160524726142,-0.34841986121325486,-0.564984767602452,-0.44845674389915124,0.8091925833790314,0.5564775751159428,-0.14530556160659538,0.7201035867009438,0.21461374254077176,-0.21330877930073494,0.5999805875377132,1.0,0.5386450773776944,0.7919397604803029,0.6322498910587612,0.6858749457574629,-0.07682860155226495,0.7081013396525899,-0.41481333130708553,0.6841032123083854,0.813298088347708,-0.36593618363736613,-0.4660423737790636,0.8976846789408685,0.39341276444602613,0.12415858825158671,0.8722386209024501,-0.13843977036145072,-0.07635217768506637,0.7176437971166874,0.44340632773532135,0.6000817641668219,0.5461764484211369,0.799512589614386,0.5875010380900301,0.6136663542327101,0.2587291771566345,0.5548518294488446,0.9374944886118942,0.3377532192825039,0.27828605091887837,-0.18347147723213764,0.8590420953011981,0.4137042745676069,0.01350369611868583,0.5829516218110871,0.1404363947515407,0.4209382090033537,0.5761790551958876,0.8099308224976531,0.8254780838595006,0.4952014373606936,0.31340343606589094,-0.34980752950510274,-0.2568463142342634,0.6300659059941085,0.8726357893632729,-0.1661137569763582,0.4101105527125336,0.4609334395627427,0.49784837026305023,-0.47494148374700484,0.8524043045894371,0.8364123106089133,0.5712154958544995,0.28792562232568686,0.8557483313021613,0.11875034687553507,0.5800649500923132,-0.07176713107009502,0.863397311385663,0.8716489998167198,0.7398667864269004,0.35164909508390463,0.7829946582760656,-0.7285602396108335,0.865060685200489,0.7253059353420481,0.5563869928591839,0.6491074310382895,-0.5290432920749358,0.38409597116813704,-0.5262114406384855,-0.3739952742331251,0.5811247071488684,0.6143758676674774,0.5787587181868437,0.856809392822521,0.41841139467336047,0.7314705672909723,0.5319604363839828,0.6878292550142949,0.8991248172037074,-0.3895796949935766,0.8133617802027233,-0.17074117089284202,-0.1802302129964963,0.9160988308163891,0.7365257061650105,0.8626562768586732,-0.28477164064967714,0.5749214290772792,0.8970737932416541,0.29737929978525174],[0.0068562723915309475,-0.39766375469505627,-0.18033426799718416,-0.31721079654929935,-0.5215135296515404,-0.41054329856275285,0.372236122596452,0.3492037396071275,-0.2894223396797932,0.5788858847329963,0.3417626354893881,-0.4052565631727784,0.5728441636098368,0.5386450773776944,1.0,0.5064896365485348,0.4051486440363006,0.6401617951091887,-0.07097146553640123,0.3366811045255351,-0.6097924157775655,0.20317767558102445,0.3756635281685469,-0.28812256814998094,-0.10650305397277879,0.608887439010142,-0.017835579357723643,-0.2734271121875238,0.3837358146202779,-0.21587926815189754,-0.2027353455387207,0.5020239681439974,0.1693611193391869,0.2509857717429864,0.036729472880099236,0.25278814389358073,0.0764757628538959,0.24169166439185044,0.05331759386899768,0.20670626022414346,0.5563501913717138,0.30942503053918796,0.3005542552527789,-0.21093162655450695,0.47753316631874276,0.017975577833524308,-0.07402382067620293,0.08702865865076398,0.058140457854690936,0.255436927500397,0.11017196386964213,0.40618804773911166,0.477435975284349,0.6093191801496577,0.09179465461961252,-0.1070932918652398,-0.31707280906426355,0.5119474968502483,0.6465363592286246,-0.18739533157080296,0.2285754805118713,0.15926481522273866,0.1259119732195755,-0.5574345778865977,0.6105540713278732,0.4205823048755101,0.21916640149560973,-0.10504045226848015,0.4895475658515466,0.03427669120831448,0.3108354237701232,-0.14856700094339942,0.4072331797565793,0.41950187121292415,0.2569027902701584,-0.10252869115562072,0.3299067293360331,-0.45250281104272844,0.47443705014293464,0.4035523691985725,0.017887676783536612,0.35440494013709495,-0.36388491092972125,0.17568626168674353,-0.5035848457510812,-0.06529606481000366,0.2117535045021512,0.22386209167334375,0.26736381505131995,0.3492546759607872,0.29927017346709905,0.3312327938164235,0.19754855444181324,0.41579898716043967,0.4197925109474973,-0.42767524360128145,0.5209117497416474,-0.15028753210393767,-0.3049697856720726,0.5624381973750445,0.3452356711589101,0.4796063274959766,-0.3331209843354552,0.4103462309500466,0.37429326102821625,0.12261406647846929],[0.3481679449392645,-0.36537140048932154,-0.08183264721451078,-0.35900103264549116,-0.5193006957264206,-0.3543467682468162,0.7636492893596152,0.5270289752128358,-0.08894864848396442,0.7780005971295204,0.24767019632686835,-0.23821996700098572,0.6447461918135254,0.7919397604803029,0.5064896365485348,1.0,0.5095608300690518,0.6934356276268627,-0.33192920463306275,0.6281519196113956,-0.40288072776000744,0.6184661959770713,0.7697216500447234,-0.2868148841529586,-0.3285687701036748,0.7477497104888847,0.3897080242452293,0.06911169925909882,0.7761026190264677,-0.25966224786108627,-0.11430235753559476,0.6288449559727382,0.294960201378531,0.44456123786896035,0.5249150632549969,0.6269006902940755,0.5553146690107955,0.49584685917293503,0.2621832913158982,0.7162444947607518,0.7928501117378869,0.3024592950480952,0.238703741186303,-0.17054880287692004,0.7899085616112934,0.2242707011088594,0.035724241738618635,0.4471252451687821,0.16435663295798877,0.46215139436469543,0.5468994930173638,0.6739705699765671,0.6703580376135316,0.5109431463058237,0.44751303133629977,-0.35536209456086626,-0.26926573347659494,0.6791094416917802,0.818164268031094,-0.26063268757623853,0.3312834493478327,0.4028275409954244,0.328981279098584,-0.4377560695724484,0.7939968529219908,0.6950483850104416,0.4929062534856689,0.20369670317216032,0.6898494554252177,0.16595892851309602,0.5852251344046235,-0.12128523324121439,0.7598716017064542,0.7732704832860229,0.6230482729110914,0.3957161189261561,0.7391446907964415,-0.5616764315201366,0.8311851516614397,0.6381077656992922,0.46920250973389904,0.5554964373384566,-0.4059273205822276,0.4033319145661135,-0.6055616160451024,-0.3449382630786303,0.5921275689055391,0.5476184232685841,0.510241432330557,0.7480678157756748,0.3775891820426379,0.6509633713786843,0.4751299081818214,0.48429180955629847,0.7338221900401553,-0.3578502561412392,0.8324299868886523,-0.07830385063240947,-0.15432398822291335,0.7959968105918694,0.7016668842491741,0.7988679894514942,-0.3050945022992701,0.4152349567152084,0.7969879285557162,0.3184004031757646],[0.45869474493616813,0.21241817994732537,0.3569684300974772,0.026778986888016283,-0.03878474740704156,0.06861397636171156,0.5896467426183813,0.7561797316113752,0.3114030962074784,0.5250548625086244,0.34896191239729746,0.28135119305894346,0.7467323892718918,0.6322498910587612,0.4051486440363006,0.5095608300690518,1.0,0.5698550185700776,-0.139090331920956,0.7369828466780985,0.01738809629365369,0.45286131328243956,0.669487351278498,0.15715178118804068,0.15168103156574206,0.6946725441479525,0.25849128585051645,0.567883950449698,0.6948943231466858,0.19581829627138753,0.17432724668040153,0.8358677028597198,0.46412136666304066,0.5568000978301508,0.5403213062807941,0.5515004748271604,0.3615767053516992,0.42654793549856934,0.5277141693725128,0.4772395425373627,0.6044786021056622,0.3559161147616136,0.4510687329422576,0.26219445264680624,0.6160358127089985,0.3801989831388459,0.285996737306607,0.34607555227826203,0.2520325763684147,0.5295007969800024,0.5823565169136004,0.6874702433818561,0.46107698479403203,0.6603102423805497,0.39862306530493263,0.11248729413278298,0.20357010270622233,0.5437310942472547,0.625804149751549,0.03224119647225201,0.5607576023490337,0.6690230291597642,0.0801847339309886,0.0305496346052778,0.6657564955670908,0.7208096562041179,0.6588470064426943,0.1360437920676727,0.6097710211360637,0.41141033726895404,0.3701451472547163,0.3001500005977857,0.6257787768760983,0.6775424860645631,0.6159445251939828,0.3669819847441937,0.44969391682355075,-0.22460564218014656,0.6203012239576485,0.5467377051689736,0.7751419714278585,0.7230037099203229,0.08144566216843648,0.3575433972940583,-0.19204704084931473,0.08267452963929584,0.4413963554601664,0.4698263587738937,0.6546254496492512,0.520803658387136,0.6179372817765929,0.9154955483263699,0.6153807607755272,0.4365392382737377,0.6657262940093337,-0.10455704105718942,0.6057738844421353,0.15702132066051788,0.2443000915496191,0.71661123218049,0.5782816838611193,0.6738469440430207,0.1298806506859079,0.26750829491586914,0.6462812444135838,0.3551351341592656],[0.1659574502279229,-0.3699259738669135,-0.10559624812929792,-0.3270522908049401,-0.5216525438862777,-0.22651144464784628,0.5624617508515283,0.5643526700908514,-0.209498796278664,0.7558694523232062,0.30901356737309976,-0.4333025533274124,0.5580396993848119,0.6858749457574629,0.6401617951091887,0.6934356276268627,0.5698550185700776,1.0,-0.20891257744774605,0.44860614823065387,-0.523497173028076,0.3095586607518289,0.5466356785725909,-0.14818022271849274,-0.12276109267499385,0.6861950603518385,0.06631639438510377,0.0773668828429401,0.5853016247480946,-0.20738193698257873,-0.19065043775691104,0.5438645366044649,0.12649031646464073,0.3253135667491738,0.3367453766064057,0.3778869137341867,0.35843761505779786,0.41823995080657683,0.12238547503038122,0.5166981648047043,0.6401864590306188,0.24478403401176937,0.21134349364682928,-0.12036950622099925,0.6707635549415281,0.23134393601427541,0.048818258388109756,0.21724533672918384,0.1276452611498923,0.48286926272822933,0.29826276219188014,0.6200824785746079,0.5826825063239158,0.5633844713926505,0.1011043948449996,-0.20978884814194604,-0.1824004791753189,0.6337876985376549,0.6310453216494469,-0.2748634026806111,0.29017520070126146,0.5093168705012849,0.21641704726429414,-0.4979219552610465,0.7431455910156747,0.7279997461318518,0.3240121213175263,0.05244658927730057,0.6501425677807455,-0.03757363893455507,0.4258788884741948,-0.00881888784600648,0.5747654666884465,0.5855090191609971,0.5210132545083452,0.17867736350603944,0.6065920201865582,-0.4503922681610402,0.6562229587679436,0.45025819228066827,0.3998923453782553,0.4212310046213869,-0.4617009634401762,0.19894110580921526,-0.5719551282457703,-0.1384167525260363,0.17395094535316258,0.32636814209114534,0.28673678172677614,0.5408497610730383,0.45031462602733846,0.613438527768278,0.21370812225226674,0.5273970817838928,0.6219703366394769,-0.27237756271024754,0.5998794818923597,-0.006463258560579614,-0.18687349195777747,0.7858642071348149,0.5531735729504607,0.7227995095082193,-0.16077032897443838,0.18744944889848353,0.5814662774898474,0.08933634741913679],[0.006147223934438344,0.0031381675767216686,0.014613045923349527,0.21085072194250334,0.18266979998050747,0.004917106185623067,-0.30845584703428536,-0.16495577037198358,0.05551009729433633,-0.3355194679372358,-0.04985761109628118,0.19530452246588556,-0.12650550825373033,-0.07682860155226495,-0.0709