<!DOCTYPE html><html lang="en"><h5>fn_build_correlation_mx</h5><div><div>                        <script type="text/javascript">window.PlotlyConfig = {MathJaxConfig: 'local'};</script>
        <script charset="utf-8" src="https://cdn.plot.ly/plotly-2.27.0.min.js"></script>                <div id="f9f55479-1930-4911-85e1-85a95bccb72d" class="plotly-graph-div" style="height:100%; width:100%;"></div>            <script type="text/javascript">                                    window.PLOTLYENV=window.PLOTLYENV || {};                                    if (document.getElementById("f9f55479-1930-4911-85e1-85a95bccb72d")) {                    Plotly.newPlot(                        "f9f55479-1930-4911-85e1-85a95bccb72d",                        [{"colorscale":[[0.0,"rgb(103,0,31)"],[0.1,"rgb(178,24,43)"],[0.2,"rgb(214,96,77)"],[0.3,"rgb(244,165,130)"],[0.4,"rgb(253,219,199)"],[0.5,"rgb(247,247,247)"],[0.6,"rgb(209,229,240)"],[0.7,"rgb(146,197,222)"],[0.8,"rgb(67,147,195)"],[0.9,"rgb(33,102,172)"],[1.0,"rgb(5,48,97)"]],"texttemplate":"%{z:.1f}","x":["AFG","AFL","AIG","AIZ","AJG","ALL","AMG","AMP","AON","APAM","APO","ARCC","AXP","BAC","BAP","BEN","BK","BLK","BMA","BPOP","BRO","C","CADE","CB","CBOE","CFG","CIB","CINF","CMA","CME","CNO","COF","DFS","EFX","EQH","EWBC","EXPI","FAF","FCNCA","FHI","FITB","FNF","GAIN","GL","GS","HDB","HIG","HLNE","IBN","ICE","INVH","JEF","JLL","JPM","JXN","KNSL","L","LNC","LOB","LPLA","MCO","MET","MKTX","MMC","MS","MTB","MTG","NDAQ","NTRS","OBDC","OPI","ORI","OZK","PB","PFG","PFLT","PFSI","PGR","PNC","PPBI","PRU","RDN","RGA","RJF","RLI","RNR","SEIC","SF","SLM","SNV","SPGI","STT","SYF","TD","TFC","THG","TROW","TRV","UNM","USB","WD","WFC","WRB","XP","ZION","MAIN"],"y":["AFG","AFL","AIG","AIZ","AJG","ALL","AMG","AMP","AON","APAM","APO","ARCC","AXP","BAC","BAP","BEN","BK","BLK","BMA","BPOP","BRO","C","CADE","CB","CBOE","CFG","CIB","CINF","CMA","CME","CNO","COF","DFS","EFX","EQH","EWBC","EXPI","FAF","FCNCA","FHI","FITB","FNF","GAIN","GL","GS","HDB","HIG","HLNE","IBN","ICE","INVH","JEF","JLL","JPM","JXN","KNSL","L","LNC","LOB","LPLA","MCO","MET","MKTX","MMC","MS","MTB","MTG","NDAQ","NTRS","OBDC","OPI","ORI","OZK","PB","PFG","PFLT","PFSI","PGR","PNC","PPBI","PRU","RDN","RGA","RJF","RLI","RNR","SEIC","SF","SLM","SNV","SPGI","STT","SYF","TD","TFC","THG","TROW","TRV","UNM","USB","WD","WFC","WRB","XP","ZION","MAIN"],"z":[[1.0,0.34807054056063363,0.5702028155219944,0.46822141782740156,0.1754387907711609,0.15281397353576762,0.52597206326956,0.5793902877038638,0.36014608208203924,0.3581449049331078,0.1439062504313131,0.2233485749065467,0.3890888850796995,0.3878278094678431,0.005317294945355887,0.3498572553764524,0.4588808254565761,0.16792805384052278,0.0014990122515873786,0.3821073718872093,0.3780435895459788,0.3069898182834532,0.45567802667586726,0.3367398689003996,0.0014735792473899501,0.307695887980314,0.3455228439213843,0.7145849112989492,0.4101719016193545,0.4630413937073024,0.46360203206682793,0.3982164994354139,0.3525207756938766,0.3936589400753479,0.562365148285602,0.4447618386464872,0.1783866113198086,0.3970561962759589,0.2741085335017359,0.3932445622541067,0.4044066386503991,0.05692825320692035,0.04706986372773325,0.5915952950777965,0.4377886432389767,0.21851187286523305,0.5989416390486263,0.3010711963509227,0.27959290909449847,0.48251642689224516,0.6651128007513397,0.3985478099706063,0.2855209837213402,0.33773237480139573,0.5006153091445809,0.22817680321841646,0.45267546572216305,0.19494344504770458,0.38161995995892534,0.4126403547258849,0.5100201649749445,0.4790247397558476,0.26740339229694965,0.21894960912387149,0.3667408791898813,0.34587053116780586,0.5629909298777194,0.3060188941005605,0.46717793424088655,0.3781433060386267,0.1573353152152149,0.6398272626605827,0.4789691688086376,0.4517303695351946,0.3300875094432117,0.4720303966724345,0.43888464103183283,0.0333645237481792,0.4275763664006707,0.4319207360815682,0.5175958511251524,0.42872076821232363,0.24301936752862258,0.5784651244550153,0.30784505884853347,0.3458891020403234,0.5335194099751241,0.4639902019737212,0.4075669567475096,0.33766516248154055,0.4519818427647857,0.465833786902406,0.40929395823072723,0.20353620855162433,0.3898798249616641,0.39067509954644875,0.4318253189718869,0.46825202072228284,0.37331638170637466,0.37370165459842425,0.38096442230269295,0.42690884345668306,0.44864681606999063,0.24886096742644387,0.4441476392730676,0.5316422645208823],[0.34807054056063363,1.0,0.8570652136954704,0.7955207896290896,0.8508358888245094,0.7250259956101861,-0.16212155852647683,0.22397230220464162,0.7239186821806446,-0.3502805027632192,0.13233566855207193,0.700173348180811,0.08625564399951809,-0.43158345683639865,-0.3967732292727038,-0.3646518607892249,0.21391069180490388,-0.37013141268923827,0.0044697123204075154,-0.04072816646240083,0.8330634287605023,-0.10720173470713085,-0.22960061645261629,0.8508713290561981,0.6348917169433601,-0.32935134282783884,-0.0011993547038456711,0.6364430580661861,-0.2516561671010003,0.6142132011691853,0.5538789527635459,0.03131387965474455,0.02278184429692257,0.09279331917134455,-4.8085225270878745e-05,-0.20014213096610603,-0.18897557381769198,-0.16638310502566145,0.2907749914070245,-0.10776131350167396,-0.4280362216678693,-0.003521928230438604,0.03995946693175541,0.7978987540266959,-0.31638994556422045,-0.051174034065326515,0.6234036413049124,-0.08023920038191441,0.1412320589203327,0.1814761135371472,0.21418000311557497,-0.1689012681556614,-0.4820536834295009,0.11081794100424243,0.19932331319751082,0.6499030999956069,0.73674217821401,-0.22859698206142895,-0.2864682916558224,0.46443551161238944,0.32215294574062536,0.29832310687008745,-0.2672098001066904,0.8293607759901634,-0.3570677270410622,-0.22848020400171942,0.017689706194790645,0.1685879929057155,-0.23305727342313742,0.3125486423411879,-0.2865851737570024,0.7179321838242942,-0.3064626614107085,-0.22577236346958177,-0.05527928126534234,0.2724483280693005,-0.38107712979315234,0.7497257752110356,-0.24557608176551535,-0.20573154576330607,0.28828385499826326,-0.03806145758685248,0.7834543512696232,0.12209325204216812,0.6320571726084094,0.7530785043518385,-0.1189866285667541,-0.08643297895861478,-0.0992388732877416,-0.4170741813148207,0.2922137286380606,0.02881454646763536,0.061882852825449246,-0.17037572380926705,-0.3512620767572851,0.6275246190946708,-0.2687511383519255,0.6911620513813739,0.5654571582356753,-0.32646148842940126,-0.2560473165889075,-0.3657138365516428,0.7133915275267592,-0.3118774259669816,-0.3038439807363854,0.09590523510300027],[0.5702028155219944,0.8570652136954704,1.0,0.7766190166746456,0.6565526969861532,0.6337050728493331,0.08065594781901793,0.46001622692076516,0.6958992598965401,-0.07719107578900392,0.13327475702699765,0.5092311378410767,0.24863147314465645,-0.10943194821604388,-0.18044143778138935,-0.08013144975732815,0.357675579390142,-0.1043007126445272,0.012235675195465433,0.14435133032297418,0.7186596100387497,0.08916441641413173,-0.008736337068896365,0.8273610567501719,0.4150629094020454,-0.07727805161264875,0.005311755181336138,0.7120229386515049,-0.01361448364630632,0.6590465036029669,0.5590513656825951,0.18434443974002762,0.10985094276601991,0.206733957009824,0.13694696065108433,0.011559149342976563,-0.07189378769773863,0.08751446313939171,0.299035146297271,0.13834821282264778,-0.1370783470031874,0.14858559432856575,0.004038815456343276,0.8194733246420092,-0.0493713537825197,0.0017411720523141767,0.7616176454143166,0.06476224019449268,0.1548025121813054,0.38233814906621155,0.40917680927227734,0.048174308135381,-0.2944905840255122,0.3214374319862858,0.2972638977451286,0.5651594538263692,0.7384609146654418,-0.08301101362994541,-0.04249765591841771,0.4773194337203275,0.47083520837217574,0.46420957275739705,-0.08283789531993384,0.6669563111595799,-0.08429297304213179,0.015567853941526271,0.1635075853856529,0.2795375894255364,0.05097804513046455,0.2713271464915694,-0.08392616950687738,0.8007518565799537,-0.0249545705826495,0.02614973911950793,0.24331447709355175,0.36340411696563707,-0.08797634589675458,0.5964453716039652,0.049912434446512305,0.011380840086855512,0.40289600105449597,0.15293485737569587,0.5579954850992038,0.35393904506713075,0.5061985131269277,0.7022948080916995,0.07834562710334622,0.049885555942964115,-0.0037159095084568256,-0.2140011790574525,0.47108362114427627,0.1998394613218164,0.16222028008784706,0.06445443312417973,-0.11483073178026024,0.5955164626020577,0.024179772109761515,0.7646996115160336,0.5846415234567457,-0.07242452408232726,-0.05222326188307665,-0.09843183028621987,0.6903764879520691,-0.1408729923095901,-0.046688024457629276,0.027629056592047403],[0.46822141782740156,0.7955207896290896,0.7766190166746456,1.0,0.7297628682457545,0.5819639291063289,-0.15333331386268415,0.1341226608207129,0.5623476608694888,-0.3544822295706949,-0.0357563467431196,0.4783197468274332,0.05766593249697314,-0.34736597149128656,-0.31645258560093986,-0.3591215666279945,0.027731292773130696,-0.3278546496863652,0.2134706411050316,-0.08664180842116669,0.774861422509428,-0.06306226536732977,-0.2346348105428163,0.7925547147232236,0.506706003945981,-0.31079784600683685,-0.09393169650924625,0.612174116187982,-0.22350116241830809,0.5922984512004222,0.6538310914913994,-0.07123324797324845,-0.021927077876599296,0.15030441302166805,0.08830776771973219,-0.08834131587951936,-0.24821113589129215,0.0032293167188966565,0.29820253740012476,-0.17061097725619367,-0.30899320786401885,0.06499492832951163,-0.28276982187815053,0.8272581986486222,-0.29931065609761465,0.06316471256198866,0.6652054910256016,0.09350149465657086,0.3303782264576484,0.14711708308080582,0.1364373641070504,-0.12763837123535932,-0.3920563217121598,0.08022692597763482,0.17887480963962543,0.6801368567492796,0.7781471110679188,-0.20334443836781585,-0.2192749946766621,0.5720908655983306,0.34686191214093615,0.21379425003089994,-0.1579290046291798,0.6787003569699622,-0.31284139184754756,-0.1781746985025412,0.04665334042946662,0.2507446803297555,-0.08527472589114281,0.15527685451705237,-0.32124448702347996,0.8262020732400822,-0.23687066675192073,-0.16904310248947504,-0.06419140657250003,0.11837171336250593,-0.2668571440751089,0.6757660845837823,-0.14674778170577432,-0.10682368137679003,0.09367517213046331,0.03995332106172517,0.6890700969658357,0.16461673270073246,0.7835120542497968,0.7440736355970573,-0.09781798803966735,0.0413009302522937,-0.18070070395005225,-0.333175942877322,0.2796623592196048,-0.10452468554211257,-0.03363015041672162,-0.045281612897109746,-0.3412690146358291,0.6836673730252415,-0.2369109815381942,0.7803297993761787,0.52397634093492,-0.30897826180484006,-0.22926934082636558,-0.3597188291057262,0.7074019521530435,-0.3527989618555819,-0.2810008710773431,0.15236498466503473],[0.1754387907711609,0.8508358888245094,0.6565526969861532,0.7297628682457545,1.0,0.817668229650908,-0.42196866470397865,-0.004928098364890576,0.7351141688605575,-0.6574332709928615,-0.013529176702068458,0.7267386104650806,-0.09391478743073262,-0.5648066563462951,-0.5212908009962476,-0.5190789091545834,-0.03829023761488604,-0.5219491930930363,0.18388706352232656,-0.21849672702756204,0.9201416436650919,-0.2727519694974913,-0.3514367580428789,0.8313288061939696,0.5781704499642926,-0.5187908006189845,-0.10457872500855375,0.5110372761365195,-0.42288035069353563,0.5881955130747571,0.4131108689887827,-0.2814450644106734,-0.12878681839434494,0.10562909089452531,-0.08676092708075636,-0.2856796388903536,-0.3756603396598679,-0.30273618055447105,0.251767467279701,-0.36017546618369367,-0.547793824750753,-0.11991064963168185,-0.05135529848757254,0.6748304418037189,-0.5412608420680743,-0.12748174617682292,0.5059278252551722,-0.10498740985059635,0.07713720830598689,0.15968297443534119,0.08716405064845081,-0.3944460868053652,-0.503115729337367,-0.1552305103754025,0.034946131371367,0.5828636130564973,0.7937269507516257,-0.3822861916132655,-0.5151211691941654,0.3712622209660035,0.2736803460244342,0.01699129988561366,-0.3314295899872178,0.9602815771661722,-0.5490884160276522,-0.4048117238236838,-0.23986013475281118,0.25437232176542546,-0.3330145112456282,0.13438034622123102,-0.4821605260623877,0.6514161535927183,-0.49218240292868815,-0.37446319107921866,-0.26224281912407715,0.14666284282797099,-0.48793902773019243,0.8124510872859665,-0.4025749657627522,-0.3000841317607484,-0.019539268382603454,-0.25918705885073134,0.8356281552310753,-0.07940256409276192,0.6972653068151269,0.6808776295832656,-0.1228197858038287,-0.21996115842670685,-0.2967834568321578,-0.48545504991255706,0.22587464547865738,-0.17116351481337433,-0.17311147179861702,-0.3129819218445378,-0.49451456912336555,0.6781847261421785,-0.3697877606233349,0.6510998654550181,0.5482727756771858,-0.480963493956014,-0.3554977947987633,-0.6017664645310009,0.7492092731566237,-0.38899863873175683,-0.4552832576445232,0.08181635034753279],[0.15281397353576762,0.7250259956101861,0.6337050728493331,0.5819639291063289,0.817668229650908,1.0,-0.3476461880152157,0.14650079055061344,0.8214713639923126,-0.4199122245184894,-0.005431473901373686,0.5564281945498689,-0.10014791381735118,-0.44576126391646514,-0.40835618484509434,-0.35110429452794883,0.07147533837166035,-0.2250961017470029,0.0046270609867690125,-0.11983651055902221,0.7461556877072564,-0.2723315588554821,-0.20350883138939682,0.7871579203031558,0.5428947911312362,-0.34298444360617103,-0.10927587203329857,0.5081944105857612,-0.32131358139994787,0.4462051789708268,0.25029919276867,-0.1727323872884715,-0.18301972121055612,0.11662544483605446,0.008856544748376846,-0.21925126964164846,-0.27250543327593774,-0.07901305489090948,0.20480165022776803,-0.1700400127383313,-0.44191756237607527,0.10865143430220611,0.01448452423455312,0.5845798138655003,-0.4146888784930736,-0.16377820616570646,0.6078761704705671,-0.08939439579665098,0.09741658517969531,0.28551074608218174,0.115729238454342,-0.2862566512470621,-0.4077368367864877,-0.03390099676335276,-0.028718501250254796,0.4892309366694832,0.7341478490819525,-0.21925658034102297,-0.3965315465330084,0.18423443169262613,0.3059256760039518,0.23461354081774502,-0.3139307313134157,0.8240164265748139,-0.4208367252764725,-0.2111617772255741,-0.2163566734876671,0.1720177234680432,-0.20032107576223762,0.06341807251096536,-0.3344064948328795,0.6195158747564922,-0.38150972779041165,-0.2772732564621568,-0.17203891051351228,0.1267927465552645,-0.3559585889257962,0.7167881602093094,-0.22980646782909225,-0.1957017613285513,0.1265438321586664,-0.2016910005271212,0.6248314690166682,-0.08704152547032815,0.5014191873459585,0.531772983180761,-0.168118932117972,-0.2588697132144619,-0.22441146549400803,-0.3369952566729818,0.2918709199450862,-0.08166493365528663,-0.2028158183995129,-0.26189597374803847,-0.3783713180719098,0.7482368050597527,-0.2597478067043439,0.6128682721315996,0.4852112039564234,-0.26645927535655034,-0.21026127700146788,-0.40236312035233357,0.6864913545651512,-0.4027716461296956,-0.33002489503333915,-0.05835514760823803],[0.52597206326956,-0.16212155852647683,0.08065594781901793,-0.15333331386268415,-0.42196866470397865,-0.3476461880152157,1.0,0.7153415864313705,-0.042238099600254556,0.7731795990790297,0.2443457582162065,-0.2408099176842537,0.6303020332264222,0.8098120556329452,0.37235371178654225,0.7635207645056522,0.5896253180603472,0.5626504699316242,-0.3093440233730501,0.5062185469704537,-0.22611971857055677,0.6214069451155916,0.6875854600317829,-0.21152919068283862,-0.3103969368170295,0.7062856104856907,0.32445156563737537,0.22978863802794927,0.7629171869692466,0.030541195676688778,0.06387275753005803,0.7232155758243194,0.43197220202017456,0.5496342574118098,0.6243978758954102,0.6607484249508524,0.5796002887644233,0.4733283964508263,0.10948457222714122,0.6781229741939778,0.7600322491378722,0.282366089550784,0.021807723178093236,0.1312173527413694,0.8835979576201093,0.43088772006936027,0.1419131727339087,0.5511769662634348,0.21072966234288712,0.4413466688155214,0.6050871306394666,0.7189332676905775,0.6570261209583713,0.6478757273677118,0.49461654447438896,-0.2600308947104342,-0.12589177270297613,0.5955210446391476,0.8064448560377443,0.10365368587675466,0.3375864477611894,0.6055636750238849,0.46492470062030256,-0.3434214307774215,0.8444057161714372,0.6766426769140809,0.6902028191083485,0.21080693461015573,0.7645571712090015,0.2143590989511428,0.4306379583179438,0.09985582018934439,0.7673731225240467,0.7450287984323449,0.7086698940277343,0.43711883633456394,0.7025744486616055,-0.5066161197839851,0.8006278524107838,0.5242955183153589,0.6765503164985026,0.5900579178721316,-0.28226149998097366,0.575081879608852,-0.3943009172726248,-0.1537606138658473,0.5912020260458798,0.6924520570615808,0.539859017557943,0.6984833180594265,0.3977632781281811,0.7049443203127262,0.5937986317640396,0.6678332996236916,0.7660050836892137,-0.23077055966967938,0.7033567275506151,-0.07307812039402309,0.08680566513058297,0.7755505605521259,0.573564435601333,0.8269293787595814,-0.0924135582481726,0.41598512739032495,0.7586278572976003,0.38592775545588176],[0.5793902877038638,0.22397230220464162,0.46001622692076516,0.1341226608207129,-0.004928098364890576,0.14650079055061344,0.7153415864313705,1.0,0.34348804476227723,0.6124521983419939,0.5391061496024071,0.09647491733559889,0.6497135076832996,0.5565508758005422,0.3490711061870539,0.5273086655311398,0.7561199487133268,0.5648671976866099,-0.16642367796313806,0.40619333041680067,0.0920006857345095,0.4210613064660011,0.5233953496575889,0.26996668946383984,0.004823748243422542,0.5419793106374592,0.18379667321010756,0.49661086492055806,0.5366320241169745,0.25146712245405545,0.24510709181655377,0.6251633312847356,0.3828395864334372,0.5354253177072714,0.5026217264031122,0.43437924942965306,0.3621363542352775,0.3039966587813727,0.2887007907241551,0.6132990892137927,0.49867353150234534,0.3716030195504598,0.20283774416149142,0.3797115792677239,0.6469231567740866,0.20116970859888036,0.39179033252886974,0.4767983403577789,0.1667976777637937,0.5464254038228774,0.5574713548757919,0.5514991430996563,0.37177702234160626,0.7146818449795743,0.5663779360470294,-0.013569764327966399,0.22049679645754863,0.45733131927159826,0.5793987929633587,0.3415109978423468,0.47343134072294696,0.6935278865093298,0.2433469407953603,0.029290494597191265,0.6860623441395185,0.5910564310728735,0.6179532009720122,0.09420659228168227,0.6197946432667282,0.3733197523712427,0.30942356792393216,0.35977062265215926,0.5182520733157818,0.5912383757484649,0.6326093773647921,0.442067100423188,0.5054491560506214,-0.05784081154851416,0.6134263730921697,0.4117701458636645,0.6538122122621645,0.5093323379928802,0.12699938436305336,0.6867165680818574,-0.16183472229616225,0.34239814693670534,0.3864448296954123,0.566507712909556,0.4342301179010439,0.41794440143010086,0.5955836128157167,0.7368038891486336,0.4327943478733481,0.5300233967786514,0.589141413891589,0.07052299275173696,0.5424654859882718,0.2644354004026089,0.46552620811574386,0.6348261458678602,0.5209044321098834,0.6094005616111454,0.2096054956836978,0.236145172181344,0.5136047031104843,0.31931569315964026],[0.36014608208203924,0.7239186821806446,0.6958992598965401,0.5623476608694888,0.7351141688605575,0.8214713639923126,-0.042238099600254556,0.34348804476227723,1.0,-0.2874718582537443,0.2317798643895187,0.7221329046528938,0.20706772645936733,-0.14401339901590768,-0.2885707429230571,-0.08829207765423934,0.3127348422434026,-0.2095744528007067,0.05666498087519491,0.18400065462665197,0.76246661816169,0.06941988098439586,0.08871917764878276,0.6688597776195332,0.514073954947016,-0.06657420958203607,0.0426582517139932,0.579089553175494,-0.016953264087673225,0.3981584262990439,0.2914507434060231,0.16681343804497498,0.09316883110050195,0.4089609851014302,0.21955016734131355,0.08994875500549585,-0.02182572327711654,0.16999165621661602,0.4134739446548823,-0.031786344519437945,-0.1217837797137634,0.2226754970497902,0.16609217338775287,0.614034271936563,-0.1267306872941055,0.05349379552786166,0.6595979899230253,0.21365932134570878,0.20340504929776487,0.3542944967900166,0.381566085567759,-0.05244965204443576,-0.16453235689076112,0.16323472009117457,0.25498717003125354,0.40340715712648956,0.7114825671425256,-0.05819474923732926,-0.0545041941357089,0.20338525672247101,0.5104982757958334,0.3555543531818903,-0.1677230960620095,0.790359960924057,-0.2109164753928429,-0.006257435815852061,0.08179275344822039,0.32180357500114043,0.11911070346385817,0.336763759975418,-0.14293413991075088,0.6280113681539724,-0.09233136497578495,0.008282454387770402,0.12245444182298262,0.3740710421470516,-0.10991100448412945,0.5833807874919393,0.0673319696070921,0.05726194423960642,0.3793168547998548,0.057734614548546774,0.5993300157173633,0.12276284014439273,0.3805835382760652,0.48658558585004635,0.1365444690838052,0.03688235691779689,0.08298371171615745,-0.06824903952505068,0.4231814886812463,0.22517148433364015,0.15667143591191693,-0.08171354467457634,-0.07512787639393959,0.6215026078655814,0.06842273499832408,0.5594036114843963,0.45289610687122683,-0.016160775223183176,-0.07133451172018433,-0.15088553650105307,0.539782262221176,-0.060148516138314,-0.038676050583948934,0.21852138737654536],[0.3581449049331078,-0.3502805027632192,-0.07719107578900392,-0.3544822295706949,-0.6574332709928615,-0.4199122245184894,0.7731795990790297,0.6124521983419939,-0.2874718582537443,1.0,0.29872931608563635,-0.43864339251942247,0.47920400835766325,0.7204723113657443,0.5789386311285724,0.7782062096494298,0.5253227512790667,0.7562818018381718,-0.33708142829371934,0.4270523330025437,-0.5414216874008823,0.4157525029681804,0.5887108500143352,-0.3041249188002545,-0.3624278941693955,0.6555221176410372,0.2618866930413373,0.04496322896693088,0.6341570245583779,-0.29840728618717793,-0.14967472153793487,0.6083861647566516,0.23059991177337105,0.21869167713234075,0.40465126439498933,0.42479741724138187,0.3836700476461722,0.37983997403378145,-0.027013113723534384,0.7422349107006608,0.6942438407059832,0.19186079192604344,0.20794651982322002,-0.14947252360042515,0.8137804891450402,0.1568438400738149,-0.01115894623915827,0.215454012713956,0.04674082260031671,0.28596221321061915,0.3467931259011024,0.6052761975036635,0.5483785040112195,0.5791532090094094,0.2908063700171908,-0.23795856132811619,-0.4374686019428494,0.5770005655576435,0.7466332747187884,-0.03311195115564977,0.11884635618606817,0.42844478447556894,0.347630892803332,-0.5965690731237109,0.8513106107426974,0.603260404512548,0.525103577582721,-0.20913554401228684,0.5327836263744594,0.11262902344930759,0.4672025550030219,-0.11730157576423021,0.6754216514615293,0.6258809420614458,0.4823740295166621,0.30268756264304697,0.6472872030707613,-0.5555197246451072,0.6519358044676697,0.5097968162572021,0.4809885417280204,0.5157838552695092,-0.4583160072583327,0.4726680916030018,-0.5633942388177409,-0.19153666902602864,0.30824462293653393,0.42829133933069363,0.40337076384657927,0.6025804100330959,0.21152231520775716,0.5849593092938614,0.3337325101250684,0.403280446888731,0.653216011853858,-0.2705586275473974,0.5578844152713909,-0.2364160396194879,-0.1480533610583498,0.7283431502217198,0.5881240870715193,0.8337925703416702,-0.3485877905432954,0.325849903468059,0.6623577990093988,0.22196507366861004],[0.1439062504313131,0.13233566855207193,0.13327475702699765,-0.0357563467431196,-0.013529176702068458,-0.005431473901373686,0.2443457582162065,0.5391061496024071,0.2317798643895187,0.29872931608563635,1.0,0.18982466142885504,0.39538571825444896,0.2168652368857174,0.34348290853530483,0.24789878802003468,0.3504785041498548,0.3086975107793155,-0.04768255770122935,0.10309517633075528,-0.10280742695316877,0.1788970838615039,0.1141390535938651,0.14002486492885224,0.1315136296534089,0.22326825839706382,0.14672669468169913,-0.039000007310601804,0.09357460546607668,-0.08904321897990182,-0.06274148079515603,0.3581561731856696,0.2510841406637392,0.2584649392240252,0.04213474114089148,0.015442464459831997,0.0660433636153598,-0.06826046810360106,0.11072674547604454,0.22580709167155422,0.19993561370219898,0.004311332704788857,0.3836856873645368,0.13113384040062773,0.2431082689778707,-0.14692382431523224,0.008748129267087028,0.2683094833181476,-0.08822088332890383,0.04423913669178212,0.06459342193206588,0.18261619474241766,0.055820304169099756,0.33968128179527857,0.2755958041843272,-0.11164774790444465,-0.08166099427478024,0.15986668906442802,0.35403535591001817,0.12119704676105894,0.1463011132671653,0.22853684807557423,0.15577774664709723,-0.06646605577290574,0.22700675166058973,0.1795356765990685,0.12222118894026851,-0.11061953533287558,0.3205964195364525,0.3980569494077861,0.23387580359850324,-0.029333962286412593,0.03804950477868156,0.2158988399808497,0.23088984803576376,0.23674597684011287,0.12196245370173663,0.0670358403450702,0.20333380672907703,0.09741534115204921,0.15942863153324446,0.05225464088537235,0.11967894732529066,0.3967127407473457,-0.3087365333853321,0.42545608453379113,-0.11128540742371304,0.20751009064518622,0.1538818129350692,0.0750090270674645,0.21872010124564398,0.33373089286070184,0.2294213585103467,0.144924407844518,0.1832904474571041,-0.04526061822224772,0.22576455424931138,0.05101987702642229,0.004921124705346649,0.26569278061208873,0.11629272272661767,0.20573978224788006,-0.12181017632604833,0.20964844041833783,0.07677393470037695,0.2361441355314085],[0.2233485749065467,0.700173348180811,0.5092311378410767,0.4783197468274332,0.7267386104650806,0.5564281945498689,-0.2408099176842537,0.09647491733559889,0.7221329046528938,-0.43864339251942247,0.18982466142885504,1.0,0.10479572720286408,-0.2113162886516864,-0.40390940030971506,-0.23707283431305753,0.2834763016761999,-0.43332805698065546,0.1971360629384594,0.2657472090195356,0.7130937776835449,0.12951913322120276,0.05378851718085016,0.528686547685584,0.4036873105769525,-0.1367823065005456,0.27060757335516605,0.5459100071016577,-0.00567983330965756,0.35970516481954234,0.3832714540676585,0.06114618060639322,0.12771784294863797,0.2690111287745627,0.06611583865382994,0.06845352238841039,-0.02602748928334505,-0.03233220974777055,0.5522846716456947,-0.11831382511966788,-0.17523758586928248,0.07429696817936363,0.3914672493738695,0.37774871564856455,-0.2442085661455615,0.07867883746742999,0.3244557583844132,0.18434653158114264,0.125626087107389,0.13012004872410393,0.2400104307417573,0.010823445444822158,-0.20436527238297364,-0.11404665229427427,0.21244881710907176,0.3909840577008498,0.5212093486062006,-0.1609292411862236,-0.15035333753989247,0.27149217726489866,0.34533261273702526,0.09842807222711915,-0.23601447217063742,0.7410627549616583,-0.30595884030874815,-0.05910326513187885,0.115610269112191,0.25579991628844495,-0.1451371608916642,0.5215440506490452,-0.08895835059273853,0.396732266958382,-0.1258172626627609,0.008865324508402704,-0.009144136108677283,0.3533087371432617,-0.2036823349380613,0.5085518946269976,-0.1161945329247674,0.10771635794560094,0.23110896688180382,0.10543775765923016,0.6497544855473589,0.06691474946485496,0.5094409151458293,0.39506319018473085,0.11617837216363212,0.1316614714526492,0.1395918413027592,-0.10270962886912059,0.23061651253291535,0.18262435555690487,0.16488837197471498,-0.1876118056237878,-0.06520451886329513,0.3661609785522281,-0.06109702570020506,0.3887998485843344,0.39983289093214647,-0.15113458596306528,0.001022727124844989,-0.27433099918816223,0.37685492102197776,-0.0579735184564257,-0.042085085260615274,0.34366353885264384],[0.3890888850796995,0.08625564399951809,0.24863147314465645,0.05766593249697314,-0.09391478743073262,-0.10014791381735118,0.6303020332264222,0.6497135076832996,0.20706772645936733,0.47920400835766325,0.39538571825444896,0.10479572720286408,1.0,0.600164620467732,0.5728346773881149,0.6450222269534522,0.7467843785529739,0.5585377220772468,-0.1278703368274145,0.62220020694369,-0.0584382143793755,0.5158331930932095,0.5986745435696211,0.1263611541088526,0.17849775227599196,0.6290492416400936,0.2726316400429467,0.2619154209914357,0.6337448424608461,0.21294815389730812,0.24570234204206004,0.7432958275213654,0.4136332585573455,0.6046638648954024,0.4757058142901589,0.512288794885543,0.337876716701161,0.4442261814974889,0.5249449401084919,0.41066216962391505,0.643013439862435,0.3653043710403792,0.298961525746326,0.2666115794237936,0.5926672961743216,0.21569437197144795,0.23228335920572182,0.360729900411396,0.17215173644432702,0.45336437121488316,0.5366662280769948,0.6172774113684325,0.46708564832958976,0.7421322060668324,0.5838034280963188,-0.06503906575552412,0.16435245636144002,0.6098487895028396,0.6940440110777337,0.03146283207650353,0.5297647979231777,0.4712176718490548,0.062032331616455064,-0.10220034074200034,0.6173133565995654,0.6274562882512792,0.5553235841973616,0.26872027658538644,0.6971359239126601,0.28433591994132035,0.33238080220674304,0.3234341557511216,0.5768057970781828,0.6869203914219509,0.5245611526422347,0.21501271364492194,0.45260016357981664,-0.1842029364401154,0.7105411329080993,0.46043044034298947,0.5174896846666514,0.5855381077994382,0.08834987393617419,0.4222724016782683,-0.25013358121845497,0.15077696313564848,0.5696172277384335,0.5308409745569664,0.4770221182824557,0.47691523828994953,0.6058678910138833,0.7655256148747344,0.6074701038260929,0.5176250229080486,0.609678504988361,-0.1468934160317319,0.7789849344536873,0.2282397446169223,0.1424703267544155,0.653438302395579,0.48366350096157584,0.5979166921884281,0.07379725309438888,0.4148797582420024,0.5989320443795033,0.4465882441906201],[0.3878278094678431,-0.43158345683639865,-0.10943194821604388,-0.34736597149128656,-0.5648066563462951,-0.44576126391646514,0.8098120556329452,0.5565508758005422,-0.14401339901590768,0.7204723113657443,0.2168652368857174,-0.2113162886516864,0.600164620467732,1.0,0.5381533474560152,0.7928800924995336,0.6320410447926769,0.6875028130034521,-0.08003652459715833,0.7076033974283923,-0.4147659510222276,0.6846103256818026,0.8131357837797005,-0.3645233814188405,-0.4647658897807758,0.8977221780557602,0.3915393395713136,0.12462513615395877,0.8725078352619726,-0.14170184615289885,-0.07595590583378801,0.7170406276900909,0.44258552850598837,0.600872195337278,0.5454271189779966,0.799391746356563,0.5922121164140521,0.6143789822321383,0.2535451403610626,0.5546884733463612,0.9374247072536307,0.33962808832139235,0.2776294139282559,-0.1843879908152134,0.8617926794450335,0.41433557984113817,0.013813777757469715,0.5959156086082236,0.14040864157216876,0.4252047074029212,0.5771652609335676,0.8110571577003997,0.8345762752165611,0.49497963295397635,0.31543318157594624,-0.3505440236089015,-0.2564895983292432,0.6291425382817686,0.8719691048933266,-0.16513195186504062,0.41068088549844695,0.46016406745745575,0.49789298356814804,-0.47464190026724173,0.8527557960882286,0.8362528039793313,0.571373347101439,0.2884415800503951,0.8556516662031619,0.12206986722096082,0.5815263758182128,-0.07229852243103077,0.8628706301991247,0.8711947818580627,0.7392270197732845,0.3582530872705504,0.7833463925159129,-0.7286176005310537,0.8649118806841889,0.7259198609328964,0.5558700894666947,0.6488887596736173,-0.5291354193834054,0.3840589857661659,-0.526366671370798,-0.3737769651042851,0.5783368067021092,0.615808436329495,0.578380246440119,0.8567132640587558,0.42021899416727204,0.7317849240942986,0.5312713479915584,0.6901417247779604,0.8999255697722971,-0.39068754345480117,0.8140353664524076,-0.16871978699526194,-0.18004037994355007,0.9161490738056014,0.7416064712240462,0.862420672319021,-0.2842197239591927,0.5750450490742327,0.8969134061327607,0.30502869422592904],[0.005317294945355887,-0.3967732292727038,-0.18044143778138935,-0.31645258560093986,-0.5212908009962476,-0.40835618484509434,0.37235371178654225,0.3490711061870539,-0.2885707429230571,0.5789386311285724,0.34348290853530483,-0.40390940030971506,0.5728346773881149,0.5381533474560152,1.0,0.5069018714489999,0.4048021161146967,0.6411566035101334,-0.07320839828866987,0.33608688480422244,-0.6097776253463851,0.203348429849209,0.3752692992527298,-0.2870614279755618,-0.10505713673241969,0.608636073244484,-0.019658266089975368,-0.2730137592397135,0.3836656159277061,-0.2180392432531727,-0.20247856071432754,0.5013814047343119,0.16861499796680027,0.25129324088763955,0.03641441913344837,0.2523371063303788,0.07869055319842232,0.24197242104418448,0.04935152904771873,0.20632832829020667,0.5559262555766799,0.3106318420816065,0.3000863604073084,-0.2115580501621022,0.4790699634999903,0.0181878948666199,-0.07382949361792387,0.09318130799129144,0.05809203785279563,0.2581898960911589,0.1105776501374625,0.4067326174762486,0.4830196962837656,0.6090413152021458,0.09336091395030625,-0.10746217644920071,-0.3167509751589797,0.5109962965270789,0.6457947950071996,-0.18671429867969758,0.22883133779288198,0.15857108958875327,0.12577558011209938,-0.5572051204275564,0.6105541110448455,0.4200907470443349,0.2190628918751103,-0.10489485735028345,0.48930780507246746,0.03655398886119807,0.3116451476695476,-0.14896099998851303,0.4062835252349449,0.41855911686164116,0.2562615152125325,-0.10002925892468603,0.3298271807395378,-0.4523103765093959,0.4739802482945503,0.4039214171978923,0.01727817114644257,0.3539950873477759,-0.3638071784858213,0.17550514672254194,-0.5035659339629726,-0.06494924881928088,0.2103198602413576,0.22462483245350717,0.26683324240585304,0.34886304862699613,0.30041437608244603,0.33116114905430505,0.19674347688389046,0.41714915866308094,0.42013701361947825,-0.42840389281036956,0.5211403096771567,-0.14883951603599133,-0.3048137214919231,0.562167058516283,0.3484929680067086,0.4788822907718492,-0.33270120036611006,0.410272369375197,0.3738061255815213,0.12726009255943665],[0.3498572553764524,-0.3646518607892249,-0.08013144975732815,-0.3591215666279945,-0.5190789091545834,-0.35110429452794883,0.7635207645056522,0.5273086655311398,-0.08829207765423934,0.7782062096494298,0.24789878802003468,-0.23707283431305753,0.6450222269534522,0.7928800924995336,0.5069018714489999,1.0,0.5103543121484387,0.6935590619140973,-0.33269936452284665,0.6291545381883575,-0.4026504020628057,0.6188798612282556,0.7703620965496552,-0.2860396882157972,-0.3292178969159059,0.7482751829387188,0.39249182273265604,0.07027210441396987,0.7764523824609488,-0.2544941394520349,-0.11365626959023052,0.6301308529457398,0.2963615409607654,0.4445865245929826,0.5259474782727579,0.6275827038922077,0.5559533667313648,0.4961915736208653,0.2604497399262322,0.7162969503421782,0.7935403957519322,0.3031687236653148,0.2388334004334764,-0.16951390721423132,0.7898216175341244,0.22380412472340314,0.03646844313029438,0.45239873490491445,0.16322968278934183,0.4632822411160617,0.5460064822766848,0.6742854119826023,0.6733262595882397,0.5116740511994247,0.4484371295814864,-0.35568840005532815,-0.2680614835358432,0.6798033685108015,0.8147410176776817,-0.260425258623185,0.3316383770974452,0.4041356620449705,0.32972335081244936,-0.43819179020809335,0.7938562702823897,0.6957225288303794,0.49336567377688656,0.20361877275681933,0.6902810592720973,0.1676338002281538,0.5854966756685631,-0.12063905552729,0.7604966224683471,0.7741922410913807,0.6241015566375726,0.39709937435547826,0.7389378282960332,-0.5611619147297542,0.831934423272454,0.638437995859847,0.47024414102960327,0.5558911094562132,-0.4043517221221082,0.403450978406373,-0.6043747144506477,-0.34543512359959516,0.5929850114345357,0.5479582366171967,0.5103837677313553,0.7487036365209968,0.3771398201926484,0.6510206298239406,0.47613642675792983,0.4844209764333174,0.73411361976529,-0.3567013842305403,0.8326132553964045,-0.07682643879839456,-0.15345118334215976,0.796507297557395,0.7033493836693783,0.801810966624776,-0.30441242558470066,0.41440445828172207,0.7977403775924324,0.32066363171787005],[0.4588808254565761,0.21391069180490388,0.357675579390142,0.027731292773130696,-0.03829023761488604,0.07147533837166035,0.5896253180603472,0.7561199487133268,0.3127348422434026,0.5253227512790667,0.3504785041498548,0.2834763016761999,0.7467843785529739,0.6320410447926769,0.4048021161146967,0.5103543121484387,1.0,0.5707113743098391,-0.14152045236386696,0.7371729108404865,0.01768769687665406,0.4535165967254836,0.6696783455993214,0.1588297993997292,0.15315425788850448,0.6948548245224936,0.25915119352584015,0.568579542874895,0.6951965818120341,0.19720643958307799,0.17500162935803917,0.836092345100268,0.46448793796287624,0.5570081370043041,0.5408047562101409,0.5516220188520626,0.3638512268217864,0.42711912859800455,0.5230256728541256,0.4769314826884545,0.6042244936756448,0.3575575107739058,0.4505676908298739,0.2624037918127824,0.6170200759495017,0.37996402724460854,0.2866502528776131,0.35538682438938735,0.2509794109931686,0.5327644162477402,0.5819709584905471,0.6882508534262826,0.4661558225421065,0.6605118886284583,0.4010266670391754,0.11165479562354048,0.2044829571003949,0.5442018296936086,0.6230965794061585,0.03311402414117454,0.5611429091454639,0.6692847940657809,0.08084562455231113,0.03055784766797623,0.6654782773848118,0.7206961230257567,0.6590233248953122,0.13619024465646093,0.6103623079311016,0.4146011944654746,0.3711631836825307,0.300234280580974,0.6248427069663042,0.6767834833977152,0.6162555655364157,0.37124312713477553,0.4494513806098138,-0.22397403947708627,0.6202874295207382,0.5480756108935954,0.7752951767913626,0.7227840971455316,0.08235275418427733,0.3574454722633929,-0.1912275647183439,0.08244480466374449,0.4418205370141189,0.4708368230390546,0.6541300369557707,0.5210291640391328,0.6184735553434163,0.9153097812561386,0.615402231767548,0.4376485418366712,0.6664509432522769,-0.10422048544585655,0.6064767987729742,0.15930827743331538,0.24495898023813265,0.716670204155638,0.5827624820078515,0.674657614364262,0.13073619713940185,0.2667434572685767,0.6464182418739426,0.36115896133085273],[0.16792805384052278,-0.37013141268923827,-0.1043007126445272,-0.3278546496863652,-0.5219491930930363,-0.2250961017470029,0.5626504699316242,0.5648671976866099,-0.2095744528007067,0.7562818018381718,0.3086975107793155,-0.43332805698065546,0.5585377220772468,0.6875028130034521,0.6411566035101334,0.6935590619140973,0.5707113743098391,1.0,-0.20847230459571695,0.44984561498162284,-0.5236332570942042,0.310021166510152,0.5475744713544165,-0.14834763067649856,-0.12399534226986067,0.6869446587778841,0.06910438225155009,0.07801987938372709,0.5858209700019952,-0.2026503819242223,-0.19037851503553183,0.5454944429096789,0.12797351283551522,0.32537812358107393,0.33782487445376874,0.378855939368006,0.3579969472106059,0.41851004759497584,0.12321432771534072,0.5172358133811257,0.6414911209399117,0.2447994388320931,0.2118669997695588,-0.11943655531320223,0.670529481889517,0.23099678660998446,0.049239397814155386,0.21758175244631242,0.12693793398839318,0.4829759741856191,0.29764747544049275,0.6201780264310452,0.5839316831914129,0.5641989860043841,0.10154692392401633,-0.209970724117222,-0.18181080864954718,0.6343578320498064,0.6288863787814528,-0.27524230057108634,0.2904265862588459,0.5106431491613284,0.21712258743236926,-0.4986804171759413,0.743477406540303,0.7292316959684328,0.32458075806934683,0.05236316556574976,0.6503503407299265,-0.037358527749330725,0.42590710002858484,-0.008240942984918481,0.5763620251479582,0.5873977442138822,0.5222199020350378,0.17770294564817898,0.606823703528098,-0.4504207760487751,0.6574612108428414,0.4501426865528628,0.4010758525777595,0.4220301475239289,-0.4606586954256818,0.1992887941973682,-0.5713516816894144,-0.139066905247284,0.17604730543291033,0.3264420108148302,0.28735400316378606,0.5417907182927232,0.44978612633433857,0.613813578588527,0.21500667357247694,0.5272320861935406,0.6221078082562074,-0.2714237478407301,0.6000882124477321,-0.006203044472445491,-0.18639615771496923,0.7867361863605769,0.5529562190223359,0.7264178958388139,-0.1606687813928572,0.18711648864232158,0.5825891541351749,0.08824817495387575],[0.0014990122515873786,0.0044697123204075154,0.012235675195465433,0.2134706411050316,0.18388706352232656,0.0046270609867690125,-0.3093440233730501,-0.16642367796313806,0.05666498087519491,-0.33708142829371934,-0.04768255770122935,0.1971360629384594,-0.1278703368274145,-0.08003652459715833,-0.07320839828866987,-0.33269936452284665,-0.14