---
layout: detail
title: StockReport(finance.ss.html)
---
<h5>fn_build_correlation_mx</h5><div><div>                        <script type="text/javascript">window.PlotlyConfig = {MathJaxConfig: 'local'};</script>
        <script charset="utf-8" src="https://cdn.plot.ly/plotly-2.27.0.min.js"></script>                <div id="ceb8ea8d-8a76-4593-9216-e806faaa90fd" class="plotly-graph-div" style="height:100%; width:100%;"></div>            <script type="text/javascript">                                    window.PLOTLYENV=window.PLOTLYENV || {};                                    if (document.getElementById("ceb8ea8d-8a76-4593-9216-e806faaa90fd")) {                    Plotly.newPlot(                        "ceb8ea8d-8a76-4593-9216-e806faaa90fd",                        [{"colorscale":[[0.0,"rgb(103,0,31)"],[0.1,"rgb(178,24,43)"],[0.2,"rgb(214,96,77)"],[0.3,"rgb(244,165,130)"],[0.4,"rgb(253,219,199)"],[0.5,"rgb(247,247,247)"],[0.6,"rgb(209,229,240)"],[0.7,"rgb(146,197,222)"],[0.8,"rgb(67,147,195)"],[0.9,"rgb(33,102,172)"],[1.0,"rgb(5,48,97)"]],"texttemplate":"%{z:.1f}","x":["AFG","AFL","AIG","AIZ","AJG","ALL","AMG","AMP","AON","APAM","APO","ARCC","AXP","BAC","BAP","BEN","BK","BLK","BMA","BPOP","BRO","C","CADE","CB","CBOE","CFG","CIB","CINF","CMA","CME","CNO","COF","DFS","EFX","EQH","EWBC","EXPI","FAF","FCNCA","FHI","FITB","FNF","GAIN","GL","GS","HDB","HIG","HLNE","IBN","ICE","INVH","JEF","JLL","JPM","JXN","KNSL","L","LNC","LOB","LPLA","MCO","MET","MKTX","MMC","MS","MTB","MTG","NDAQ","NTRS","OBDC","OPI","ORI","OZK","PB","PFG","PFLT","PFSI","PGR","PNC","PPBI","PRU","RDN","RGA","RJF","RLI","RNR","SEIC","SF","SLM","SNV","SPGI","STT","SYF","TD","TFC","THG","TROW","TRV","UNM","USB","WD","WFC","WRB","XP","ZION","MAIN"],"y":["AFG","AFL","AIG","AIZ","AJG","ALL","AMG","AMP","AON","APAM","APO","ARCC","AXP","BAC","BAP","BEN","BK","BLK","BMA","BPOP","BRO","C","CADE","CB","CBOE","CFG","CIB","CINF","CMA","CME","CNO","COF","DFS","EFX","EQH","EWBC","EXPI","FAF","FCNCA","FHI","FITB","FNF","GAIN","GL","GS","HDB","HIG","HLNE","IBN","ICE","INVH","JEF","JLL","JPM","JXN","KNSL","L","LNC","LOB","LPLA","MCO","MET","MKTX","MMC","MS","MTB","MTG","NDAQ","NTRS","OBDC","OPI","ORI","OZK","PB","PFG","PFLT","PFSI","PGR","PNC","PPBI","PRU","RDN","RGA","RJF","RLI","RNR","SEIC","SF","SLM","SNV","SPGI","STT","SYF","TD","TFC","THG","TROW","TRV","UNM","USB","WD","WFC","WRB","XP","ZION","MAIN"],"z":[[1.0,0.3499914669452123,0.5647394193444276,0.47728271955141244,0.17769166331455208,0.14279071190616627,0.5284395496631361,0.579071091087344,0.3610441479520631,0.35549304968567047,0.14830951633641298,0.2196666906270263,0.3869427123699616,0.38219335484777034,-0.0005297034238458679,0.34763958118214594,0.4535061115483453,0.16811800139405977,-0.002880142860469095,0.37277077898529326,0.3807749345600183,0.30295467369757867,0.44998608039669924,0.3382405648567119,0.008462097611487425,0.30154497168190264,0.3259739482979009,0.7128848266269988,0.405864982406424,0.42595808115564027,0.4640976794728329,0.38923734155828504,0.3425297898053976,0.39460866939510053,0.55060163671129,0.43982561619018046,0.18969065288817416,0.39612621471198506,0.2764570806806264,0.39199127480414275,0.400194966136202,0.05435245263638031,0.04400665563650501,0.5881179300059357,0.44669518742962994,0.22396030038443618,0.5992418855511272,0.3097900356588708,0.28897906224024633,0.4884463369403521,0.6770178094687647,0.3971547751606348,0.2921079471358666,0.330543340008911,0.49565032224723327,0.23261372588968585,0.4503408874011645,0.18023979056401898,0.3995700926624358,0.41803814054093785,0.5103129494018429,0.46901089684434655,0.2601753943096811,0.22577239084224346,0.3666011197555078,0.3398806690036337,0.5618199057296162,0.3083256185240386,0.46101592404727265,0.3754120010042368,0.15685230597642696,0.6398689672595939,0.476535422914925,0.4488479008068049,0.31926689931497504,0.47972481632199815,0.4408237895971756,0.032869161914121044,0.4224872773406997,0.42576598805667554,0.5112991587506079,0.4262799882914211,0.23673996140573286,0.5796586206599759,0.3052796762690724,0.35469746942761776,0.5094423153753191,0.46410761007296486,0.4064418025024384,0.3306404936292294,0.4579799359507156,0.46637304163438126,0.40263897715012914,0.2082046265683092,0.38665719335551096,0.38312485559706744,0.42856372975739676,0.4631792803013026,0.3716526801170962,0.36808239855136354,0.3726593456327828,0.4113351797923953,0.4506248060210912,0.2531404900588748,0.4370023866611955,0.5390000881063179],[0.3499914669452123,1.0,0.8587359772543592,0.7952678410445068,0.851155129417925,0.7275401498025695,-0.16207284312091857,0.22484642484460748,0.7244853535128488,-0.3523680903591298,0.13466951952418127,0.6985108409520473,0.08637302700613911,-0.4344188482089234,-0.3991192393452276,-0.3662493172016456,0.21248454809695316,-0.3670729519487764,-0.000594353217286032,-0.04495131464703427,0.8333870740793474,-0.10899215942526655,-0.23221026363735242,0.8511479419809438,0.6325960467705751,-0.33142741628475764,-0.008009301676154695,0.6381370174968161,-0.25407142282056266,0.6011665552522941,0.5501492816957798,0.029306505819894267,0.021060299538847454,0.09505146331837167,-0.006122279282608812,-0.20265355431045312,-0.18488594899369074,-0.16658999135519495,0.2842390484299912,-0.11090338292505922,-0.4301720620099123,-0.0016429323197847082,0.036816046124892726,0.7954416427423481,-0.3140058247518274,-0.05073954291539029,0.6232007811041818,-0.07888451161376421,0.1434394038711772,0.1844404241660259,0.21580520372162482,-0.16967450155621053,-0.46467037528323984,0.11295321829416773,0.1979943156690352,0.6506054205977031,0.7377029652415578,-0.23392222966870466,-0.2839338168025275,0.46443792024914127,0.3231166359499076,0.2935274367215957,-0.26348044769650725,0.8300237471282876,-0.3548403101117813,-0.23197486727439406,0.016746739710187582,0.17039081731984246,-0.23449706168457496,0.3134399909495933,-0.2868501896602626,0.7182144941706228,-0.30894551385379,-0.22763007554547565,-0.059203328521692695,0.2766414424267069,-0.3808232986506177,0.749998524539248,-0.2465352455414029,-0.20798786091510596,0.28669744063841945,-0.03811269182292357,0.7842941517672588,0.12315312681235908,0.6286983645585573,0.7546583205995361,-0.12914015270918747,-0.0839820719534899,-0.09855032427338349,-0.4202842718577095,0.29543039557723816,0.028220689780593635,0.05928379706781709,-0.17110621085887362,-0.3525519121404463,0.617851362686164,-0.27090767280445,0.6912321368207373,0.565037126100984,-0.3295200364263629,-0.24497819968925605,-0.3723966534167794,0.7116624524651605,-0.30711679908738077,-0.3075416678031677,0.10252037509899395],[0.5647394193444276,0.8587359772543592,1.0,0.7846239169770047,0.6577953134500204,0.629710816890083,0.07950076852249433,0.45748545305651706,0.6953110641629697,-0.08003848232453971,0.13482998587715367,0.5005024278555236,0.24538220639984049,-0.11528855976451043,-0.18352664000144484,-0.0833959233744031,0.35309723308286173,-0.1067189714241277,0.01173645191431528,0.1374221301524896,0.7195985654902411,0.0853087923513202,-0.015850189426700127,0.8283802273061257,0.41153878683200484,-0.08427277717564016,-0.011420957223473896,0.7087281678326551,-0.01850236893880552,0.6397782558896061,0.5601706345936347,0.17598615218024832,0.100104295846294,0.20454031617591162,0.1284046358546867,0.0057128977091907285,-0.06663544033868019,0.08456342909463334,0.3026683441682609,0.13804285433189153,-0.1430134681128443,0.14565181907476504,0.003188009895072015,0.8184888617704421,-0.046617284656809144,0.004312802355934692,0.7617456731606139,0.06904853781583403,0.1597221941450359,0.3834006978940327,0.41502305505162557,0.04496462620717931,-0.2886056177596913,0.31384755199169484,0.292129058694201,0.5687708055277908,0.7367109501290842,-0.0949794311943176,-0.034087078113027275,0.48087081117808816,0.4690930800820176,0.4582312311879843,-0.0922680526329638,0.669983262508937,-0.08796869164454814,0.011845488752705797,0.1598471869411479,0.27928973267912965,0.04220478681431491,0.2673403531848833,-0.08545418652731143,0.8004459987317795,-0.02751267527554658,0.021879471710676175,0.23585613938008393,0.3622589374043406,-0.08977521163882793,0.5975800277642541,0.04269399267921508,0.0036804181531862505,0.39773607734208605,0.14865057326415507,0.5550516641704865,0.3520031635575975,0.5057235556221288,0.7085633824913777,0.06252582534033738,0.04622463763381751,-0.007861982195605261,-0.2201970634697359,0.4707675334630515,0.1983961010072245,0.15622906820307728,0.06762823427273788,-0.120330181366979,0.5913962443926245,0.02013291831757881,0.756082080475186,0.5839946153581576,-0.07678348776316295,-0.06057589385251015,-0.11003462012944311,0.6927092397263452,-0.1408338714285354,-0.05247615608209933,0.030680594155625306],[0.47728271955141244,0.7952678410445068,0.7846239169770047,1.0,0.7282202722014041,0.588064090157032,-0.1528822874626249,0.1356369923548982,0.5617650028130438,-0.35241046795463715,-0.03714275936285422,0.4738940366584379,0.05936014073268329,-0.3446550210266636,-0.3137973609928615,-0.35756146507460074,0.031073353364699675,-0.3277155205356971,0.214386835878174,-0.0824310528968126,0.7737113535018835,-0.060922780588907974,-0.23198764193924618,0.7921391528438075,0.4960337873578577,-0.308761006126435,-0.08648238617271371,0.6157954159569996,-0.22110425062342548,0.6097310037627934,0.6545503828486691,-0.06722482552321424,-0.017491698947210525,0.15014704320686345,0.09383509200131951,-0.08550407422854064,-0.25170038608273204,0.004535677428834271,0.29690647952412047,-0.168650539302733,-0.30692657794693917,0.06549695395574273,-0.2809060708711753,0.8316335484984216,-0.30131418902631274,0.06216520220582295,0.6676690418317999,0.09172077470121197,0.32834562174777965,0.14509569208518022,0.134605842857476,-0.12626721571780516,-0.38960739759874685,0.0829929233111006,0.1827753388859531,0.6793732014093,0.780894574517442,-0.19890942107585555,-0.22449199269902773,0.5719240184732198,0.3479088492392182,0.21908309831584807,-0.155839541388288,0.6746485597733641,-0.3123019782418584,-0.1748444966485224,0.048730752013524885,0.25014865369688327,-0.08219696612960056,0.15706251036951568,-0.320880933928546,0.8292253443380962,-0.23447672435484393,-0.16698992621384423,-0.05966660826064081,0.11031650493849704,-0.2665567300735825,0.6758975152718203,-0.14441458736370105,-0.10380027800596889,0.09800935832129412,0.04188028481552392,0.6936970606996226,0.1655018312103234,0.7853148804795901,0.7421400546089054,-0.08812641713216468,0.041757616948376236,-0.1796932790893793,-0.32981580387668513,0.27510771508211396,-0.10354442715614039,-0.03018578527438413,-0.04599038408803054,-0.3397604184252529,0.6836142792059757,-0.23477235731263196,0.7772905649639819,0.5262088562411613,-0.30572976993829,-0.22565610684614748,-0.3534420603925472,0.708409047080559,-0.3533915690114248,-0.27721369865981094,0.14616495675448662],[0.17769166331455208,0.851155129417925,0.6577953134500204,0.7282202722014041,1.0,0.8212954286344682,-0.42113168290375447,-0.0028704859196089635,0.7362289108522828,-0.6588955988888776,-0.010122555283957725,0.7270747153515824,-0.09296647028677538,-0.5672768923139223,-0.5235933330666348,-0.5202726245740704,-0.039638147722461846,-0.5169915241651972,0.17574484540338722,-0.22278926669906848,0.9204248932048809,-0.27421134588692514,-0.35358152018907973,0.8318568215526136,0.578818876364218,-0.5201953426179733,-0.11204549066278911,0.5138156137300384,-0.4249569494916753,0.5733235323768087,0.40858567060871903,-0.2838074547423326,-0.1301518102931606,0.10904937366307994,-0.09326638219306271,-0.287873169658404,-0.37054442001045873,-0.302186165890517,0.243088254000432,-0.36314491406516947,-0.5493523350127474,-0.11653456622394391,-0.05508529659174249,0.6717429080065215,-0.5379247602738417,-0.1271564212850609,0.505847112904092,-0.10369337768354646,0.07944085540732372,0.16377803404786606,0.08875444053393007,-0.39454783847863745,-0.4822866153172891,-0.15092224145548697,0.0338216381280197,0.583440721262648,0.7952190544840266,-0.3876599272128459,-0.5129499490173334,0.37092134868830046,0.2754907650460966,0.011814040066826995,-0.3247486007307797,0.9606033090590153,-0.5449747325357712,-0.4082052864108109,-0.24026034174047664,0.2566829156371516,-0.3332685866629526,0.13634460005460566,-0.48182514023913076,0.6519179322937745,-0.4944716229276402,-0.37591680090289437,-0.2663056528895384,0.15619866203968757,-0.4869602217675399,0.8125531034875433,-0.4024586552707325,-0.3016755519462073,-0.021452739041126705,-0.2582949207204032,0.8367532748090998,-0.07711662274393516,0.6927497413602833,0.6822805156030078,-0.13386507448196347,-0.21564587574480562,-0.2948803212497757,-0.488599155154436,0.23122771487159502,-0.17131076196773137,-0.1756609754832054,-0.3140572204528609,-0.495051282997355,0.6662139825425852,-0.3716898955295428,0.6536526581004124,0.5478319191531361,-0.4838792388665722,-0.33875334996314777,-0.608375790635522,0.746544924754851,-0.3824180473713586,-0.45885703026667124,0.09077606077337604],[0.14279071190616627,0.7275401498025695,0.629710816890083,0.588064090157032,0.8212954286344682,1.0,-0.3505296200392979,0.14374455423010982,0.8233039555088784,-0.42591740070486006,-0.002092592019359969,0.5530769865385795,-0.10463088911882454,-0.4551419461630172,-0.4146113483791259,-0.35679707956614076,0.0640131813652116,-0.22554916521981716,-0.0003035228870822896,-0.13103533228898093,0.7490359347151161,-0.27906349954578485,-0.21304120612279595,0.7895910851102819,0.5446584884815925,-0.3522872352964912,-0.1317871232989032,0.5054239120697387,-0.32926559099870933,0.4144789297223278,0.24815462399096225,-0.18533255683362332,-0.1962366916981025,0.11670053640001345,-0.0044995449308255905,-0.2277994256716306,-0.2651868109007209,-0.08260005420967703,0.20391114621097936,-0.17386196703478,-0.4505577599321796,0.10761353095016474,0.011051853385947923,0.5803377546753504,-0.4118727351039018,-0.16189487585784892,0.6071905159085405,-0.0851676844398175,0.10353852609866675,0.28955783923580325,0.12108516760139916,-0.29137939359184517,-0.392733769432322,-0.04063912090982545,-0.03692638495262026,0.4934373110286049,0.7336141698165501,-0.23496506975361606,-0.38890897198584407,0.18646919951898194,0.30490851620321857,0.22391603030702695,-0.32002501603804123,0.8302002193912424,-0.42371082702293933,-0.2186018524490756,-0.22237975220710798,0.17341537945244356,-0.21068118243215034,0.05978121935403656,-0.33723701840275394,0.6186105760970952,-0.3875235909877225,-0.2841713773674145,-0.18505470005651478,0.13800267670052277,-0.35870128430489884,0.7193430259463076,-0.23849582276985665,-0.20555752811438371,0.11792505091004592,-0.20736151255531782,0.6225728318986952,-0.08943126485810311,0.4988222734841803,0.5388937723563695,-0.1920781373694536,-0.2609171779377274,-0.2284784417223753,-0.3462818578110311,0.2969195881559768,-0.08467681880301238,-0.21270618786556478,-0.26122828693765354,-0.385664573676326,0.739004088965376,-0.26661036995765136,0.6092120992937025,0.4839135376896212,-0.2742127989263845,-0.20947195894988838,-0.4200518481510444,0.6876442640265428,-0.3997967174374162,-0.3397877139877321,-0.04775890541642556],[0.5284395496631361,-0.16207284312091857,0.07950076852249433,-0.1528822874626249,-0.42113168290375447,-0.3505296200392979,1.0,0.7151311454448704,-0.04233280947915584,0.7718626093020979,0.2444412398143018,-0.23884284329049643,0.6302969445037689,0.8090866533869676,0.37095269394406477,0.7629308414646822,0.5900345302705262,0.5618102146206221,-0.3080074905921364,0.5052707681752593,-0.22575743699172726,0.6211057478126815,0.6880356329305289,-0.21142073054559615,-0.30484936705600924,0.7067794429078186,0.3249520735810119,0.22914048137725374,0.7624516724786039,0.025492781256359124,0.06345145864212717,0.7256072023247776,0.4329954534861127,0.5485182481493198,0.6220229100005601,0.6606230668512438,0.580592044402929,0.4731341595485683,0.10901153260068758,0.6757159954007853,0.7599775037028484,0.28180783702792433,0.02134747252166437,0.1302791301939914,0.8842165190008248,0.43151353565108247,0.1414271933517154,0.5523556990467712,0.2116563788377252,0.44037287568709244,0.6061670046054695,0.7188776853823194,0.6468833761875306,0.6476925423214892,0.4948213623238079,-0.25965521442604406,-0.12676253451001326,0.5965707598562445,0.8108395209742031,0.10390354988879066,0.33712195264318706,0.6045259371725039,0.4633736126690125,-0.3416467140974437,0.8435960082536424,0.6739619482432708,0.6902874942999591,0.21058034084876723,0.7665415074284205,0.2138156202160594,0.43049135412059136,0.09926304843982202,0.7654423480410617,0.7448083174357396,0.7095438453353897,0.42964344420449124,0.7025127719874696,-0.5065230851454889,0.8018885603382864,0.5247053272951118,0.6776024704295612,0.590098020256279,-0.2840129348935376,0.5746615615026782,-0.3946862489029219,-0.15298412045388424,0.5874106119526724,0.6912417977133338,0.5396154051509715,0.6969456882028959,0.3954718757958421,0.7048281799419488,0.5938274483136005,0.6682409150501344,0.7661997050954715,-0.23054076079347838,0.7027906586458152,-0.07337675094518063,0.08627838151261707,0.7733917599655344,0.5645929491133723,0.8248806023716421,-0.09261742914669797,0.4151252022910828,0.7565808078657879,0.38200699072885813],[0.579071091087344,0.22484642484460748,0.45748545305651706,0.1356369923548982,-0.0028704859196089635,0.14374455423010982,0.7151311454448704,1.0,0.34426876605424583,0.6087151257815391,0.5413877131653914,0.09851463194755392,0.6490112885585195,0.5522496496896663,0.344464102772067,0.5246855123510095,0.7541872723779323,0.5655460485085395,-0.17018900248106464,0.4001300723510276,0.09354122342936645,0.4183159966739503,0.5202188028901041,0.2708390292146609,0.01217215318298125,0.5395161604708242,0.17351530987348812,0.4958638326519929,0.5331177969101497,0.22969870397284808,0.24238469620212913,0.623183296708124,0.3797256834236356,0.5359289740935694,0.4935778380309044,0.4308024381063353,0.36768185118311186,0.3028247203475978,0.2845229121691955,0.6083111459775709,0.4956839506218358,0.3718397083282155,0.1994618298122077,0.37584572179726944,0.6501191053783251,0.20266514394052004,0.39063897836458644,0.4800563394671538,0.17054552218317204,0.5484435705539098,0.5609477571585346,0.5500861025343368,0.3741198521662515,0.7143856697197681,0.5639551502514897,-0.01179444413796584,0.21955480743254255,0.4518094306292562,0.5878017240723897,0.34251505777629604,0.4733091498209546,0.6869894583509222,0.2426385748035293,0.033659628470945134,0.6861961871174997,0.5844978366998181,0.6163734578925544,0.09565240617775281,0.6187808714343472,0.3725762554774365,0.3087133286818377,0.3586589327994007,0.5137094574410976,0.5885894152172018,0.6282597679251346,0.4439492600000003,0.5051891370009565,-0.05720901010889534,0.6122712194579214,0.4087763895123776,0.6511765650033392,0.5082523074633045,0.12450268260999393,0.6867041059560417,-0.16489897290024536,0.34593573422589274,0.37095921659674946,0.5666239255054081,0.43368077416229,0.4124105829865162,0.5968722349707941,0.73595624635236,0.42886166547889853,0.530545252668252,0.5872924164117652,0.06382043636341898,0.5392316393660841,0.2643411569429553,0.46435237990605166,0.6290577234584437,0.5166281014938696,0.5994207439957984,0.20848624982358038,0.23881240323126462,0.5072578310344743,0.3235950259351724],[0.3610441479520631,0.7244853535128488,0.6953110641629697,0.5617650028130438,0.7362289108522828,0.8233039555088784,-0.04233280947915584,0.34426876605424583,1.0,-0.29075754154930505,0.2349168230453233,0.7219908591764782,0.2068923210996031,-0.14845769660213393,-0.2926285691538899,-0.09105513517992958,0.31013100442985764,-0.20579278186978356,0.04890619634445544,0.17748557771751686,0.7633183582921235,0.06656909988752592,0.08523493496071528,0.6697236427687939,0.5168439464209248,-0.06923425215562705,0.03256558120618351,0.5805125424310972,-0.02073742204469449,0.37637323266276146,0.28692399108044786,0.16394348778806092,0.09050994298226746,0.41104421864714485,0.20984651461393636,0.08620464211568923,-0.016002584400878865,0.16931133600828796,0.4038656619026218,-0.03681775750915502,-0.12486185362400894,0.22468072364352235,0.16104798390243022,0.6096502029976707,-0.12338629049103912,0.05411253563015069,0.6586037845407648,0.2155472694246166,0.20659166706455032,0.3579312691001302,0.38371457631029104,-0.05370162915876509,-0.14880862987362153,0.16582427757956686,0.2524941933522565,0.40477118786732663,0.7120844794421631,-0.06512075848722865,-0.049559890571330575,0.20362764007856493,0.5112703617766572,0.34795657354123494,-0.1629725660945191,0.7924178433516631,-0.2081077717110439,-0.012596001021886096,0.08019564756431756,0.3239279306607515,0.1181680536244413,0.3375752453081451,-0.14346113735584573,0.6276407821513076,-0.09685932537912682,0.005366366479812691,0.11686019332390328,0.38047847621131897,-0.10984021953601153,0.5838931195570474,0.06646954616158408,0.05447978988492354,0.3762614266127508,0.05745875659152734,0.5989762131542149,0.12411205928896825,0.3761117916778292,0.48934600770959796,0.12059166428037833,0.03989793178643939,0.08366258221884201,-0.07385489141886238,0.4275323037920624,0.22392698272147646,0.15258631738176595,-0.0827378078374697,-0.07695954963449889,0.6087075985490097,0.06481492310311263,0.5616652295174279,0.4517932433898113,-0.021871300515306388,-0.06021280741037916,-0.16111127209346757,0.5372941925990561,-0.05473329650814478,-0.04502816104680578,0.2269071794289727],[0.35549304968567047,-0.3523680903591298,-0.08003848232453971,-0.35241046795463715,-0.6588955988888776,-0.42591740070486006,0.7718626093020979,0.6087151257815391,-0.29075754154930505,1.0,0.29545800449897125,-0.44354031197158217,0.4768691333274034,0.7210577544632498,0.5800428164491337,0.7782654069693405,0.524936618217408,0.7508861204454916,-0.32900921913016357,0.42834595998935776,-0.5433640951637096,0.4156971923595536,0.5888326023047226,-0.30665003463018914,-0.36533917673135324,0.655155847700109,0.2645313309191516,0.039894065017874916,0.6345013117587942,-0.29363200150049895,-0.1467457032167589,0.6088538675280407,0.2288313200343105,0.21384124764423226,0.4067201681452496,0.42497380940620866,0.3812589195626687,0.3783715552225401,-0.01961447770697702,0.7431485770289687,0.6942512796084456,0.18766778889803254,0.21043518161445618,-0.14911632849887574,0.811853222486316,0.1574790670856556,-0.012856592739985767,0.21569083570974226,0.04600596217362127,0.28065762495118,0.346396732901758,0.604369396492199,0.5292902008823126,0.572522156527645,0.28988223367835586,-0.23880637077078018,-0.44128239100365957,0.5791911610164433,0.7487308251977485,-0.032887423502273916,0.11538780331234927,0.4300663192680735,0.33883927559354454,-0.5977844084483539,0.8463542313056757,0.6043051325313864,0.5241085114727058,-0.21173300403215758,0.5309411181054497,0.10894143771048645,0.4668053497964685,-0.1197879236265807,0.6762278970815727,0.6258283119266848,0.48356473895815955,0.2864461045021289,0.6460968415122292,-0.5568230967270428,0.6501337017480459,0.5093124799525733,0.48103958088412924,0.5135178151107935,-0.46179130947426766,0.469096278363063,-0.5608389317002525,-0.19265577137977835,0.31214933201077316,0.42284551755193667,0.400448937367546,0.6035437480381732,0.203570383994271,0.5840882671541726,0.3338907410301149,0.40525878373753377,0.652441358860254,-0.26389740720971677,0.5582152166381067,-0.24389244872192214,-0.1493901750310688,0.7289943601471403,0.5664607606340769,0.8359571220334393,-0.34737249783309904,0.3205234772920092,0.6633017904801766,0.21098002239216535],[0.14830951633641298,0.13466951952418127,0.13482998587715367,-0.03714275936285422,-0.010122555283957725,-0.002092592019359969,0.2444412398143018,0.5413877131653914,0.2349168230453233,0.29545800449897125,1.0,0.1968795023122442,0.39686034189747277,0.2145778606408181,0.33888483735711417,0.24607211028973058,0.3510388261497089,0.3112439698037827,-0.05340541273676178,0.1003948373882892,-0.09917672809516576,0.17795832327533728,0.11377450514527232,0.14270310410489367,0.13880017201085093,0.2235296080280568,0.14527787013963928,-0.034910553543524264,0.09198200687972825,-0.09964353299721149,-0.065418368750782,0.36035144860595414,0.2536725090626789,0.26164669666310947,0.03749789644786744,0.014411161926546347,0.06884239811631297,-0.06738393889090784,0.10292638590811512,0.2205416718342672,0.19903311189983078,0.0077813106480373135,0.3788643649078079,0.12972584100480672,0.2443020524737339,-0.14710300714695018,0.00986012661760275,0.26847670628021136,-0.08665534499307061,0.04846041938420615,0.06540662116272286,0.18260590867285711,0.06479652110560719,0.34542444925253585,0.27627446878598066,-0.11000581686909292,-0.07842851373629305,0.1587517142368112,0.35582446001246304,0.1210480462953391,0.14893979083230963,0.22527172333026044,0.16235468268076325,-0.06181641119960218,0.22971722438437775,0.17471294501133047,0.12252886393398721,-0.10722505574445587,0.3238081258869358,0.4007254483397194,0.23330579930698866,-0.02750776023666908,0.034681372725996265,0.21485255816367332,0.22984205990311363,0.24242519351214117,0.1222091524367988,0.06891948208404391,0.20558788279232204,0.09796310944617441,0.15962340988891266,0.05391773356474173,0.1216433978151807,0.3987192737825294,-0.31024069479058186,0.4267103613854056,-0.11854811477634879,0.21100009560442906,0.15590057487730852,0.07185588695000959,0.22343584845531192,0.33343697003700273,0.22860174811483794,0.14266494395563553,0.183404054902424,-0.050709026621607874,0.22400748986750874,0.05897732951910304,0.005722181728842117,0.2614441747895633,0.12618739359336267,0.20058055938564626,-0.122608874839322,0.21299784191740895,0.07308352944885456,0.24144182421473415],[0.2196666906270263,0.6985108409520473,0.5005024278555236,0.4738940366584379,0.7270747153515824,0.5530769865385795,-0.23884284329049643,0.09851463194755392,0.7219908591764782,-0.44354031197158217,0.1968795023122442,1.0,0.1038969940645293,-0.22027734592828196,-0.4112980696166229,-0.24163735802274322,0.2746473119178163,-0.42100540795033436,0.17660655889620472,0.24832872654529797,0.7129875468527395,0.12179569308111156,0.04507207442943116,0.529484350580172,0.4208456720484328,-0.14188802394958605,0.24625894808589618,0.545122632787336,-0.01459958070739877,0.3039741594161125,0.370381051349681,0.05268666072620163,0.12008831801252284,0.2743301685151791,0.04379278561686896,0.05913583261980026,-0.012109192928706118,-0.03315128178740481,0.5282551700053544,-0.12912254278011973,-0.18113170145214522,0.07970177782279994,0.37633807912468514,0.3650997450201805,-0.23443376806044192,0.0795387854108461,0.3206558775703994,0.1876033183719164,0.13263071067611548,0.14129465205734934,0.2439466884524629,0.007668936041326858,-0.1689130841192857,-0.1067031656876354,0.2044645937010387,0.39221445003310823,0.5196266218885736,-0.17599642880898228,-0.1375479710368841,0.27019825601658803,0.34605653460472247,0.08017364854393562,-0.22312316218856462,0.7455850637373115,-0.2972165940265462,-0.07345614324221948,0.1109964175346037,0.2603676905229884,-0.14718694149762337,0.5196224501253517,-0.08989114599453464,0.3934889331128872,-0.13585943700536188,0.001938348880031966,-0.022800379252492394,0.3779072891374296,-0.20193915823645447,0.5075922441840677,-0.11751795840071998,0.10030937272674915,0.220798737872543,0.10402840607745657,0.6432680718225484,0.07005506555306341,0.49566675196417775,0.39998834484156914,0.07806499514822159,0.13770466420702068,0.1402196431643545,-0.11527213521265964,0.24637172090719667,0.1787193335080453,0.15385859810248562,-0.1885934503310594,-0.06901073223896763,0.3410326978118951,-0.06880037262732697,0.3982222311091608,0.3946805590532775,-0.16306135248452566,0.024841952130374146,-0.2963898614473529,0.36959723026931557,-0.0450326318418633,-0.05691082105382077,0.3635076748785513],[0.3869427123699616,0.08637302700613911,0.24538220639984049,0.05936014073268329,-0.09296647028677538,-0.10463088911882454,0.6302969445037689,0.6490112885585195,0.2068923210996031,0.4768691333274034,0.39686034189747277,0.1038969940645293,1.0,0.5973036277472656,0.5696035412051487,0.6434850152800993,0.7456425504913523,0.5583863217698717,-0.12966964570779418,0.6182912211323365,-0.05788102924254643,0.5140472851726441,0.5966691387010681,0.12641280460317803,0.1798760136939192,0.6275379161751867,0.26574988733175753,0.25986830366476676,0.6315191853400036,0.1966426019566439,0.24418349160261302,0.7428535080263935,0.4112207123561274,0.6040923786058844,0.4691893115284187,0.5098940160338199,0.3421268565832827,0.443360914343447,0.5219531781716504,0.40797325272365187,0.6412211452849039,0.36469850597205017,0.29689908212193244,0.2635914350494142,0.5953426054252491,0.21724794798837707,0.23091504004803368,0.3636105177860559,0.1751603818948827,0.4542107473939558,0.5397950793719157,0.6164262404876133,0.4642491058468846,0.7408376468878635,0.5821316568353763,-0.06391027916310175,0.16266885464192085,0.6068845535240147,0.7021880823951826,0.03220849010925195,0.5291408393529756,0.4663247554082403,0.05958306561349849,-0.0992434386980013,0.6168296901184379,0.6228693745948041,0.5541069469101161,0.2691021904484727,0.6966530517769715,0.2829294558706982,0.33200919990409344,0.3221040521043844,0.5738205072266834,0.6853476313675612,0.5212506950512205,0.21733153532118685,0.45247354004568624,-0.18429767204314526,0.7098827542355131,0.4582494199480872,0.5151948688089794,0.5846292858889567,0.0855935194768158,0.4216595600412655,-0.25234133703454,0.15339575639325254,0.5582178045254255,0.5300305384971344,0.47624232583339554,0.47306560211294546,0.6048493497116024,0.7652063420937191,0.6051437941634348,0.518929193935491,0.6084398829067761,-0.15019069978289876,0.7771387819212716,0.22596261037501736,0.14093976307935188,0.6495002969473201,0.47649049753864586,0.5907834584491145,0.07308530495748758,0.41569641558321996,0.5944786839814031,0.44597117692903354],[0.38219335484777034,-0.4344188482089234,-0.11528855976451043,-0.3446550210266636,-0.5672768923139223,-0.4551419461630172,0.8090866533869676,0.5522496496896663,-0.14845769660213393,0.7210577544632498,0.2145778606408181,-0.22027734592828196,0.5973036277472656,1.0,0.5391113778900962,0.7930117724095901,0.6304990087693738,0.6827322297084317,-0.07439519591441127,0.7073693670795883,-0.41777788768708685,0.6840296602603004,0.8124847047720213,-0.36781200611485476,-0.46585371602618453,0.8968756786202684,0.3907831354861253,0.11765473072051526,0.8723529603895365,-0.14475806857821397,-0.0736642818772564,0.7158963298001568,0.4393161601916121,0.5951148240688452,0.5449718280980307,0.7989227595265912,0.5921143073212866,0.6126415308534306,0.26015827337742164,0.5566989940568715,0.9370865283318641,0.3347384298587316,0.2798217041845199,-0.18604774823804093,0.861930541201022,0.41610962348391617,0.010976223138465142,0.598045606796074,0.1411298756528935,0.420269611418521,0.5785930643381402,0.8101053074721413,0.8125268213701313,0.48637489588821897,0.3127597435421978,-0.35126715977183465,-0.26224519525420176,0.6289159042492799,0.8782176190858605,-0.16461188098449198,0.4064208591515398,0.4596139284932704,0.48704468510312715,-0.4761226639177764,0.8480803967952039,0.8361933478155631,0.5697641432702719,0.2848744937767166,0.8533589290546851,0.11705443788312545,0.581430417089311,-0.07624032179584506,0.8633716565287629,0.8708402832570142,0.7391217384656703,0.3433174826977281,0.7826693736504476,-0.7309280156255433,0.8624724933723985,0.724537657155068,0.5542740103605507,0.6460367202696461,-0.5353744902441804,0.38016599786527705,-0.5254321729833893,-0.37402862427650063,0.5772425495054481,0.6097972104477528,0.574996641800435,0.8566088008295364,0.41171551695055003,0.7310472040481605,0.5301609375409492,0.6934968304182859,0.8989431693751051,-0.38510278187632246,0.8139150485851541,-0.17876012251732545,-0.182712856327755,0.9160750966730303,0.7164618527518934,0.8620682727431882,-0.2837336659074377,0.569768006880253,0.8966414365245942,0.29471017680368466],[-0.0005297034238458679,-0.3991192393452276,-0.18352664000144484,-0.3137973609928615,-0.5235933330666348,-0.4146113483791259,0.37095269394406477,0.344464102772067,-0.2926285691538899,0.5800428164491337,0.33888483735711417,-0.4112980696166229,0.5696035412051487,0.5391113778900962,1.0,0.5072811635051864,0.404013327868935,0.634481636107255,-0.06516423403658884,0.338077053760022,-0.6118954104180419,0.20353044552123958,0.37509523211284596,-0.2901772508068226,-0.11482693207305852,0.6078048698528877,-0.01847976982766407,-0.27895984274339947,0.3843521528357202,-0.20896337201069284,-0.19836900856971235,0.5009894362846284,0.16630295483634816,0.24501522458153893,0.04073705040041996,0.2526947139061942,0.07561286523871126,0.24019350188716115,0.05808523829404099,0.21047156946435147,0.5557937554796276,0.3050084595612013,0.3030530024779088,-0.210424185473339,0.4765021335938637,0.018911859531030244,-0.0756445900128249,0.09312888819321927,0.05673112424474746,0.25143798764834396,0.10982055566129435,0.40557489361280935,0.46165829887544263,0.6004630759062043,0.09212746923066453,-0.1088410786040324,-0.3210370476239604,0.5132756487434936,0.646424021871703,-0.18621809085710497,0.2243067663464198,0.16122759334708897,0.11558179148246107,-0.5593941408421,0.604580587850976,0.4227178356048773,0.21785797593265274,-0.1085041177317628,0.4864713298422248,0.032156512841054356,0.3112020248516452,-0.1516830643151466,0.40846688476843007,0.41856208692020147,0.25736694880403554,-0.1106761718449991,0.328526848677642,-0.45387669377777456,0.47104480609972277,0.4029507160559271,0.016394618280006653,0.3510172490134044,-0.3671308167370651,0.1714354173705324,-0.49991319414929514,-0.06688543690547978,0.21691573721093746,0.2183660843651172,0.26322110953399686,0.35095699958516935,0.28940031496489893,0.33019564102329485,0.1970673036368854,0.41922132609696966,0.4190118306946167,-0.4184764508259006,0.5215672295443464,-0.15896363710616906,-0.3059362669295435,0.5638528440838633,0.32706709392746913,0.48265605374556303,-0.3308682304506884,0.402938292999568,0.37621630161260333,0.11482966973910401],[0.34763958118214594,-0.3662493172016456,-0.0833959233744031,-0.35756146507460074,-0.5202726245740704,-0.35679707956614076,0.7629308414646822,0.5246855123510095,-0.09105513517992958,0.7782654069693405,0.24607211028973058,-0.24163735802274322,0.6434850152800993,0.7930117724095901,0.5072811635051864,1.0,0.5098865235403693,0.6899735820030959,-0.3271106416880517,0.6295092647266761,-0.4042569575155833,0.6187119412358241,0.7707223476860324,-0.2879562260001115,-0.3296026807520691,0.7482279272925858,0.3945120797724491,0.06609963401864768,0.7765359779635275,-0.2553734188791378,-0.11196141018597267,0.630719960622297,0.29482789437863993,0.4406851173167864,0.525987454730557,0.6275875974511375,0.5552456793037219,0.4951456955364174,0.2639628683462732,0.7164463432448102,0.7935869478598802,0.2999782816963148,0.24017070095906637,-0.1702208793131683,0.7894201443552135,0.2246822067026377,0.03486915465971446,0.45341697231846284,0.1633953023357897,0.4592166590258874,0.5466005037354219,0.6737435814901529,0.6562031855993083,0.5067136306123301,0.4477404662384984,-0.35610906113448293,-0.27150272056233826,0.6815758991474588,0.8188153402992817,-0.26012457899370145,0.3289347022795104,0.40434442885034444,0.3229793773222036,-0.43880081212594957,0.790562480618844,0.6953477210140498,0.4925743230125774,0.20122055175849782,0.6896678710117253,0.16468498448281604,0.5853466058316291,-0.12298280095062909,0.7604373987072437,0.7741486357755171,0.6249547806963575,0.38333280062731895,0.738370888613137,-0.5623728643563819,0.831322578640253,0.638341405602954,0.46997518096451546,0.5543162776195105,-0.4080118384466475,0.4009603260613289,-0.6032429863737748,-0.34568804438297984,0.5930538418148313,0.5438437884435227,0.508299811994031,0.7486479336374673,0.37051290741661896,0.6505355603041499,0.47599758006813553,0.48627125367634305,0.7337011660228385,-0.3520648150463806,0.8326601450427713,-0.08316314353045416,-0.15494403735866638,0.796186040921092,0.6839075936012113,0.8021538648417752,-0.3039286335311446,0.4106055362734181,0.7974637907936227,0.311859013343711],[0.4535061115483453,0.21248454809695316,0.35309723308286173,0.031073353364699675,-0.039638147722461846,0.0640131813652116,0.5900345302705262,0.7541872723779323,0.31013100442985764,0.524936618217408,0.3510388261497089,0.2746473119178163,0.7456425504913523,0.6304990087693738,0.404013327868935,0.5098865235403693,1.0,0.5690245188866028,-0.13986711376538868,0.734848450140504,0.015945294186923663,0.452035629768475,0.667943994644566,0.15691435034687842,0.14954305486600764,0.693395210378563,0.25092775339172513,0.564240048570948,0.6942217800217257,0.18246042009726396,0.17542523187944062,0.8352176676323156,0.46023924474466027,0.5544235561672619,0.5361859049174212,0.5497172079344225,0.3680780781169251,0.4257831281264955,0.5260291475585629,0.4774235192557931,0.6028728146271991,0.35474126357803154,0.4510680307371411,0.25952549948671727,0.6204211009588634,0.38311926820177594,0.28438426200080646,0.3594486505477692,0.2544669698840795,0.5317513974049666,0.5863990076707033,0.6879271214349607,0.458434970188276,0.6547380833365476,0.3976930510078698,0.11244461879505233,0.2001263164520365,0.5405809849622143,0.6330984733422644,0.034170820805811644,0.5589872928898675,0.6661610590970587,0.07241957939701976,0.03103744743692509,0.6635392031045256,0.7189446086499011,0.6580311825862825,0.1347411183984283,0.6072280455495839,0.4112320870897971,0.37139473754187524,0.297300390810894,0.6243883302955641,0.6760248212732789,0.6134780132984814,0.3652938045363477,0.4495724081420885,-0.22598013559056643,0.6176337571338706,0.5454154991813559,0.7739244640122168,0.7213717807686074,0.07720462068499438,0.35507930549451816,-0.19293225341655668,0.08458559266616181,0.4325081458108432,0.4676081061553336,0.6525801568433641,0.5188526160529462,0.614564816790517,0.9162300852208036,0.6133416738962176,0.4414698096067812,0.6654286105784042,-0.10507383201067856,0.605544964581303,0.15099194283955242,0.24277286826493275,0.715197132975138,0.5662523154541953,0.6695437488843586,0.1307539172381397,0.26576112219106635,0.6440771962616861,0.35750315928344323],[0.16811800139405977,-0.3670729519487764,-0.1067189714241277,-0.3277155205356971,-0.5169915241651972,-0.22554916521981716,0.5618102146206221,0.5655460485085395,-0.20579278186978356,0.7508861204454916,0.3112439698037827,-0.42100540795033436,0.5583863217698717,0.6827322297084317,0.634481636107255,0.6899735820030959,0.5690245188866028,1.0,-0.213421255761098,0.44417290194301007,-0.5190312427965929,0.3074278874416594,0.5451169713658344,-0.14546351937408275,-0.1117228880014986,0.6852785528838223,0.060845174986306795,0.0795993080664469,0.5820172382761729,-0.22284981243838703,-0.19307135858055624,0.5448984800292977,0.12614884230429288,0.3275597775526698,0.3291170710397137,0.3756726828056167,0.3623355547739915,0.4178167694336187,0.1164257697093034,0.5102859454058359,0.6385826355697722,0.24664774768434372,0.20718753390121694,-0.1227795589181864,0.6721758006974581,0.23129353291539184,0.04896477142113241,0.2191950843073393,0.12978921832626136,0.485522235200137,0.29960186201631817,0.6186074538374338,0.5842534755877488,0.5668641803342299,0.09940352870875242,-0.2076715314076426,-0.1803839250711804,0.6309938333409739,0.634335408458548,-0.27439668961502267,0.2916181413223113,0.5040911086212004,0.22065052707219562,-0.4910683501775116,0.7440767983649109,0.720659549796451,0.32322455708823156,0.05503713901660563,0.6513869485244065,-0.036154352778383594,0.4246640066765061,-0.00803839088658052,0.5702590587236607,0.5844930444653329,0.5184043979651135,0.1869507215028735,0.6059554975023321,-0.4479364280199411,0.6578130196640033,0.44859107105639723,0.39880632589712656,0.42188489396416945,-0.4615446282646646,0.20049086703803437,-0.573287016626523,-0.13551581951075964,0.16211596218480614,0.3284492694510643,0.28789400349686894,0.5356440470996964,0.45311858546046546,0.6123594671465706,0.21163713203132986,0.5253348291495531,0.6204394695973618,-0.27676411532193756,0.596365371836117,-0.00016256834500943113,-0.18676661625008664,0.779279924396338,0.5532753631913723,0.7164797224558919,-0.16171917763279545,0.19086321918823285,0.5754417838222659,0.0973373013239458],[-0.002880142860469095,-0.000594353217286032,0.01173645191431528,0.214386835878174,0.17574484540338722,-0.0003035228870822896,-0.3080074905921364,-0.17018900248106464,0.04890619634445544,-0.32900921913016357,-0.05340541273676178,0.17660655889620472,-0.12966964570779418,-0.07439519591441127,-0.0