---
layout: detail
title: StockReport(my_selection.ss.html)
dt_created: 2024-01-04 22:29:08 +0000
---
<h4>Sector: [my_selection]</h4><h5>html_fn_3yr_dividend_history</h5><div><div>                        <script type="text/javascript">window.PlotlyConfig = {MathJaxConfig: 'local'};</script>
        <script charset="utf-8" src="https://cdn.plot.ly/plotly-2.27.0.min.js"></script>                <div id="6d5551c0-f4f9-4197-bdca-03f71c79e97f" class="plotly-graph-div" style="height:100%; width:100%;"></div>            <script type="text/javascript">                                    window.PLOTLYENV=window.PLOTLYENV || {};                                    if (document.getElementById("6d5551c0-f4f9-4197-bdca-03f71c79e97f")) {                    Plotly.newPlot(                        "6d5551c0-f4f9-4197-bdca-03f71c79e97f",                        [{"alignmentgroup":"True","base":["2023-11-09T00:00:00","2023-08-10T00:00:00","2023-05-25T00:00:00","2023-02-16T00:00:00","2022-11-02T00:00:00","2022-08-11T00:00:00","2022-05-27T00:00:00","2022-02-17T00:00:00","2021-11-03T00:00:00","2021-08-18T00:00:00","2021-06-03T00:00:00","2021-02-18T00:00:00","2020-11-04T00:00:00"],"customdata":[[56,56,4,4,61,"NYSE","Finance","Life Insurance",26.41,0.45,1.7039000378644453,58.68888888888889,1.7],[147,147,-91,-91,57,"NYSE","Finance","Life Insurance",26.41,0.45,1.7039000378644453,58.68888888888889,1.7],[224,224,-182,-182,43,"NYSE","Finance","Life Insurance",26.41,0.45,1.7039000378644453,58.68888888888889,1.7],[322,322,-274,-274,49,"NYSE","Finance","Life Insurance",26.41,0.45,1.7039000378644453,58.68888888888889,1.7],[428,428,-361,-361,68,"NYSE","Finance","Life Insurance",26.41,0.45,1.7039000378644453,58.68888888888889,1.7],[511,511,-456,-456,56,"NYSE","Finance","Life Insurance",26.41,0.45,1.7039000378644453,58.68888888888889,1.7],[587,587,-546,-546,42,"NYSE","Finance","Life Insurance",26.41,0.45,1.7039000378644453,58.68888888888889,1.7],[686,686,-637,-637,50,"NYSE","Finance","Life Insurance",26.41,0.45,1.7039000378644453,58.68888888888889,1.7],[792,792,-728,-728,65,"NYSE","Finance","Life Insurance",26.41,0.45,1.7039000378644453,58.68888888888889,1.7],[869,869,-820,-820,50,"NYSE","Finance","Life Insurance",26.41,0.42,1.5903067020068156,62.88095238095239,1.6],[945,945,-910,-910,36,"NYSE","Finance","Life Insurance",26.41,0.42,1.5903067020068156,62.88095238095239,1.6],[1050,1050,-1001,-1001,50,"NYSE","Finance","Life Insurance",26.41,0.42,1.5903067020068156,62.88095238095239,1.6],[1156,1156,-1092,-1092,65,"NYSE","Finance","Life Insurance",26.41,0.42,1.5903067020068156,62.88095238095239,1.6]],"hovertemplate":"x_start=%{base}\u003cbr\u003ex_end=%{x}\u003cbr\u003estr_symbol=%{y}\u003cbr\u003edt_declarationDate_past=%{customdata[0]}\u003cbr\u003ed_past=%{customdata[1]}\u003cbr\u003edt_exOrEffDate_until=%{customdata[2]}\u003cbr\u003ed_until=%{customdata[3]}\u003cbr\u003eTTL=%{customdata[4]}\u003cbr\u003estr_Exchange=%{customdata[5]}\u003cbr\u003estr_Sector=%{customdata[6]}\u003cbr\u003estr_Industry=%{customdata[7]}\u003cbr\u003enum_PreviousClose=%{customdata[8]}\u003cbr\u003enum_amount=%{customdata[9]}\u003cbr\u003enum_CpD=%{customdata[10]}\u003cbr\u003enum_times=%{customdata[11]}\u003cbr\u003eROI=%{marker.color}\u003cextra\u003e\u003c\u002fextra\u003e","legendgroup":"","marker":{"color":[1.7,1.7,1.7,1.7,1.7,1.7,1.7,1.7,1.7,1.6,1.6,1.6,1.6],"coloraxis":"coloraxis","pattern":{"shape":""}},"name":"","offsetgroup":"","orientation":"h","showlegend":false,"textposition":"auto","x":[5270400000.0,4924800000.0,3715200000.0,4233600000.0,5875200000.0,4838400000.0,3628800000.0,4320000000.0,5616000000.0,4320000000.0,3110400000.0,4320000000.0,5616000000.0],"xaxis":"x","y":["LNC","LNC","LNC","LNC","LNC","LNC","LNC","LNC","LNC","LNC","LNC","LNC","LNC"],"yaxis":"y","type":"bar"}],                        {"template":{"data":{"histogram2dcontour":[{"type":"histogram2dcontour","colorbar":{"outlinewidth":0,"ticks":""},"colorscale":[[0.0,"#0d0887"],[0.1111111111111111,"#46039f"],[0.2222222222222222,"#7201a8"],[0.3333333333333333,"#9c179e"],[0.4444444444444444,"#bd3786"],[0.5555555555555556,"#d8576b"],[0.6666666666666666,"#ed7953"],[0.7777777777777778,"#fb9f3a"],[0.8888888888888888,"#fdca26"],[1.0,"#f0f921"]]}],"choropleth":[{"type":"choropleth","colorbar":{"outlinewidth":0,"ticks":""}}],"histogram2d":[{"type":"histogram2d","colorbar":{"outlinewidth":0,"ticks":""},"colorscale":[[0.0,"#0d0887"],[0.1111111111111111,"#46039f"],[0.2222222222222222,"#7201a8"],[0.3333333333333333,"#9c179e"],[0.4444444444444444,"#bd3786"],[0.5555555555555556,"#d8576b"],[0.6666666666666666,"#ed7953"],[0.7777777777777778,"#fb9f3a"],[0.8888888888888888,"#fdca26"],[1.0,"#f0f921"]]}],"heatmap":[{"type":"heatmap","colorbar":{"outlinewidth":0,"ticks":""},"colorscale":[[0.0,"#0d0887"],[0.1111111111111111,"#46039f"],[0.2222222222222222,"#7201a8"],[0.3333333333333333,"#9c179e"],[0.4444444444444444,"#bd3786"],[0.5555555555555556,"#d8576b"],[0.6666666666666666,"#ed7953"],[0.7777777777777778,"#fb9f3a"],[0.8888888888888888,"#fdca26"],[1.0,"#f0f921"]]}],"heatmapgl":[{"type":"heatmapgl","colorbar":{"outlinewidth":0,"ticks":""},"colorscale":[[0.0,"#0d0887"],[0.1111111111111111,"#46039f"],[0.2222222222222222,"#7201a8"],[0.3333333333333333,"#9c179e"],[0.4444444444444444,"#bd3786"],[0.5555555555555556,"#d8576b"],[0.6666666666666666,"#ed7953"],[0.7777777777777778,"#fb9f3a"],[0.8888888888888888,"#fdca26"],[1.0,"#f0f921"]]}],"contourcarpet":[{"type":"contourcarpet","colorbar":{"outlinewidth":0,"ticks":""}}],"contour":[{"type":"contour","colorbar":{"outlinewidth":0,"ticks":""},"colorscale":[[0.0,"#0d0887"],[0.1111111111111111,"#46039f"],[0.2222222222222222,"#7201a8"],[0.3333333333333333,"#9c179e"],[0.4444444444444444,"#bd3786"],[0.5555555555555556,"#d8576b"],[0.6666666666666666,"#ed7953"],[0.7777777777777778,"#fb9f3a"],[0.8888888888888888,"#fdca26"],[1.0,"#f0f921"]]}],"surface":[{"type":"surface","colorbar":{"outlinewidth":0,"ticks":""},"colorscale":[[0.0,"#0d0887"],[0.1111111111111111,"#46039f"],[0.2222222222222222,"#7201a8"],[0.3333333333333333,"#9c179e"],[0.4444444444444444,"#bd3786"],[0.5555555555555556,"#d8576b"],[0.6666666666666666,"#ed7953"],[0.7777777777777778,"#fb9f3a"],[0.8888888888888888,"#fdca26"],[1.0,"#f0f921"]]}],"mesh3d":[{"type":"mesh3d","colorbar":{"outlinewidth":0,"ticks":""}}],"scatter":[{"fillpattern":{"fillmode":"overlay","size":10,"solidity":0.2},"type":"scatter"}],"parcoords":[{"type":"parcoords","line":{"colorbar":{"outlinewidth":0,"ticks":""}}}],"scatterpolargl":[{"type":"scatterpolargl","marker":{"colorbar":{"outlinewidth":0,"ticks":""}}}],"bar":[{"error_x":{"color":"#2a3f5f"},"error_y":{"color":"#2a3f5f"},"marker":{"line":{"color":"#E5ECF6","width":0.5},"pattern":{"fillmode":"overlay","size":10,"solidity":0.2}},"type":"bar"}],"scattergeo":[{"type":"scattergeo","marker":{"colorbar":{"outlinewidth":0,"ticks":""}}}],"scatterpolar":[{"type":"scatterpolar","marker":{"colorbar":{"outlinewidth":0,"ticks":""}}}],"histogram":[{"marker":{"pattern":{"fillmode":"overlay","size":10,"solidity":0.2}},"type":"histogram"}],"scattergl":[{"type":"scattergl","marker":{"colorbar":{"outlinewidth":0,"ticks":""}}}],"scatter3d":[{"type":"scatter3d","line":{"colorbar":{"outlinewidth":0,"ticks":""}},"marker":{"colorbar":{"outlinewidth":0,"ticks":""}}}],"scattermapbox":[{"type":"scattermapbox","marker":{"colorbar":{"outlinewidth":0,"ticks":""}}}],"scatterternary":[{"type":"scatterternary","marker":{"colorbar":{"outlinewidth":0,"ticks":""}}}],"scattercarpet":[{"type":"scattercarpet","marker":{"colorbar":{"outlinewidth":0,"ticks":""}}}],"carpet":[{"aaxis":{"endlinecolor":"#2a3f5f","gridcolor":"white","linecolor":"white","minorgridcolor":"white","startlinecolor":"#2a3f5f"},"baxis":{"endlinecolor":"#2a3f5f","gridcolor":"white","linecolor":"white","minorgridcolor":"white","startlinecolor":"#2a3f5f"},"type":"carpet"}],"table":[{"cells":{"fill":{"color":"#EBF0F8"},"line":{"color":"white"}},"header":{"fill":{"color":"#C8D4E3"},"line":{"color":"white"}},"type":"table"}],"barpolar":[{"marker":{"line":{"color":"#E5ECF6","width":0.5},"pattern":{"fillmode":"overlay","size":10,"solidity":0.2}},"type":"barpolar"}],"pie":[{"automargin":true,"type":"pie"}]},"layout":{"autotypenumbers":"strict","colorway":["#636efa","#EF553B","#00cc96","#ab63fa","#FFA15A","#19d3f3","#FF6692","#B6E880","#FF97FF","#FECB52"],"font":{"color":"#2a3f5f"},"hovermode":"closest","hoverlabel":{"align":"left"},"paper_bgcolor":"white","plot_bgcolor":"#E5ECF6","polar":{"bgcolor":"#E5ECF6","angularaxis":{"gridcolor":"white","linecolor":"white","ticks":""},"radialaxis":{"gridcolor":"white","linecolor":"white","ticks":""}},"ternary":{"bgcolor":"#E5ECF6","aaxis":{"gridcolor":"white","linecolor":"white","ticks":""},"baxis":{"gridcolor":"white","linecolor":"white","ticks":""},"caxis":{"gridcolor":"white","linecolor":"white","ticks":""}},"coloraxis":{"colorbar":{"outlinewidth":0,"ticks":""}},"colorscale":{"sequential":[[0.0,"#0d0887"],[0.1111111111111111,"#46039f"],[0.2222222222222222,"#7201a8"],[0.3333333333333333,"#9c179e"],[0.4444444444444444,"#bd3786"],[0.5555555555555556,"#d8576b"],[0.6666666666666666,"#ed7953"],[0.7777777777777778,"#fb9f3a"],[0.8888888888888888,"#fdca26"],[1.0,"#f0f921"]],"sequentialminus":[[0.0,"#0d0887"],[0.1111111111111111,"#46039f"],[0.2222222222222222,"#7201a8"],[0.3333333333333333,"#9c179e"],[0.4444444444444444,"#bd3786"],[0.5555555555555556,"#d8576b"],[0.6666666666666666,"#ed7953"],[0.7777777777777778,"#fb9f3a"],[0.8888888888888888,"#fdca26"],[1.0,"#f0f921"]],"diverging":[[0,"#8e0152"],[0.1,"#c51b7d"],[0.2,"#de77ae"],[0.3,"#f1b6da"],[0.4,"#fde0ef"],[0.5,"#f7f7f7"],[0.6,"#e6f5d0"],[0.7,"#b8e186"],[0.8,"#7fbc41"],[0.9,"#4d9221"],[1,"#276419"]]},"xaxis":{"gridcolor":"white","linecolor":"white","ticks":"","title":{"standoff":15},"zerolinecolor":"white","automargin":true,"zerolinewidth":2},"yaxis":{"gridcolor":"white","linecolor":"white","ticks":"","title":{"standoff":15},"zerolinecolor":"white","automargin":true,"zerolinewidth":2},"scene":{"xaxis":{"backgroundcolor":"#E5ECF6","gridcolor":"white","linecolor":"white","showbackground":true,"ticks":"","zerolinecolor":"white","gridwidth":2},"yaxis":{"backgroundcolor":"#E5ECF6","gridcolor":"white","linecolor":"white","showbackground":true,"ticks":"","zerolinecolor":"white","gridwidth":2},"zaxis":{"backgroundcolor":"#E5ECF6","gridcolor":"white","linecolor":"white","showbackground":true,"ticks":"","zerolinecolor":"white","gridwidth":2}},"shapedefaults":{"line":{"color":"#2a3f5f"}},"annotationdefaults":{"arrowcolor":"#2a3f5f","arrowhead":0,"arrowwidth":1},"geo":{"bgcolor":"white","landcolor":"#E5ECF6","subunitcolor":"white","showland":true,"showlakes":true,"lakecolor":"white"},"title":{"x":0.05},"mapbox":{"style":"light"}}},"xaxis":{"anchor":"y","domain":[0.0,1.0],"type":"date"},"yaxis":{"anchor":"x","domain":[0.0,1.0],"title":{"text":"str_symbol"},"showgrid":true,"gridwidth":1,"gridcolor":"White"},"coloraxis":{"colorbar":{"title":{"text":"ROI"}},"colorscale":[[0.0,"rgb(0,0,131)"],[0.2,"rgb(0,60,170)"],[0.4,"rgb(5,255,255)"],[0.6,"rgb(255,255,0)"],[0.8,"rgb(250,0,0)"],[1.0,"rgb(128,0,0)"]]},"legend":{"tracegroupgap":0},"margin":{"t":60},"barmode":"overlay","shapes":[{"fillcolor":"gray","line":{"width":1},"opacity":0.75,"type":"rect","x0":"2023-07-08","x1":"2023-07-10","xref":"x","y0":0,"y1":1,"yref":"y domain"},{"fillcolor":"gray","line":{"width":1},"opacity":0.75,"type":"rect","x0":"2023-07-15","x1":"2023-07-17","xref":"x","y0":0,"y1":1,"yref":"y domain"},{"fillcolor":"gray","line":{"width":1},"opacity":0.75,"type":"rect","x0":"2023-07-22","x1":"2023-07-24","xref":"x","y0":0,"y1":1,"yref":"y domain"},{"fillcolor":"gray","line":{"width":1},"opacity":0.75,"type":"rect","x0":"2023-07-29","x1":"2023-07-31","xref":"x","y0":0,"y1":1,"yref":"y domain"},{"fillcolor":"gray","line":{"width":1},"opacity":0.75,"type":"rect","x0":"2023-08-05","x1":"2023-08-07","xref":"x","y0":0,"y1":1,"yref":"y domain"},{"fillcolor":"gray","line":{"width":1},"opacity":0.75,"type":"rect","x0":"2023-08-12","x1":"2023-08-14","xref":"x","y0":0,"y1":1,"yref":"y domain"},{"fillcolor":"gray","line":{"width":1},"opacity":0.75,"type":"rect","x0":"2023-08-19","x1":"2023-08-21","xref":"x","y0":0,"y1":1,"yref":"y domain"},{"fillcolor":"gray","line":{"width":1},"opacity":0.75,"type":"rect","x0":"2023-08-26","x1":"2023-08-28","xref":"x","y0":0,"y1":1,"yref":"y domain"},{"fillcolor":"gray","line":{"width":1},"opacity":0.75,"type":"rect","x0":"2023-09-02","x1":"2023-09-04","xref":"x","y0":0,"y1":1,"yref":"y domain"},{"fillcolor":"gray","line":{"width":1},"opacity":0.75,"type":"rect","x0":"2023-09-09","x1":"2023-09-11","xref":"x","y0":0,"y1":1,"yref":"y domain"},{"fillcolor":"gray","line":{"width":1},"opacity":0.75,"type":"rect","x0":"2023-09-16","x1":"2023-09-18","xref":"x","y0":0,"y1":1,"yref":"y domain"},{"fillcolor":"gray","line":{"width":1},"opacity":0.75,"type":"rect","x0":"2023-09-23","x1":"2023-09-25","xref":"x","y0":0,"y1":1,"yref":"y domain"},{"fillcolor":"gray","line":{"width":1},"opacity":0.75,"type":"rect","x0":"2023-09-30","x1":"2023-10-02","xref":"x","y0":0,"y1":1,"yref":"y domain"},{"fillcolor":"gray","line":{"width":1},"opacity":0.75,"type":"rect","x0":"2023-10-07","x1":"2023-10-09","xref":"x","y0":0,"y1":1,"yref":"y domain"},{"fillcolor":"gray","line":{"width":1},"opacity":0.75,"type":"rect","x0":"2023-10-14","x1":"2023-10-16","xref":"x","y0":0,"y1":1,"yref":"y domain"},{"fillcolor":"gray","line":{"width":1},"opacity":0.75,"type":"rect","x0":"2023-10-21","x1":"2023-10-23","xref":"x","y0":0,"y1":1,"yref":"y domain"},{"fillcolor":"gray","line":{"width":1},"opacity":0.75,"type":"rect","x0":"2023-10-28","x1":"2023-10-30","xref":"x","y0":0,"y1":1,"yref":"y domain"},{"fillcolor":"gray","line":{"width":1},"opacity":0.75,"type":"rect","x0":"2023-11-04","x1":"2023-11-06","xref":"x","y0":0,"y1":1,"yref":"y domain"},{"fillcolor":"gray","line":{"width":1},"opacity":0.75,"type":"rect","x0":"2023-11-11","x1":"2023-11-13","xref":"x","y0":0,"y1":1,"yref":"y domain"},{"fillcolor":"gray","line":{"width":1},"opacity":0.75,"type":"rect","x0":"2023-11-18","x1":"2023-11-20","xref":"x","y0":0,"y1":1,"yref":"y domain"},{"fillcolor":"gray","line":{"width":1},"opacity":0.75,"type":"rect","x0":"2023-11-25","x1":"2023-11-27","xref":"x","y0":0,"y1":1,"yref":"y domain"},{"fillcolor":"gray","line":{"width":1},"opacity":0.75,"type":"rect","x0":"2023-12-02","x1":"2023-12-04","xref":"x","y0":0,"y1":1,"yref":"y domain"},{"fillcolor":"gray","line":{"width":1},"opacity":0.75,"type":"rect","x0":"2023-12-09","x1":"2023-12-11","xref":"x","y0":0,"y1":1,"yref":"y domain"},{"fillcolor":"gray","line":{"width":1},"opacity":0.75,"type":"rect","x0":"2023-12-16","x1":"2023-12-18","xref":"x","y0":0,"y1":1,"yref":"y domain"},{"fillcolor":"gray","line":{"width":1},"opacity":0.75,"type":"rect","x0":"2023-12-23","x1":"2023-12-25","xref":"x","y0":0,"y1":1,"yref":"y domain"},{"fillcolor":"gray","line":{"width":1},"opacity":0.75,"type":"rect","x0":"2023-12-30","x1":"2024-01-01","xref":"x","y0":0,"y1":1,"yref":"y domain"},{"fillcolor":"gray","line":{"width":1},"opacity":0.75,"type":"rect","x0":"2024-01-06","x1":"2024-01-08","xref":"x","y0":0,"y1":1,"yref":"y domain"},{"fillcolor":"gray","line":{"width":1},"opacity":0.75,"type":"rect","x0":"2024-01-13","x1":"2024-01-15","xref":"x","y0":0,"y1":1,"yref":"y domain"},{"fillcolor":"gray","line":{"width":1},"opacity":0.75,"type":"rect","x0":"2024-01-20","x1":"2024-01-22","xref":"x","y0":0,"y1":1,"yref":"y domain"},{"fillcolor":"gray","line":{"width":1},"opacity":0.75,"type":"rect","x0":"2024-01-27","x1":"2024-01-29","xref":"x","y0":0,"y1":1,"yref":"y domain"},{"fillcolor":"gray","line":{"width":1},"opacity":0.75,"type":"rect","x0":"2024-02-03","x1":"2024-02-05","xref":"x","y0":0,"y1":1,"yref":"y domain"},{"fillcolor":"gray","line":{"width":1},"opacity":0.75,"type":"rect","x0":"2024-02-10","x1":"2024-02-12","xref":"x","y0":0,"y1":1,"yref":"y domain"},{"fillcolor":"gray","line":{"width":1},"opacity":0.75,"type":"rect","x0":"2024-02-17","x1":"2024-02-19","xref":"x","y0":0,"y1":1,"yref":"y domain"},{"fillcolor":"gray","line":{"width":1},"opacity":0.75,"type":"rect","x0":"2024-02-24","x1":"2024-02-26","xref":"x","y0":0,"y1":1,"yref":"y domain"},{"fillcolor":"gray","line":{"width":1},"opacity":0.75,"type":"rect","x0":"2024-03-02","x1":"2024-03-04","xref":"x","y0":0,"y1":1,"yref":"y domain"},{"fillcolor":"gray","line":{"width":1},"opacity":0.75,"type":"rect","x0":"2024-03-09","x1":"2024-03-11","xref":"x","y0":0,"y1":1,"yref":"y domain"},{"fillcolor":"gray","line":{"width":1},"opacity":0.75,"type":"rect","x0":"2024-03-16","x1":"2024-03-18","xref":"x","y0":0,"y1":1,"yref":"y domain"},{"fillcolor":"gray","line":{"width":1},"opacity":0.75,"type":"rect","x0":"2024-03-23","x1":"2024-03-25","xref":"x","y0":0,"y1":1,"yref":"y domain"},{"fillcolor":"gray","line":{"width":1},"opacity":0.75,"type":"rect","x0":"2024-03-30","x1":"2024-04-01","xref":"x","y0":0,"y1":1,"yref":"y domain"},{"fillcolor":"gray","line":{"width":1},"opacity":0.75,"type":"rect","x0":"2024-04-06","x1":"2024-04-08","xref":"x","y0":0,"y1":1,"yref":"y domain"},{"fillcolor":"gray","line":{"width":1},"opacity":0.75,"type":"rect","x0":"2024-04-13","x1":"2024-04-15","xref":"x","y0":0,"y1":1,"yref":"y domain"},{"fillcolor":"gray","line":{"width":1},"opacity":0.75,"type":"rect","x0":"2024-04-20","x1":"2024-04-22","xref":"x","y0":0,"y1":1,"yref":"y domain"},{"fillcolor":"gray","line":{"width":1},"opacity":0.75,"type":"rect","x0":"2024-04-27","x1":"2024-04-29","xref":"x","y0":0,"y1":1,"yref":"y domain"},{"fillcolor":"gray","line":{"width":1},"opacity":0.75,"type":"rect","x0":"2024-05-04","x1":"2024-05-06","xref":"x","y0":0,"y1":1,"yref":"y domain"},{"fillcolor":"gray","line":{"width":1},"opacity":0.75,"type":"rect","x0":"2024-05-11","x1":"2024-05-13","xref":"x","y0":0,"y1":1,"yref":"y domain"},{"fillcolor":"gray","line":{"width":1},"opacity":0.75,"type":"rect","x0":"2024-05-18","x1":"2024-05-20","xref":"x","y0":0,"y1":1,"yref":"y domain"},{"fillcolor":"gray","line":{"width":1},"opacity":0.75,"type":"rect","x0":"2024-05-25","x1":"2024-05-27","xref":"x","y0":0,"y1":1,"yref":"y domain"},{"fillcolor":"gray","line":{"width":1},"opacity":0.75,"type":"rect","x0":"2024-06-01","x1":"2024-06-03","xref":"x","y0":0,"y1":1,"yref":"y domain"},{"fillcolor":"gray","line":{"width":1},"opacity":0.75,"type":"rect","x0":"2024-06-08","x1":"2024-06-10","xref":"x","y0":0,"y1":1,"yref":"y domain"},{"fillcolor":"gray","line":{"width":1},"opacity":0.75,"type":"rect","x0":"2024-06-15","x1":"2024-06-17","xref":"x","y0":0,"y1":1,"yref":"y domain"},{"fillcolor":"gray","line":{"width":1},"opacity":0.75,"type":"rect","x0":"2024-06-22","x1":"2024-06-24","xref":"x","y0":0,"y1":1,"yref":"y domain"},{"fillcolor":"gray","line":{"width":1},"opacity":0.75,"type":"rect","x0":"2024-06-29","x1":"2024-07-01","xref":"x","y0":0,"y1":1,"yref":"y domain"},{"fillcolor":"green","line":{"width":1},"opacity":0.25,"type":"rect","x0":"2023-12-05T22:29:04.694261","x1":"2024-01-04T22:29:04.694261","xref":"x","y0":0,"y1":1,"yref":"y domain"},{"fillcolor":"red","line":{"width":1},"opacity":0.25,"type":"rect","x0":"2024-02-03T22:29:04.694261","x1":"2024-01-04T22:29:04.694261","xref":"x","y0":0,"y1":1,"yref":"y domain"},{"line":{"color":"red","dash":"dash","width":2},"type":"line","x0":"2024-01-04T22:29:04.694261","x1":"2024-01-04T22:29:04.694261","xref":"x","y0":0,"y1":1,"yref":"y domain"}],"annotations":[{"showarrow":false,"text":"-1mo","x":"2023-12-05T22:29:04.694261","xanchor":"left","xref":"x","y":1,"yanchor":"top","yref":"y domain"},{"showarrow":false,"text":"+1mo","x":"2024-01-04T22:29:04.694261","xanchor":"left","xref":"x","y":1,"yanchor":"top","yref":"y domain"}]},                        {"responsive": true}                    )                };                            </script>        </div></div><h5>fn_build_correlation_mx</h5><div><div>                        <script type="text/javascript">window.PlotlyConfig = {MathJaxConfig: 'local'};</script>
        <script charset="utf-8" src="https://cdn.plot.ly/plotly-2.27.0.min.js"></script>                <div id="e7b13e33-a0bd-4fc1-b0bc-c28d7d4f10a3" class="plotly-graph-div" style="height:100%; width:100%;"></div>            <script type="text/javascript">                                    window.PLOTLYENV=window.PLOTLYENV || {};                                    if (document.getElementById("e7b13e33-a0bd-4fc1-b0bc-c28d7d4f10a3")) {                    Plotly.newPlot(                        "e7b13e33-a0bd-4fc1-b0bc-c28d7d4f10a3",                        [{"colorscale":[[0.0,"rgb(103,0,31)"],[0.1,"rgb(178,24,43)"],[0.2,"rgb(214,96,77)"],[0.3,"rgb(244,165,130)"],[0.4,"rgb(253,219,199)"],[0.5,"rgb(247,247,247)"],[0.6,"rgb(209,229,240)"],[0.7,"rgb(146,197,222)"],[0.8,"rgb(67,147,195)"],[0.9,"rgb(33,102,172)"],[1.0,"rgb(5,48,97)"]],"texttemplate":"%{z:.1f}","x":["ABR","APLE","AQN","ARI","CAR","CCU","CIB","GAIN","JKS","LNC","MPW","O","OBDC","PMT","TDG"],"y":["ABR","APLE","AQN","ARI","CAR","CCU","CIB","GAIN","JKS","LNC","MPW","O","OBDC","PMT","TDG"],"z":[[1.0,0.6263924409881708,0.6600733207684609,0.8905264858450987,0.47039979214323635,0.5510703062406214,0.21727959839124414,0.11524873926322726,0.5003208083412335,0.6017913262233265,0.726469572558923,0.6494965668516803,0.3738291374652362,0.8692976422877179,0.29015214218771296],[0.6263924409881708,1.0,0.5081902977659565,0.5989173621948026,0.3899870918633113,0.3538035947391383,0.3826475973028004,0.3090362231885612,0.08374609536603879,0.47157485904089913,0.6631584583879733,0.5873647583474703,0.38201475167794535,0.5324989675366264,0.13077266863713294],[0.6600733207684609,0.5081902977659565,1.0,0.6540316614519661,0.5189072566348458,0.6053534125931804,0.37417212313767506,0.24194273804408115,0.36918896903246945,0.674690220476518,0.5792153487688344,0.6977926535828475,0.2789540264791573,0.6654937580065209,0.14458931250456025],[0.8905264858450987,0.5989173621948026,0.6540316614519661,1.0,0.32312660357782813,0.46179649951911145,0.32728669232671703,0.1620374842897891,0.38107617303949776,0.5603854973575308,0.623394729030889,0.5454502287254612,0.5264959153935072,0.9419248579922189,0.22381126740623025],[0.47039979214323635,0.3899870918633113,0.5189072566348458,0.32312660357782813,1.0,0.4884247954039584,0.08989376500291012,0.21272460535883375,0.535598321815088,0.5126057469624878,0.23450782650411975,0.36413882680000875,0.1875410930851951,0.25937148648733727,0.6761639045560169],[0.5510703062406214,0.3538035947391383,0.6053534125931804,0.46179649951911145,0.4884247954039584,1.0,0.13738402641069267,0.21639103625361086,0.24509293398371568,0.30706924420972515,0.41327604543844004,0.46412321480612323,0.21879340392448549,0.500179245221377,0.10937784980289586],[0.21727959839124414,0.3826475973028004,0.37417212313767506,0.32728669232671703,0.08989376500291012,0.13738402641069267,1.0,0.4815418218958782,0.0480032298970784,0.28222407669448357,0.3695874848277575,0.2270106330273236,0.4511736794158525,0.2684807777911598,0.14393638940913023],[0.11524873926322726,0.3090362231885612,0.24194273804408115,0.1620374842897891,0.21272460535883375,0.21639103625361086,0.4815418218958782,1.0,0.09473595676627622,0.2254954035208771,0.11846530297977724,0.07518896674758527,0.40989181852400974,0.024184775006765913,0.1966245282790078],[0.5003208083412335,0.08374609536603879,0.36918896903246945,0.38107617303949776,0.535598321815088,0.24509293398371568,0.0480032298970784,0.09473595676627622,1.0,0.5399768630993778,0.3761004697544214,0.3165828822388206,-0.12151259338168155,0.29227691761145197,0.3759542649549789],[0.6017913262233265,0.47157485904089913,0.674690220476518,0.5603854973575308,0.5126057469624878,0.30706924420972515,0.28222407669448357,0.2254954035208771,0.5399768630993778,1.0,0.5220512399882706,0.6931414771156449,0.25827278035698037,0.4799747520982978,0.2505349856135245],[0.726469572558923,0.6631584583879733,0.5792153487688344,0.623394729030889,0.23450782650411975,0.41327604543844004,0.3695874848277575,0.11846530297977724,0.3761004697544214,0.5220512399882706,1.0,0.7186315222508479,0.08960542211655287,0.6517472592150079,0.019546648947549698],[0.6494965668516803,0.5873647583474703,0.6977926535828475,0.5454502287254612,0.36413882680000875,0.46412321480612323,0.2270106330273236,0.07518896674758527,0.3165828822388206,0.6931414771156449,0.7186315222508479,1.0,0.053793302750464254,0.5725887290226249,0.11811235756922733],[0.3738291374652362,0.38201475167794535,0.2789540264791573,0.5264959153935072,0.1875410930851951,0.21879340392448549,0.4511736794158525,0.40989181852400974,-0.12151259338168155,0.25827278035698037,0.08960542211655287,0.053793302750464254,1.0,0.4187336971996975,0.307011938439413],[0.8692976422877179,0.5324989675366264,0.6654937580065209,0.9419248579922189,0.25937148648733727,0.500179245221377,0.2684807777911598,0.024184775006765913,0.29227691761145197,0.4799747520982978,0.6517472592150079,0.5725887290226249,0.4187336971996975,1.0,0.13235603791719186],[0.29015214218771296,0.13077266863713294,0.14458931250456025,0.22381126740623025,0.6761639045560169,0.10937784980289586,0.14393638940913023,0.1966245282790078,0.3759542649549789,0.2505349856135245,0.019546648947549698,0.11811235756922733,0.307011938439413,0.13235603791719186,1.0]],"zmax":1,"zmin":-1,"type":"heatmap"}],                        {"template":{"data":{"histogram2dcontour":[{"type":"histogram2dcontour","colorbar":{"outlinewidth":0,"ticks":""},"colorscale":[[0.0,"#0d0887"],[0.1111111111111111,"#46039f"],[0.2222222222222222,"#7201a8"],[0.3333333333333333,"#9c179e"],[0.4444444444444444,"#bd3786"],[0.5555555555555556,"#d8576b"],[0.6666666666666666,"#ed7953"],[0.7777777777777778,"#fb9f3a"],[0.8888888888888888,"#fdca26"],[1.0,"#f0f921"]]}],"choropleth":[{"type":"choropleth","colorbar":{"outlinewidth":0,"ticks":""}}],"histogram2d":[{"type":"histogram2d","colorbar":{"outlinewidth":0,"ticks":""},"colorscale":[[0.0,"#0d0887"],[0.1111111111111111,"#46039f"],[0.2222222222222222,"#7201a8"],[0.3333333333333333,"#9c179e"],[0.4444444444444444,"#bd3786"],[0.5555555555555556,"#d8576b"],[0.6666666666666666,"#ed7953"],[0.7777777777777778,"#fb9f3a"],[0.8888888888888888,"#fdca26"],[1.0,"#f0f921"]]}],"heatmap":[{"type":"heatmap","colorbar":{"outlinewidth":0,"ticks":""},"colorscale":[[0.0,"#0d0887"],[0.1111111111111111,"#46039f"],[0.2222222222222222,"#7201a8"],[0.3333333333333333,"#9c179e"],[0.4444444444444444,"#bd3786"],[0.5555555555555556,"#d8576b"],[0.6666666666666666,"#ed7953"],[0.7777777777777778,"#fb9f3a"],[0.8888888888888888,"#fdca26"],[1.0,"#f0f921"]]}],"heatmapgl":[{"type":"heatmapgl","colorbar":{"outlinewidth":0,"ticks":""},"colorscale":[[0.0,"#0d0887"],[0.1111111111111111,"#46039f"],[0.2222222222222222,"#7201a8"],[0.3333333333333333,"#9c179e"],[0.4444444444444444,"#bd3786"],[0.5555555555555556,"#d8576b"],[0.6666666666666666,"#ed7953"],[0.7777777777777778,"#fb9f3a"],[0.8888888888888888,"#fdca26"],[1.0,"#f0f921"]]}],"contourcarpet":[{"type":"contourcarpet","colorbar":{"outlinewidth":0,"ticks":""}}],"contour":[{"type":"contour","colorbar":{"outlinewidth":0,"ticks":""},"colorscale":[[0.0,"#0d0887"],[0.1111111111111111,"#46039f"],[0.2222222222222222,"#7201a8"],[0.3333333333333333,"#9c179e"],[0.4444444444444444,"#bd3786"],[0.5555555555555556,"#d8576b"],[0.6666666666666666,"#ed7953"],[0.7777777777777778,"#fb9f3a"],[0.8888888888888888,"#fdca26"],[1.0,"#f0f921"]]}],"surface":[{"type":"surface","colorbar":{"outlinewidth":0,"ticks":""},"colorscale":[[0.0,"#0d0887"],[0.1111111111111111,"#46039f"],[0.2222222222222222,"#7201a8"],[0.3333333333333333,"#9c179e"],[0.4444444444444444,"#bd3786"],[0.5555555555555556,"#d8576b"],[0.6666666666666666,"#ed7953"],[0.7777777777777778,"#fb9f3a"],[0.8888888888888888,"#fdca26"],[1.0,"#f0f921"]]}],"mesh3d":[{"type":"mesh3d","colorbar":{"outlinewidth":0,"ticks":""}}],"scatter":[{"fillpattern":{"fillmode":"overlay","size":10,"solidity":0.2},"type":"scatter"}],"parcoords":[{"type":"parcoords","line":{"colorbar":{"outlinewidth":0,"ticks":""}}}],"scatterpolargl":[{"type":"scatterpolargl","marker":{"colorbar":{"outlinewidth":0,"ticks":""}}}],"bar":[{"error_x":{"color":"#2a3f5f"},"error_y":{"color":"#2a3f5f"},"marker":{"line":{"color":"#E5ECF6","width":0.5},"pattern":{"fillmode":"overlay","size":10,"solidity":0.2}},"type":"bar"}],"scattergeo":[{"type":"scattergeo","marker":{"colorbar":{"outlinewidth":0,"ticks":""}}}],"scatterpolar":[{"type":"scatterpolar","marker":{"colorbar":{"outlinewidth":0,"ticks":""}}}],"histogram":[{"marker":{"pattern":{"fillmode":"overlay","size":10,"solidity":0.2}},"type":"histogram"}],"scattergl":[{"type":"scattergl","marker":{"colorbar":{"outlinewidth":0,"ticks":""}}}],"scatter3d":[{"type":"scatter3d","line":{"colorbar":{"outlinewidth":0,"ticks":""}},"marker":{"colorbar":{"outlinewidth":0,"ticks":""}}}],"scattermapbox":[{"type":"scattermapbox","marker":{"colorbar":{"outlinewidth":0,"ticks":""}}}],"scatterternary":[{"type":"scatterternary","marker":{"colorbar":{"outlinewidth":0,"ticks":""}}}],"scattercarpet":[{"type":"scattercarpet","marker":{"colorbar":{"outlinewidth":0,"ticks":""}}}],"carpet":[{"aaxis":{"endlinecolor":"#2a3f5f","gridcolor":"white","linecolor":"white","minorgridcolor":"white","startlinecolor":"#2a3f5f"},"baxis":{"endlinecolor":"#2a3f5f","gridcolor":"white","linecolor":"white","minorgridcolor":"white","startlinecolor":"#2a3f5f"},"type":"carpet"}],"table":[{"cells":{"fill":{"color":"#EBF0F8"},"line":{"color":"white"}},"header":{"fill":{"color":"#C8D4E3"},"line":{"color":"white"}},"type":"table"}],"barpolar":[{"marker":{"line":{"color":"#E5ECF6","width":0.5},"pattern":{"fillmode":"overlay","size":10,"solidity":0.2}},"type":"barpolar"}],"pie":[{"automargin":true,"type":"pie"}]},"layout":{"autotypenumbers":"strict","colorway":["#636efa","#EF553B","#00cc96","#ab63fa","#FFA15A","#19d3f3","#FF6692","#B6E880","#FF97FF","#FECB52"],"font":{"color":"#2a3f5f"},"hovermode":"closest","hoverlabel":{"align":"left"},"paper_bgcolor":"white","plot_bgcolor":"#E5ECF6","polar":{"bgcolor":"#E5ECF6","angularaxis":{"gridcolor":"white","linecolor":"white","ticks":""},"radialaxis":{"gridcolor":"white","linecolor":"white","ticks":""}},"ternary":{"bgcolor":"#E5ECF6","aaxis":{"gridcolor":"white","linecolor":"white","ticks":""},"baxis":{"gridcolor":"white","linecolor":"white","ticks":""},"caxis":{"gridcolor":"white","linecolor":"white","ticks":""}},"coloraxis":{"colorbar":{"outlinewidth":0,"ticks":""}},"colorscale":{"sequential":[[0.0,"#0d0887"],[0.1111111111111111,"#46039f"],[0.2222222222222222,"#7201a8"],[0.3333333333333333,"#9c179e"],[0.4444444444444444,"#bd3786"],[0.5555555555555556,"#d8576b"],[0.6666666666666666,"#ed7953"],[0.7777777777777778,"#fb9f3a"],[0.8888888888888888,"#fdca26"],[1.0,"#f0f921"]],"sequentialminus":[[0.0,"#0d0887"],[0.1111111111111111,"#46039f"],[0.2222222222222222,"#7201a8"],[0.3333333333333333,"#9c179e"],[0.4444444444444444,"#bd3786"],[0.5555555555555556,"#d8576b"],[0.6666666666666666,"#ed7953"],[0.7777777777777778,"#fb9f3a"],[0.8888888888888888,"#fdca26"],[1.0,"#f0f921"]],"diverging":[[0,"#8e0152"],[0.1,"#c51b7d"],[0.2,"#de77ae"],[0.3,"#f1b6da"],[0.4,"#fde0ef"],[0.5,"#f7f7f7"],[0.6,"#e6f5d0"],[0.7,"#b8e186"],[0.8,"#7fbc41"],[0.9,"#4d9221"],[1,"#276419"]]},"xaxis":{"gridcolor":"white","linecolor":"white","ticks":"","title":{"standoff":15},"zerolinecolor":"white","automargin":true,"zerolinewidth":2},"yaxis":{"gridcolor":"white","linecolor":"white","ticks":"","title":{"standoff":15},"zerolinecolor":"white","automargin":true,"zerolinewidth":2},"scene":{"xaxis":{"backgroundcolor":"#E5ECF6","gridcolor":"white","linecolor":"white","showbackground":true,"ticks":"","zerolinecolor":"white","gridwidth":2},"yaxis":{"backgroundcolor":"#E5ECF6","gridcolor":"white","linecolor":"white","showbackground":true,"ticks":"","zerolinecolor":"white","gridwidth":2},"zaxis":{"backgroundcolor":"#E5ECF6","gridcolor":"white","linecolor":"white","showbackground":true,"ticks":"","zerolinecolor":"white","gridwidth":2}},"shapedefaults":{"line":{"color":"#2a3f5f"}},"annotationdefaults":{"arrowcolor":"#2a3f5f","arrowhead":0,"arrowwidth":1},"geo":{"bgcolor":"white","landcolor":"#E5ECF6","subunitcolor":"white","showland":true,"showlakes":true,"lakecolor":"white"},"title":{"x":0.05},"mapbox":{"style":"light"}}}},                        {"responsive": true}                    )                };                            </script>        </div></div><h5>xrefs</h5><div><table class="table table-sm table-dark table-hover table-bordered "><thead><tr><th scope="col">#</th><th scope="col">symbol</th><th scope="col">xChange</th><th scope="col">𝜋(div.com)</th><th scope="col">𝜋(tv.com)</th><th scope="col">𝜋(NASDAQ:DH)</th><th scope="col">𝜋(NASDAQ:SUM)</th><th scope="col">𝜋(self-analysis)</th></tr></thead><tbody><tr><th scope="row">0</th><td>ABR</td><td>NYSE</td><td><a target="_blank" href="https://www.dividend.com/search/?q=ABR">ABR:div</a></td><td><a target="_blank" href="https://www.tradingview.com/chart/?symbol=NYSE%3AABR">ABR:tv</a></td><td><a target="_blank" href="https://www.nasdaq.com/market-activity/stocks/ABR/dividend-history">ABR:d_history</a></td><td><a target="_blank" href="https://www.nasdaq.com/market-activity/stocks/ABR">ABR:summary</a></td><td><a target="_blank" href="/mike/v/ABR.v">ABR:analysis</a></td></tr><tr><th scope="row">1</th><td>APLE</td><td>NYSE</td><td><a target="_blank" href="https://www.dividend.com/search/?q=APLE">APLE:div</a></td><td><a target="_blank" href="https://www.tradingview.com/chart/?symbol=NYSE%3AAPLE">APLE:tv</a></td><td><a target="_blank" href="https://www.nasdaq.com/market-activity/stocks/APLE/dividend-history">APLE:d_history</a></td><td><a target="_blank" href="https://www.nasdaq.com/market-activity/stocks/APLE">APLE:summary</a></td><td><a target="_blank" href="/mike/v/APLE.v">APLE:analysis</a></td></tr><tr><th scope="row">2</th><td>AQN</td><td>NYSE</td><td><a target="_blank" href="https://www.dividend.com/search/?q=AQN">AQN:div</a></td><td><a target="_blank" href="https://www.tradingview.com/chart/?symbol=NYSE%3AAQN">AQN:tv</a></td><td><a target="_blank" href="https://www.nasdaq.com/market-activity/stocks/AQN/dividend-history">AQN:d_history</a></td><td><a target="_blank" href="https://www.nasdaq.com/market-activity/stocks/AQN">AQN:summary</a></td><td><a target="_blank" href="/mike/v/AQN.v">AQN:analysis</a></td></tr><tr><th scope="row">3</th><td>ARI</td><td>NYSE</td><td><a target="_blank" href="https://www.dividend.com/search/?q=ARI">ARI:div</a></td><td><a target="_blank" href="https://www.tradingview.com/chart/?symbol=NYSE%3AARI">ARI:tv</a></td><td><a target="_blank" href="https://www.nasdaq.com/market-activity/stocks/ARI/dividend-history">ARI:d_history</a></td><td><a target="_blank" href="https://www.nasdaq.com/market-activity/stocks/ARI">ARI:summary</a></td><td><a target="_blank" href="/mike/v/ARI.v">ARI:analysis</a></td></tr><tr><th scope="row">4</th><td>CAR</td><td>NASDAQ</td><td><a target="_blank" href="https://www.dividend.com/search/?q=CAR">CAR:div</a></td><td><a target="_blank" href="https://www.tradingview.com/chart/?symbol=NASDAQ%3ACAR">CAR:tv</a></td><td><a target="_blank" href="https://www.nasdaq.com/market-activity/stocks/CAR/dividend-history">CAR:d_history</a></td><td><a target="_blank" href="https://www.nasdaq.com/market-activity/stocks/CAR">CAR:summary</a></td><td><a target="_blank" href="/mike/v/CAR.v">CAR:analysis</a></td></tr><tr><th scope="row">5</th><td>CCU</td><td>NYSE</td><td><a target="_blank" href="https://www.dividend.com/search/?q=CCU">CCU:div</a></td><td><a target="_blank" href="https://www.tradingview.com/chart/?symbol=NYSE%3ACCU">CCU:tv</a></td><td><a target="_blank" href="https://www.nasdaq.com/market-activity/stocks/CCU/dividend-history">CCU:d_history</a></td><td><a target="_blank" href="https://www.nasdaq.com/market-activity/stocks/CCU">CCU:summary</a></td><td><a target="_blank" href="/mike/v/CCU.v">CCU:analysis</a></td></tr><tr><th scope="row">6</th><td>CIB</td><td>NYSE</td><td><a target="_blank" href="https://www.dividend.com/search/?q=CIB">CIB:div</a></td><td><a target="_blank" href="https://www.tradingview.com/chart/?symbol=NYSE%3ACIB">CIB:tv</a></td><td><a target="_blank" href="https://www.nasdaq.com/market-activity/stocks/CIB/dividend-history">CIB:d_history</a></td><td><a target="_blank" href="https://www.nasdaq.com/market-activity/stocks/CIB">CIB:summary</a></td><td><a target="_blank" href="/mike/v/CIB.v">CIB:analysis</a></td></tr><tr><th scope="row">7</th><td>GAIN</td><td>NASDAQ</td><td><a target="_blank" href="https://www.dividend.com/search/?q=GAIN">GAIN:div</a></td><td><a target="_blank" href="https://www.tradingview.com/chart/?symbol=NASDAQ%3AGAIN">GAIN:tv</a></td><td><a target="_blank" href="https://www.nasdaq.com/market-activity/stocks/GAIN/dividend-history">GAIN:d_history</a></td><td><a target="_blank" href="https://www.nasdaq.com/market-activity/stocks/GAIN">GAIN:summary</a></td><td><a target="_blank" href="/mike/v/GAIN.v">GAIN:analysis</a></td></tr><tr><th scope="row">8</th><td>JKS</td><td>NYSE</td><td><a target="_blank" href="https://www.dividend.com/search/?q=JKS">JKS:div</a></td><td><a target="_blank" href="https://www.tradingview.com/chart/?symbol=NYSE%3AJKS">JKS:tv</a></td><td><a target="_blank" href="https://www.nasdaq.com/market-activity/stocks/JKS/dividend-history">JKS:d_history</a></td><td><a target="_blank" href="https://www.nasdaq.com/market-activity/stocks/JKS">JKS:summary</a></td><td><a target="_blank" href="/mike/v/JKS.v">JKS:analysis</a></td></tr><tr><th scope="row">9</th><td>LNC</td><td>NYSE</td><td><a target="_blank" href="https://www.dividend.com/search/?q=LNC">LNC:div</a></td><td><a target="_blank" href="https://www.tradingview.com/chart/?symbol=NYSE%3ALNC">LNC:tv</a></td><td><a target="_blank" href="https://www.nasdaq.com/market-activity/stocks/LNC/dividend-history">LNC:d_history</a></td><td><a target="_blank" href="https://www.nasdaq.com/market-activity/stocks/LNC">LNC:summary</a></td><td><a target="_blank" href="/mike/v/LNC.v">LNC:analysis</a></td></tr><tr><th scope="row">10</th><td>MPW</td><td>NYSE</td><td><a target="_blank" href="https://www.dividend.com/search/?q=MPW">MPW:div</a></td><td><a target="_blank" href="https://www.tradingview.com/chart/?symbol=NYSE%3AMPW">MPW:tv</a></td><td><a target="_blank" href="https://www.nasdaq.com/market-activity/stocks/MPW/dividend-history">MPW:d_history</a></td><td><a target="_blank" href="https://www.nasdaq.com/market-activity/stocks/MPW">MPW:summary</a></td><td><a target="_blank" href="/mike/v/MPW.v">MPW:analysis</a></td></tr><tr><th scope="row">11</th><td>O</td><td>NYSE</td><td><a target="_blank" href="https://www.dividend.com/search/?q=O">O:div</a></td><td><a target="_blank" href="https://www.tradingview.com/chart/?symbol=NYSE%3AO">O:tv</a></td><td><a target="_blank" href="https://www.nasdaq.com/market-activity/stocks/O/dividend-history">O:d_history</a></td><td><a target="_blank" href="https://www.nasdaq.com/market-activity/stocks/O">O:summary</a></td><td><a target="_blank" href="/mike/v/O.v">O:analysis</a></td></tr><tr><th scope="row">12</th><td>OBDC</td><td>NYSE</td><td><a target="_blank" href="https://www.dividend.com/search/?q=OBDC">OBDC:div</a></td><td><a target="_blank" href="https://www.tradingview.com/chart/?symbol=NYSE%3AOBDC">OBDC:tv</a></td><td><a target="_blank" href="https://www.nasdaq.com/market-activity/stocks/OBDC/dividend-history">OBDC:d_history</a></td><td><a target="_blank" href="https://www.nasdaq.com/market-activity/stocks/OBDC">OBDC:summary</a></td><td><a target="_blank" href="/mike/v/OBDC.v">OBDC:analysis</a></td></tr><tr><th scope="row">13</th><td>PMT</td><td>NYSE</td><td><a target="_blank" href="https://www.dividend.com/search/?q=PMT">PMT:div</a></td><td><a target="_blank" href="https://www.tradingview.com/chart/?symbol=NYSE%3APMT">PMT:tv</a></td><td><a target="_blank" href="https://www.nasdaq.com/market-activity/stocks/PMT/dividend-history">PMT:d_history</a></td><td><a target="_blank" href="https://www.nasdaq.com/market-activity/stocks/PMT">PMT:summary</a></t