---
layout: detail
title: StockReport(my_selection.ss.html)
dt_created: 2024-01-08 22:29:56 +0000
---
<h4>Sector: [my_selection]</h4><h5>html_fn_3yr_dividend_history</h5><div><div>                        <script type="text/javascript">window.PlotlyConfig = {MathJaxConfig: 'local'};</script>
        <script charset="utf-8" src="https://cdn.plot.ly/plotly-2.27.0.min.js"></script>                <div id="7de7bbcc-8da8-4867-9961-21caa6c42369" class="plotly-graph-div" style="height:100%; width:100%;"></div>            <script type="text/javascript">                                    window.PLOTLYENV=window.PLOTLYENV || {};                                    if (document.getElementById("7de7bbcc-8da8-4867-9961-21caa6c42369")) {                    Plotly.newPlot(                        "7de7bbcc-8da8-4867-9961-21caa6c42369",                        [{"alignmentgroup":"True","base":["2023-11-09T00:00:00","2023-08-10T00:00:00","2023-05-25T00:00:00","2023-02-16T00:00:00","2022-11-02T00:00:00","2022-08-11T00:00:00","2022-05-27T00:00:00","2022-02-17T00:00:00","2021-11-03T00:00:00","2021-08-18T00:00:00","2021-06-03T00:00:00","2021-02-18T00:00:00"],"customdata":[[60,60,0,0,61,"NYSE","Finance","Life Insurance",28.14,0.45,1.5991471215351811,62.53333333333333,1.6],[151,151,-95,-95,57,"NYSE","Finance","Life Insurance",28.14,0.45,1.5991471215351811,62.53333333333333,1.6],[228,228,-186,-186,43,"NYSE","Finance","Life Insurance",28.14,0.45,1.5991471215351811,62.53333333333333,1.6],[326,326,-278,-278,49,"NYSE","Finance","Life Insurance",28.14,0.45,1.5991471215351811,62.53333333333333,1.6],[432,432,-365,-365,68,"NYSE","Finance","Life Insurance",28.14,0.45,1.5991471215351811,62.53333333333333,1.6],[515,515,-460,-460,56,"NYSE","Finance","Life Insurance",28.14,0.45,1.5991471215351811,62.53333333333333,1.6],[591,591,-550,-550,42,"NYSE","Finance","Life Insurance",28.14,0.45,1.5991471215351811,62.53333333333333,1.6],[690,690,-641,-641,50,"NYSE","Finance","Life Insurance",28.14,0.45,1.5991471215351811,62.53333333333333,1.6],[796,796,-732,-732,65,"NYSE","Finance","Life Insurance",28.14,0.45,1.5991471215351811,62.53333333333333,1.6],[873,873,-824,-824,50,"NYSE","Finance","Life Insurance",28.14,0.42,1.4925373134328357,67.0,1.5],[949,949,-914,-914,36,"NYSE","Finance","Life Insurance",28.14,0.42,1.4925373134328357,67.0,1.5],[1054,1054,-1005,-1005,50,"NYSE","Finance","Life Insurance",28.14,0.42,1.4925373134328357,67.0,1.5]],"hovertemplate":"x_start=%{base}\u003cbr\u003ex_end=%{x}\u003cbr\u003estr_symbol=%{y}\u003cbr\u003edt_declarationDate_past=%{customdata[0]}\u003cbr\u003ed_past=%{customdata[1]}\u003cbr\u003edt_exOrEffDate_until=%{customdata[2]}\u003cbr\u003ed_until=%{customdata[3]}\u003cbr\u003eTTL=%{customdata[4]}\u003cbr\u003estr_Exchange=%{customdata[5]}\u003cbr\u003estr_Sector=%{customdata[6]}\u003cbr\u003estr_Industry=%{customdata[7]}\u003cbr\u003enum_PreviousClose=%{customdata[8]}\u003cbr\u003enum_amount=%{customdata[9]}\u003cbr\u003enum_CpD=%{customdata[10]}\u003cbr\u003enum_times=%{customdata[11]}\u003cbr\u003eROI=%{marker.color}\u003cextra\u003e\u003c\u002fextra\u003e","legendgroup":"","marker":{"color":[1.6,1.6,1.6,1.6,1.6,1.6,1.6,1.6,1.6,1.5,1.5,1.5],"coloraxis":"coloraxis","pattern":{"shape":""}},"name":"","offsetgroup":"","orientation":"h","showlegend":false,"textposition":"auto","x":[5270400000.0,4924800000.0,3715200000.0,4233600000.0,5875200000.0,4838400000.0,3628800000.0,4320000000.0,5616000000.0,4320000000.0,3110400000.0,4320000000.0],"xaxis":"x","y":["LNC","LNC","LNC","LNC","LNC","LNC","LNC","LNC","LNC","LNC","LNC","LNC"],"yaxis":"y","type":"bar"}],                        {"template":{"data":{"histogram2dcontour":[{"type":"histogram2dcontour","colorbar":{"outlinewidth":0,"ticks":""},"colorscale":[[0.0,"#0d0887"],[0.1111111111111111,"#46039f"],[0.2222222222222222,"#7201a8"],[0.3333333333333333,"#9c179e"],[0.4444444444444444,"#bd3786"],[0.5555555555555556,"#d8576b"],[0.6666666666666666,"#ed7953"],[0.7777777777777778,"#fb9f3a"],[0.8888888888888888,"#fdca26"],[1.0,"#f0f921"]]}],"choropleth":[{"type":"choropleth","colorbar":{"outlinewidth":0,"ticks":""}}],"histogram2d":[{"type":"histogram2d","colorbar":{"outlinewidth":0,"ticks":""},"colorscale":[[0.0,"#0d0887"],[0.1111111111111111,"#46039f"],[0.2222222222222222,"#7201a8"],[0.3333333333333333,"#9c179e"],[0.4444444444444444,"#bd3786"],[0.5555555555555556,"#d8576b"],[0.6666666666666666,"#ed7953"],[0.7777777777777778,"#fb9f3a"],[0.8888888888888888,"#fdca26"],[1.0,"#f0f921"]]}],"heatmap":[{"type":"heatmap","colorbar":{"outlinewidth":0,"ticks":""},"colorscale":[[0.0,"#0d0887"],[0.1111111111111111,"#46039f"],[0.2222222222222222,"#7201a8"],[0.3333333333333333,"#9c179e"],[0.4444444444444444,"#bd3786"],[0.5555555555555556,"#d8576b"],[0.6666666666666666,"#ed7953"],[0.7777777777777778,"#fb9f3a"],[0.8888888888888888,"#fdca26"],[1.0,"#f0f921"]]}],"heatmapgl":[{"type":"heatmapgl","colorbar":{"outlinewidth":0,"ticks":""},"colorscale":[[0.0,"#0d0887"],[0.1111111111111111,"#46039f"],[0.2222222222222222,"#7201a8"],[0.3333333333333333,"#9c179e"],[0.4444444444444444,"#bd3786"],[0.5555555555555556,"#d8576b"],[0.6666666666666666,"#ed7953"],[0.7777777777777778,"#fb9f3a"],[0.8888888888888888,"#fdca26"],[1.0,"#f0f921"]]}],"contourcarpet":[{"type":"contourcarpet","colorbar":{"outlinewidth":0,"ticks":""}}],"contour":[{"type":"contour","colorbar":{"outlinewidth":0,"ticks":""},"colorscale":[[0.0,"#0d0887"],[0.1111111111111111,"#46039f"],[0.2222222222222222,"#7201a8"],[0.3333333333333333,"#9c179e"],[0.4444444444444444,"#bd3786"],[0.5555555555555556,"#d8576b"],[0.6666666666666666,"#ed7953"],[0.7777777777777778,"#fb9f3a"],[0.8888888888888888,"#fdca26"],[1.0,"#f0f921"]]}],"surface":[{"type":"surface","colorbar":{"outlinewidth":0,"ticks":""},"colorscale":[[0.0,"#0d0887"],[0.1111111111111111,"#46039f"],[0.2222222222222222,"#7201a8"],[0.3333333333333333,"#9c179e"],[0.4444444444444444,"#bd3786"],[0.5555555555555556,"#d8576b"],[0.6666666666666666,"#ed7953"],[0.7777777777777778,"#fb9f3a"],[0.8888888888888888,"#fdca26"],[1.0,"#f0f921"]]}],"mesh3d":[{"type":"mesh3d","colorbar":{"outlinewidth":0,"ticks":""}}],"scatter":[{"fillpattern":{"fillmode":"overlay","size":10,"solidity":0.2},"type":"scatter"}],"parcoords":[{"type":"parcoords","line":{"colorbar":{"outlinewidth":0,"ticks":""}}}],"scatterpolargl":[{"type":"scatterpolargl","marker":{"colorbar":{"outlinewidth":0,"ticks":""}}}],"bar":[{"error_x":{"color":"#2a3f5f"},"error_y":{"color":"#2a3f5f"},"marker":{"line":{"color":"#E5ECF6","width":0.5},"pattern":{"fillmode":"overlay","size":10,"solidity":0.2}},"type":"bar"}],"scattergeo":[{"type":"scattergeo","marker":{"colorbar":{"outlinewidth":0,"ticks":""}}}],"scatterpolar":[{"type":"scatterpolar","marker":{"colorbar":{"outlinewidth":0,"ticks":""}}}],"histogram":[{"marker":{"pattern":{"fillmode":"overlay","size":10,"solidity":0.2}},"type":"histogram"}],"scattergl":[{"type":"scattergl","marker":{"colorbar":{"outlinewidth":0,"ticks":""}}}],"scatter3d":[{"type":"scatter3d","line":{"colorbar":{"outlinewidth":0,"ticks":""}},"marker":{"colorbar":{"outlinewidth":0,"ticks":""}}}],"scattermapbox":[{"type":"scattermapbox","marker":{"colorbar":{"outlinewidth":0,"ticks":""}}}],"scatterternary":[{"type":"scatterternary","marker":{"colorbar":{"outlinewidth":0,"ticks":""}}}],"scattercarpet":[{"type":"scattercarpet","marker":{"colorbar":{"outlinewidth":0,"ticks":""}}}],"carpet":[{"aaxis":{"endlinecolor":"#2a3f5f","gridcolor":"white","linecolor":"white","minorgridcolor":"white","startlinecolor":"#2a3f5f"},"baxis":{"endlinecolor":"#2a3f5f","gridcolor":"white","linecolor":"white","minorgridcolor":"white","startlinecolor":"#2a3f5f"},"type":"carpet"}],"table":[{"cells":{"fill":{"color":"#EBF0F8"},"line":{"color":"white"}},"header":{"fill":{"color":"#C8D4E3"},"line":{"color":"white"}},"type":"table"}],"barpolar":[{"marker":{"line":{"color":"#E5ECF6","width":0.5},"pattern":{"fillmode":"overlay","size":10,"solidity":0.2}},"type":"barpolar"}],"pie":[{"automargin":true,"type":"pie"}]},"layout":{"autotypenumbers":"strict","colorway":["#636efa","#EF553B","#00cc96","#ab63fa","#FFA15A","#19d3f3","#FF6692","#B6E880","#FF97FF","#FECB52"],"font":{"color":"#2a3f5f"},"hovermode":"closest","hoverlabel":{"align":"left"},"paper_bgcolor":"white","plot_bgcolor":"#E5ECF6","polar":{"bgcolor":"#E5ECF6","angularaxis":{"gridcolor":"white","linecolor":"white","ticks":""},"radialaxis":{"gridcolor":"white","linecolor":"white","ticks":""}},"ternary":{"bgcolor":"#E5ECF6","aaxis":{"gridcolor":"white","linecolor":"white","ticks":""},"baxis":{"gridcolor":"white","linecolor":"white","ticks":""},"caxis":{"gridcolor":"white","linecolor":"white","ticks":""}},"coloraxis":{"colorbar":{"outlinewidth":0,"ticks":""}},"colorscale":{"sequential":[[0.0,"#0d0887"],[0.1111111111111111,"#46039f"],[0.2222222222222222,"#7201a8"],[0.3333333333333333,"#9c179e"],[0.4444444444444444,"#bd3786"],[0.5555555555555556,"#d8576b"],[0.6666666666666666,"#ed7953"],[0.7777777777777778,"#fb9f3a"],[0.8888888888888888,"#fdca26"],[1.0,"#f0f921"]],"sequentialminus":[[0.0,"#0d0887"],[0.1111111111111111,"#46039f"],[0.2222222222222222,"#7201a8"],[0.3333333333333333,"#9c179e"],[0.4444444444444444,"#bd3786"],[0.5555555555555556,"#d8576b"],[0.6666666666666666,"#ed7953"],[0.7777777777777778,"#fb9f3a"],[0.8888888888888888,"#fdca26"],[1.0,"#f0f921"]],"diverging":[[0,"#8e0152"],[0.1,"#c51b7d"],[0.2,"#de77ae"],[0.3,"#f1b6da"],[0.4,"#fde0ef"],[0.5,"#f7f7f7"],[0.6,"#e6f5d0"],[0.7,"#b8e186"],[0.8,"#7fbc41"],[0.9,"#4d9221"],[1,"#276419"]]},"xaxis":{"gridcolor":"white","linecolor":"white","ticks":"","title":{"standoff":15},"zerolinecolor":"white","automargin":true,"zerolinewidth":2},"yaxis":{"gridcolor":"white","linecolor":"white","ticks":"","title":{"standoff":15},"zerolinecolor":"white","automargin":true,"zerolinewidth":2},"scene":{"xaxis":{"backgroundcolor":"#E5ECF6","gridcolor":"white","linecolor":"white","showbackground":true,"ticks":"","zerolinecolor":"white","gridwidth":2},"yaxis":{"backgroundcolor":"#E5ECF6","gridcolor":"white","linecolor":"white","showbackground":true,"ticks":"","zerolinecolor":"white","gridwidth":2},"zaxis":{"backgroundcolor":"#E5ECF6","gridcolor":"white","linecolor":"white","showbackground":true,"ticks":"","zerolinecolor":"white","gridwidth":2}},"shapedefaults":{"line":{"color":"#2a3f5f"}},"annotationdefaults":{"arrowcolor":"#2a3f5f","arrowhead":0,"arrowwidth":1},"geo":{"bgcolor":"white","landcolor":"#E5ECF6","subunitcolor":"white","showland":true,"showlakes":true,"lakecolor":"white"},"title":{"x":0.05},"mapbox":{"style":"light"}}},"xaxis":{"anchor":"y","domain":[0.0,1.0],"type":"date"},"yaxis":{"anchor":"x","domain":[0.0,1.0],"title":{"text":"str_symbol"},"showgrid":true,"gridwidth":1,"gridcolor":"White"},"coloraxis":{"colorbar":{"title":{"text":"ROI"}},"colorscale":[[0.0,"rgb(0,0,131)"],[0.2,"rgb(0,60,170)"],[0.4,"rgb(5,255,255)"],[0.6,"rgb(255,255,0)"],[0.8,"rgb(250,0,0)"],[1.0,"rgb(128,0,0)"]]},"legend":{"tracegroupgap":0},"margin":{"t":60},"barmode":"overlay","shapes":[{"fillcolor":"gray","line":{"width":1},"opacity":0.75,"type":"rect","x0":"2023-07-15","x1":"2023-07-17","xref":"x","y0":0,"y1":1,"yref":"y domain"},{"fillcolor":"gray","line":{"width":1},"opacity":0.75,"type":"rect","x0":"2023-07-22","x1":"2023-07-24","xref":"x","y0":0,"y1":1,"yref":"y domain"},{"fillcolor":"gray","line":{"width":1},"opacity":0.75,"type":"rect","x0":"2023-07-29","x1":"2023-07-31","xref":"x","y0":0,"y1":1,"yref":"y domain"},{"fillcolor":"gray","line":{"width":1},"opacity":0.75,"type":"rect","x0":"2023-08-05","x1":"2023-08-07","xref":"x","y0":0,"y1":1,"yref":"y domain"},{"fillcolor":"gray","line":{"width":1},"opacity":0.75,"type":"rect","x0":"2023-08-12","x1":"2023-08-14","xref":"x","y0":0,"y1":1,"yref":"y domain"},{"fillcolor":"gray","line":{"width":1},"opacity":0.75,"type":"rect","x0":"2023-08-19","x1":"2023-08-21","xref":"x","y0":0,"y1":1,"yref":"y domain"},{"fillcolor":"gray","line":{"width":1},"opacity":0.75,"type":"rect","x0":"2023-08-26","x1":"2023-08-28","xref":"x","y0":0,"y1":1,"yref":"y domain"},{"fillcolor":"gray","line":{"width":1},"opacity":0.75,"type":"rect","x0":"2023-09-02","x1":"2023-09-04","xref":"x","y0":0,"y1":1,"yref":"y domain"},{"fillcolor":"gray","line":{"width":1},"opacity":0.75,"type":"rect","x0":"2023-09-09","x1":"2023-09-11","xref":"x","y0":0,"y1":1,"yref":"y domain"},{"fillcolor":"gray","line":{"width":1},"opacity":0.75,"type":"rect","x0":"2023-09-16","x1":"2023-09-18","xref":"x","y0":0,"y1":1,"yref":"y domain"},{"fillcolor":"gray","line":{"width":1},"opacity":0.75,"type":"rect","x0":"2023-09-23","x1":"2023-09-25","xref":"x","y0":0,"y1":1,"yref":"y domain"},{"fillcolor":"gray","line":{"width":1},"opacity":0.75,"type":"rect","x0":"2023-09-30","x1":"2023-10-02","xref":"x","y0":0,"y1":1,"yref":"y domain"},{"fillcolor":"gray","line":{"width":1},"opacity":0.75,"type":"rect","x0":"2023-10-07","x1":"2023-10-09","xref":"x","y0":0,"y1":1,"yref":"y domain"},{"fillcolor":"gray","line":{"width":1},"opacity":0.75,"type":"rect","x0":"2023-10-14","x1":"2023-10-16","xref":"x","y0":0,"y1":1,"yref":"y domain"},{"fillcolor":"gray","line":{"width":1},"opacity":0.75,"type":"rect","x0":"2023-10-21","x1":"2023-10-23","xref":"x","y0":0,"y1":1,"yref":"y domain"},{"fillcolor":"gray","line":{"width":1},"opacity":0.75,"type":"rect","x0":"2023-10-28","x1":"2023-10-30","xref":"x","y0":0,"y1":1,"yref":"y domain"},{"fillcolor":"gray","line":{"width":1},"opacity":0.75,"type":"rect","x0":"2023-11-04","x1":"2023-11-06","xref":"x","y0":0,"y1":1,"yref":"y domain"},{"fillcolor":"gray","line":{"width":1},"opacity":0.75,"type":"rect","x0":"2023-11-11","x1":"2023-11-13","xref":"x","y0":0,"y1":1,"yref":"y domain"},{"fillcolor":"gray","line":{"width":1},"opacity":0.75,"type":"rect","x0":"2023-11-18","x1":"2023-11-20","xref":"x","y0":0,"y1":1,"yref":"y domain"},{"fillcolor":"gray","line":{"width":1},"opacity":0.75,"type":"rect","x0":"2023-11-25","x1":"2023-11-27","xref":"x","y0":0,"y1":1,"yref":"y domain"},{"fillcolor":"gray","line":{"width":1},"opacity":0.75,"type":"rect","x0":"2023-12-02","x1":"2023-12-04","xref":"x","y0":0,"y1":1,"yref":"y domain"},{"fillcolor":"gray","line":{"width":1},"opacity":0.75,"type":"rect","x0":"2023-12-09","x1":"2023-12-11","xref":"x","y0":0,"y1":1,"yref":"y domain"},{"fillcolor":"gray","line":{"width":1},"opacity":0.75,"type":"rect","x0":"2023-12-16","x1":"2023-12-18","xref":"x","y0":0,"y1":1,"yref":"y domain"},{"fillcolor":"gray","line":{"width":1},"opacity":0.75,"type":"rect","x0":"2023-12-23","x1":"2023-12-25","xref":"x","y0":0,"y1":1,"yref":"y domain"},{"fillcolor":"gray","line":{"width":1},"opacity":0.75,"type":"rect","x0":"2023-12-30","x1":"2024-01-01","xref":"x","y0":0,"y1":1,"yref":"y domain"},{"fillcolor":"gray","line":{"width":1},"opacity":0.75,"type":"rect","x0":"2024-01-06","x1":"2024-01-08","xref":"x","y0":0,"y1":1,"yref":"y domain"},{"fillcolor":"gray","line":{"width":1},"opacity":0.75,"type":"rect","x0":"2024-01-13","x1":"2024-01-15","xref":"x","y0":0,"y1":1,"yref":"y domain"},{"fillcolor":"gray","line":{"width":1},"opacity":0.75,"type":"rect","x0":"2024-01-20","x1":"2024-01-22","xref":"x","y0":0,"y1":1,"yref":"y domain"},{"fillcolor":"gray","line":{"width":1},"opacity":0.75,"type":"rect","x0":"2024-01-27","x1":"2024-01-29","xref":"x","y0":0,"y1":1,"yref":"y domain"},{"fillcolor":"gray","line":{"width":1},"opacity":0.75,"type":"rect","x0":"2024-02-03","x1":"2024-02-05","xref":"x","y0":0,"y1":1,"yref":"y domain"},{"fillcolor":"gray","line":{"width":1},"opacity":0.75,"type":"rect","x0":"2024-02-10","x1":"2024-02-12","xref":"x","y0":0,"y1":1,"yref":"y domain"},{"fillcolor":"gray","line":{"width":1},"opacity":0.75,"type":"rect","x0":"2024-02-17","x1":"2024-02-19","xref":"x","y0":0,"y1":1,"yref":"y domain"},{"fillcolor":"gray","line":{"width":1},"opacity":0.75,"type":"rect","x0":"2024-02-24","x1":"2024-02-26","xref":"x","y0":0,"y1":1,"yref":"y domain"},{"fillcolor":"gray","line":{"width":1},"opacity":0.75,"type":"rect","x0":"2024-03-02","x1":"2024-03-04","xref":"x","y0":0,"y1":1,"yref":"y domain"},{"fillcolor":"gray","line":{"width":1},"opacity":0.75,"type":"rect","x0":"2024-03-09","x1":"2024-03-11","xref":"x","y0":0,"y1":1,"yref":"y domain"},{"fillcolor":"gray","line":{"width":1},"opacity":0.75,"type":"rect","x0":"2024-03-16","x1":"2024-03-18","xref":"x","y0":0,"y1":1,"yref":"y domain"},{"fillcolor":"gray","line":{"width":1},"opacity":0.75,"type":"rect","x0":"2024-03-23","x1":"2024-03-25","xref":"x","y0":0,"y1":1,"yref":"y domain"},{"fillcolor":"gray","line":{"width":1},"opacity":0.75,"type":"rect","x0":"2024-03-30","x1":"2024-04-01","xref":"x","y0":0,"y1":1,"yref":"y domain"},{"fillcolor":"gray","line":{"width":1},"opacity":0.75,"type":"rect","x0":"2024-04-06","x1":"2024-04-08","xref":"x","y0":0,"y1":1,"yref":"y domain"},{"fillcolor":"gray","line":{"width":1},"opacity":0.75,"type":"rect","x0":"2024-04-13","x1":"2024-04-15","xref":"x","y0":0,"y1":1,"yref":"y domain"},{"fillcolor":"gray","line":{"width":1},"opacity":0.75,"type":"rect","x0":"2024-04-20","x1":"2024-04-22","xref":"x","y0":0,"y1":1,"yref":"y domain"},{"fillcolor":"gray","line":{"width":1},"opacity":0.75,"type":"rect","x0":"2024-04-27","x1":"2024-04-29","xref":"x","y0":0,"y1":1,"yref":"y domain"},{"fillcolor":"gray","line":{"width":1},"opacity":0.75,"type":"rect","x0":"2024-05-04","x1":"2024-05-06","xref":"x","y0":0,"y1":1,"yref":"y domain"},{"fillcolor":"gray","line":{"width":1},"opacity":0.75,"type":"rect","x0":"2024-05-11","x1":"2024-05-13","xref":"x","y0":0,"y1":1,"yref":"y domain"},{"fillcolor":"gray","line":{"width":1},"opacity":0.75,"type":"rect","x0":"2024-05-18","x1":"2024-05-20","xref":"x","y0":0,"y1":1,"yref":"y domain"},{"fillcolor":"gray","line":{"width":1},"opacity":0.75,"type":"rect","x0":"2024-05-25","x1":"2024-05-27","xref":"x","y0":0,"y1":1,"yref":"y domain"},{"fillcolor":"gray","line":{"width":1},"opacity":0.75,"type":"rect","x0":"2024-06-01","x1":"2024-06-03","xref":"x","y0":0,"y1":1,"yref":"y domain"},{"fillcolor":"gray","line":{"width":1},"opacity":0.75,"type":"rect","x0":"2024-06-08","x1":"2024-06-10","xref":"x","y0":0,"y1":1,"yref":"y domain"},{"fillcolor":"gray","line":{"width":1},"opacity":0.75,"type":"rect","x0":"2024-06-15","x1":"2024-06-17","xref":"x","y0":0,"y1":1,"yref":"y domain"},{"fillcolor":"gray","line":{"width":1},"opacity":0.75,"type":"rect","x0":"2024-06-22","x1":"2024-06-24","xref":"x","y0":0,"y1":1,"yref":"y domain"},{"fillcolor":"gray","line":{"width":1},"opacity":0.75,"type":"rect","x0":"2024-06-29","x1":"2024-07-01","xref":"x","y0":0,"y1":1,"yref":"y domain"},{"fillcolor":"green","line":{"width":1},"opacity":0.25,"type":"rect","x0":"2023-12-09T22:29:52.035394","x1":"2024-01-08T22:29:52.035394","xref":"x","y0":0,"y1":1,"yref":"y domain"},{"fillcolor":"red","line":{"width":1},"opacity":0.25,"type":"rect","x0":"2024-02-07T22:29:52.035394","x1":"2024-01-08T22:29:52.035394","xref":"x","y0":0,"y1":1,"yref":"y domain"},{"line":{"color":"red","dash":"dash","width":2},"type":"line","x0":"2024-01-08T22:29:52.035394","x1":"2024-01-08T22:29:52.035394","xref":"x","y0":0,"y1":1,"yref":"y domain"}],"annotations":[{"showarrow":false,"text":"-1mo","x":"2023-12-09T22:29:52.035394","xanchor":"left","xref":"x","y":1,"yanchor":"top","yref":"y domain"},{"showarrow":false,"text":"+1mo","x":"2024-01-08T22:29:52.035394","xanchor":"left","xref":"x","y":1,"yanchor":"top","yref":"y domain"}]},                        {"responsive": true}                    )                };                            </script>        </div></div><h5>fn_build_correlation_mx</h5><div><div>                        <script type="text/javascript">window.PlotlyConfig = {MathJaxConfig: 'local'};</script>
        <script charset="utf-8" src="https://cdn.plot.ly/plotly-2.27.0.min.js"></script>                <div id="f63fbce2-da4e-4fdf-bd92-98ea47765cbc" class="plotly-graph-div" style="height:100%; width:100%;"></div>            <script type="text/javascript">                                    window.PLOTLYENV=window.PLOTLYENV || {};                                    if (document.getElementById("f63fbce2-da4e-4fdf-bd92-98ea47765cbc")) {                    Plotly.newPlot(                        "f63fbce2-da4e-4fdf-bd92-98ea47765cbc",                        [{"colorscale":[[0.0,"rgb(103,0,31)"],[0.1,"rgb(178,24,43)"],[0.2,"rgb(214,96,77)"],[0.3,"rgb(244,165,130)"],[0.4,"rgb(253,219,199)"],[0.5,"rgb(247,247,247)"],[0.6,"rgb(209,229,240)"],[0.7,"rgb(146,197,222)"],[0.8,"rgb(67,147,195)"],[0.9,"rgb(33,102,172)"],[1.0,"rgb(5,48,97)"]],"texttemplate":"%{z:.1f}","x":["ABR","APLE","AQN","ARI","CAR","CCU","CIB","GAIN","JKS","LNC","MPW","O","OBDC","PMT","TDG"],"y":["ABR","APLE","AQN","ARI","CAR","CCU","CIB","GAIN","JKS","LNC","MPW","O","OBDC","PMT","TDG"],"z":[[1.0,0.6398657716186239,0.6007197579489849,0.8614018802307467,0.4605415096783402,0.5567441804685735,0.13067934769407247,0.12216469885239879,0.497462705230633,0.4997972198752454,0.5685079771913024,0.6148724349435011,0.3778745874947993,0.840573694655798,0.2710781845199632],[0.6398657716186239,1.0,0.5196683112429791,0.6081525946015253,0.39731229894971154,0.3507653851551453,0.22758808150451873,0.3158243907636818,0.06069520405586396,0.41942401562358234,0.4246384587632143,0.6181834400996075,0.37797254439284955,0.5595658739189413,0.1614128847966606],[0.6007197579489849,0.5196683112429791,1.0,0.665727688044101,0.5367491903833207,0.5396624959094991,0.28452876617115136,0.26551711528008753,0.3136631258390301,0.6962970116204947,0.19126875437692767,0.713973792744414,0.33550771374233224,0.6692325649559647,0.2004001306849518],[0.8614018802307467,0.6081525946015253,0.665727688044101,1.0,0.3459552605390976,0.42570335146999233,0.20247210226433776,0.1825150437773396,0.3419214537964909,0.5438736861207781,0.3261088675717883,0.5778640178648718,0.5568508844226007,0.9465034995669648,0.2660715338891352],[0.4605415096783402,0.39731229894971154,0.5367491903833207,0.3459552605390976,1.0,0.4510823018539894,-0.018313032915532008,0.22857923088405616,0.4972920092213516,0.48529649019143056,0.11053840372493297,0.4107706977867225,0.21304858806044208,0.2813224809639786,0.6924949679061801],[0.5567441804685735,0.3507653851551453,0.5396624959094991,0.42570335146999233,0.4510823018539894,1.0,0.1929041827473641,0.18857552719941564,0.2868863492142372,0.24794668300172398,0.32367402118703187,0.36787305637240253,0.17658789360869917,0.47550816887451924,0.054934238376490724],[0.13067934769407247,0.22758808150451873,0.28452876617115136,0.20247210226433776,-0.018313032915532008,0.1929041827473641,1.0,0.3634285724659426,0.05010586599812909,0.28580496748366097,-0.0343522225699774,0.07390913075798217,0.3079954559733637,0.2180943468246007,-0.0007594540043726152],[0.12216469885239879,0.3158243907636818,0.26551711528008753,0.1825150437773396,0.22857923088405616,0.18857552719941564,0.3634285724659426,1.0,0.08784483886376157,0.21741535791362376,0.053334618588290604,0.10745683448237936,0.41225524956220955,0.04769997088821699,0.22410041530749808],[0.497462705230633,0.06069520405586396,0.3136631258390301,0.3419214537964909,0.4972920092213516,0.2868863492142372,0.05010586599812909,0.08784483886376157,1.0,0.45719689830185894,0.29354934976724295,0.27352537816524713,-0.14123608320792808,0.26793218181210365,0.3174699313664932],[0.4997972198752454,0.41942401562358234,0.6962970116204947,0.5438736861207781,0.48529649019143056,0.24794668300172398,0.28580496748366097,0.21741535791362376,0.45719689830185894,1.0,-0.009643423787254059,0.6616803738252983,0.26815281405118796,0.4917695747573024,0.2669758318692791],[0.5685079771913024,0.4246384587632143,0.19126875437692767,0.3261088675717883,0.11053840372493297,0.32367402118703187,-0.0343522225699774,0.053334618588290604,0.29354934976724295,-0.009643423787254059,1.0,0.3799098911322053,-0.025509104070242514,0.33892566915905087,-0.04463758459364993],[0.6148724349435011,0.6181834400996075,0.713973792744414,0.5778640178648718,0.4107706977867225,0.36787305637240253,0.07390913075798217,0.10745683448237936,0.27352537816524713,0.6616803738252983,0.3799098911322053,1.0,0.1183344696717356,0.5802707638779135,0.20821985967834433],[0.3778745874947993,0.37797254439284955,0.33550771374233224,0.5568508844226007,0.21304858806044208,0.17658789360869917,0.3079954559733637,0.41225524956220955,-0.14123608320792808,0.26815281405118796,-0.025509104070242514,0.1183344696717356,1.0,0.46579243315067165,0.35607525050542593],[0.840573694655798,0.5595658739189413,0.6692325649559647,0.9465034995669648,0.2813224809639786,0.47550816887451924,0.2180943468246007,0.04769997088821699,0.26793218181210365,0.4917695747573024,0.33892566915905087,0.5802707638779135,0.46579243315067165,1.0,0.1605096909108181],[0.2710781845199632,0.1614128847966606,0.2004001306849518,0.2660715338891352,0.6924949679061801,0.054934238376490724,-0.0007594540043726152,0.22410041530749808,0.3174699313664932,0.2669758318692791,-0.04463758459364993,0.20821985967834433,0.35607525050542593,0.1605096909108181,1.0]],"zmax":1,"zmin":-1,"type":"heatmap"}],                        {"template":{"data":{"histogram2dcontour":[{"type":"histogram2dcontour","colorbar":{"outlinewidth":0,"ticks":""},"colorscale":[[0.0,"#0d0887"],[0.1111111111111111,"#46039f"],[0.2222222222222222,"#7201a8"],[0.3333333333333333,"#9c179e"],[0.4444444444444444,"#bd3786"],[0.5555555555555556,"#d8576b"],[0.6666666666666666,"#ed7953"],[0.7777777777777778,"#fb9f3a"],[0.8888888888888888,"#fdca26"],[1.0,"#f0f921"]]}],"choropleth":[{"type":"choropleth","colorbar":{"outlinewidth":0,"ticks":""}}],"histogram2d":[{"type":"histogram2d","colorbar":{"outlinewidth":0,"ticks":""},"colorscale":[[0.0,"#0d0887"],[0.1111111111111111,"#46039f"],[0.2222222222222222,"#7201a8"],[0.3333333333333333,"#9c179e"],[0.4444444444444444,"#bd3786"],[0.5555555555555556,"#d8576b"],[0.6666666666666666,"#ed7953"],[0.7777777777777778,"#fb9f3a"],[0.8888888888888888,"#fdca26"],[1.0,"#f0f921"]]}],"heatmap":[{"type":"heatmap","colorbar":{"outlinewidth":0,"ticks":""},"colorscale":[[0.0,"#0d0887"],[0.1111111111111111,"#46039f"],[0.2222222222222222,"#7201a8"],[0.3333333333333333,"#9c179e"],[0.4444444444444444,"#bd3786"],[0.5555555555555556,"#d8576b"],[0.6666666666666666,"#ed7953"],[0.7777777777777778,"#fb9f3a"],[0.8888888888888888,"#fdca26"],[1.0,"#f0f921"]]}],"heatmapgl":[{"type":"heatmapgl","colorbar":{"outlinewidth":0,"ticks":""},"colorscale":[[0.0,"#0d0887"],[0.1111111111111111,"#46039f"],[0.2222222222222222,"#7201a8"],[0.3333333333333333,"#9c179e"],[0.4444444444444444,"#bd3786"],[0.5555555555555556,"#d8576b"],[0.6666666666666666,"#ed7953"],[0.7777777777777778,"#fb9f3a"],[0.8888888888888888,"#fdca26"],[1.0,"#f0f921"]]}],"contourcarpet":[{"type":"contourcarpet","colorbar":{"outlinewidth":0,"ticks":""}}],"contour":[{"type":"contour","colorbar":{"outlinewidth":0,"ticks":""},"colorscale":[[0.0,"#0d0887"],[0.1111111111111111,"#46039f"],[0.2222222222222222,"#7201a8"],[0.3333333333333333,"#9c179e"],[0.4444444444444444,"#bd3786"],[0.5555555555555556,"#d8576b"],[0.6666666666666666,"#ed7953"],[0.7777777777777778,"#fb9f3a"],[0.8888888888888888,"#fdca26"],[1.0,"#f0f921"]]}],"surface":[{"type":"surface","colorbar":{"outlinewidth":0,"ticks":""},"colorscale":[[0.0,"#0d0887"],[0.1111111111111111,"#46039f"],[0.2222222222222222,"#7201a8"],[0.3333333333333333,"#9c179e"],[0.4444444444444444,"#bd3786"],[0.5555555555555556,"#d8576b"],[0.6666666666666666,"#ed7953"],[0.7777777777777778,"#fb9f3a"],[0.8888888888888888,"#fdca26"],[1.0,"#f0f921"]]}],"mesh3d":[{"type":"mesh3d","colorbar":{"outlinewidth":0,"ticks":""}}],"scatter":[{"fillpattern":{"fillmode":"overlay","size":10,"solidity":0.2},"type":"scatter"}],"parcoords":[{"type":"parcoords","line":{"colorbar":{"outlinewidth":0,"ticks":""}}}],"scatterpolargl":[{"type":"scatterpolargl","marker":{"colorbar":{"outlinewidth":0,"ticks":""}}}],"bar":[{"error_x":{"color":"#2a3f5f"},"error_y":{"color":"#2a3f5f"},"marker":{"line":{"color":"#E5ECF6","width":0.5},"pattern":{"fillmode":"overlay","size":10,"solidity":0.2}},"type":"bar"}],"scattergeo":[{"type":"scattergeo","marker":{"colorbar":{"outlinewidth":0,"ticks":""}}}],"scatterpolar":[{"type":"scatterpolar","marker":{"colorbar":{"outlinewidth":0,"ticks":""}}}],"histogram":[{"marker":{"pattern":{"fillmode":"overlay","size":10,"solidity":0.2}},"type":"histogram"}],"scattergl":[{"type":"scattergl","marker":{"colorbar":{"outlinewidth":0,"ticks":""}}}],"scatter3d":[{"type":"scatter3d","line":{"colorbar":{"outlinewidth":0,"ticks":""}},"marker":{"colorbar":{"outlinewidth":0,"ticks":""}}}],"scattermapbox":[{"type":"scattermapbox","marker":{"colorbar":{"outlinewidth":0,"ticks":""}}}],"scatterternary":[{"type":"scatterternary","marker":{"colorbar":{"outlinewidth":0,"ticks":""}}}],"scattercarpet":[{"type":"scattercarpet","marker":{"colorbar":{"outlinewidth":0,"ticks":""}}}],"carpet":[{"aaxis":{"endlinecolor":"#2a3f5f","gridcolor":"white","linecolor":"white","minorgridcolor":"white","startlinecolor":"#2a3f5f"},"baxis":{"endlinecolor":"#2a3f5f","gridcolor":"white","linecolor":"white","minorgridcolor":"white","startlinecolor":"#2a3f5f"},"type":"carpet"}],"table":[{"cells":{"fill":{"color":"#EBF0F8"},"line":{"color":"white"}},"header":{"fill":{"color":"#C8D4E3"},"line":{"color":"white"}},"type":"table"}],"barpolar":[{"marker":{"line":{"color":"#E5ECF6","width":0.5},"pattern":{"fillmode":"overlay","size":10,"solidity":0.2}},"type":"barpolar"}],"pie":[{"automargin":true,"type":"pie"}]},"layout":{"autotypenumbers":"strict","colorway":["#636efa","#EF553B","#00cc96","#ab63fa","#FFA15A","#19d3f3","#FF6692","#B6E880","#FF97FF","#FECB52"],"font":{"color":"#2a3f5f"},"hovermode":"closest","hoverlabel":{"align":"left"},"paper_bgcolor":"white","plot_bgcolor":"#E5ECF6","polar":{"bgcolor":"#E5ECF6","angularaxis":{"gridcolor":"white","linecolor":"white","ticks":""},"radialaxis":{"gridcolor":"white","linecolor":"white","ticks":""}},"ternary":{"bgcolor":"#E5ECF6","aaxis":{"gridcolor":"white","linecolor":"white","ticks":""},"baxis":{"gridcolor":"white","linecolor":"white","ticks":""},"caxis":{"gridcolor":"white","linecolor":"white","ticks":""}},"coloraxis":{"colorbar":{"outlinewidth":0,"ticks":""}},"colorscale":{"sequential":[[0.0,"#0d0887"],[0.1111111111111111,"#46039f"],[0.2222222222222222,"#7201a8"],[0.3333333333333333,"#9c179e"],[0.4444444444444444,"#bd3786"],[0.5555555555555556,"#d8576b"],[0.6666666666666666,"#ed7953"],[0.7777777777777778,"#fb9f3a"],[0.8888888888888888,"#fdca26"],[1.0,"#f0f921"]],"sequentialminus":[[0.0,"#0d0887"],[0.1111111111111111,"#46039f"],[0.2222222222222222,"#7201a8"],[0.3333333333333333,"#9c179e"],[0.4444444444444444,"#bd3786"],[0.5555555555555556,"#d8576b"],[0.6666666666666666,"#ed7953"],[0.7777777777777778,"#fb9f3a"],[0.8888888888888888,"#fdca26"],[1.0,"#f0f921"]],"diverging":[[0,"#8e0152"],[0.1,"#c51b7d"],[0.2,"#de77ae"],[0.3,"#f1b6da"],[0.4,"#fde0ef"],[0.5,"#f7f7f7"],[0.6,"#e6f5d0"],[0.7,"#b8e186"],[0.8,"#7fbc41"],[0.9,"#4d9221"],[1,"#276419"]]},"xaxis":{"gridcolor":"white","linecolor":"white","ticks":"","title":{"standoff":15},"zerolinecolor":"white","automargin":true,"zerolinewidth":2},"yaxis":{"gridcolor":"white","linecolor":"white","ticks":"","title":{"standoff":15},"zerolinecolor":"white","automargin":true,"zerolinewidth":2},"scene":{"xaxis":{"backgroundcolor":"#E5ECF6","gridcolor":"white","linecolor":"white","showbackground":true,"ticks":"","zerolinecolor":"white","gridwidth":2},"yaxis":{"backgroundcolor":"#E5ECF6","gridcolor":"white","linecolor":"white","showbackground":true,"ticks":"","zerolinecolor":"white","gridwidth":2},"zaxis":{"backgroundcolor":"#E5ECF6","gridcolor":"white","linecolor":"white","showbackground":true,"ticks":"","zerolinecolor":"white","gridwidth":2}},"shapedefaults":{"line":{"color":"#2a3f5f"}},"annotationdefaults":{"arrowcolor":"#2a3f5f","arrowhead":0,"arrowwidth":1},"geo":{"bgcolor":"white","landcolor":"#E5ECF6","subunitcolor":"white","showland":true,"showlakes":true,"lakecolor":"white"},"title":{"x":0.05},"mapbox":{"style":"light"}}}},                        {"responsive": true}                    )                };                            </script>        </div></div><h5>xrefs</h5><div><table class="table table-sm table-dark table-hover table-bordered "><thead><tr><th scope="col">#</th><th scope="col">symbol</th><th scope="col">xChange</th><th scope="col">𝜋(div.com)</th><th scope="col">𝜋(tv.com)</th><th scope="col">𝜋(NASDAQ:DH)</th><th scope="col">𝜋(NASDAQ:SUM)</th><th scope="col">𝜋(self-analysis)</th></tr></thead><tbody><tr><th scope="row">0</th><td>ABR</td><td>NYSE</td><td><a target="_blank" href="https://www.dividend.com/search/?q=ABR">ABR:div</a></td><td><a target="_blank" href="https://www.tradingview.com/chart/?symbol=NYSE%3AABR">ABR:tv</a></td><td><a target="_blank" href="https://www.nasdaq.com/market-activity/stocks/ABR/dividend-history">ABR:d_history</a></td><td><a target="_blank" href="https://www.nasdaq.com/market-activity/stocks/ABR">ABR:summary</a></td><td><a target="_blank" href="/mike/v/ABR.v">ABR:analysis</a></td></tr><tr><th scope="row">1</th><td>APLE</td><td>NYSE</td><td><a target="_blank" href="https://www.dividend.com/search/?q=APLE">APLE:div</a></td><td><a target="_blank" href="https://www.tradingview.com/chart/?symbol=NYSE%3AAPLE">APLE:tv</a></td><td><a target="_blank" href="https://www.nasdaq.com/market-activity/stocks/APLE/dividend-history">APLE:d_history</a></td><td><a target="_blank" href="https://www.nasdaq.com/market-activity/stocks/APLE">APLE:summary</a></td><td><a target="_blank" href="/mike/v/APLE.v">APLE:analysis</a></td></tr><tr><th scope="row">2</th><td>AQN</td><td>NYSE</td><td><a target="_blank" href="https://www.dividend.com/search/?q=AQN">AQN:div</a></td><td><a target="_blank" href="https://www.tradingview.com/chart/?symbol=NYSE%3AAQN">AQN:tv</a></td><td><a target="_blank" href="https://www.nasdaq.com/market-activity/stocks/AQN/dividend-history">AQN:d_history</a></td><td><a target="_blank" href="https://www.nasdaq.com/market-activity/stocks/AQN">AQN:summary</a></td><td><a target="_blank" href="/mike/v/AQN.v">AQN:analysis</a></td></tr><tr><th scope="row">3</th><td>ARI</td><td>NYSE</td><td><a target="_blank" href="https://www.dividend.com/search/?q=ARI">ARI:div</a></td><td><a target="_blank" href="https://www.tradingview.com/chart/?symbol=NYSE%3AARI">ARI:tv</a></td><td><a target="_blank" href="https://www.nasdaq.com/market-activity/stocks/ARI/dividend-history">ARI:d_history</a></td><td><a target="_blank" href="https://www.nasdaq.com/market-activity/stocks/ARI">ARI:summary</a></td><td><a target="_blank" href="/mike/v/ARI.v">ARI:analysis</a></td></tr><tr><th scope="row">4</th><td>CAR</td><td>NASDAQ</td><td><a target="_blank" href="https://www.dividend.com/search/?q=CAR">CAR:div</a></td><td><a target="_blank" href="https://www.tradingview.com/chart/?symbol=NASDAQ%3ACAR">CAR:tv</a></td><td><a target="_blank" href="https://www.nasdaq.com/market-activity/stocks/CAR/dividend-history">CAR:d_history</a></td><td><a target="_blank" href="https://www.nasdaq.com/market-activity/stocks/CAR">CAR:summary</a></td><td><a target="_blank" href="/mike/v/CAR.v">CAR:analysis</a></td></tr><tr><th scope="row">5</th><td>CCU</td><td>NYSE</td><td><a target="_blank" href="https://www.dividend.com/search/?q=CCU">CCU:div</a></td><td><a target="_blank" href="https://www.tradingview.com/chart/?symbol=NYSE%3ACCU">CCU:tv</a></td><td><a target="_blank" href="https://www.nasdaq.com/market-activity/stocks/CCU/dividend-history">CCU:d_history</a></td><td><a target="_blank" href="https://www.nasdaq.com/market-activity/stocks/CCU">CCU:summary</a></td><td><a target="_blank" href="/mike/v/CCU.v">CCU:analysis</a></td></tr><tr><th scope="row">6</th><td>CIB</td><td>NYSE</td><td><a target="_blank" href="https://www.dividend.com/search/?q=CIB">CIB:div</a></td><td><a target="_blank" href="https://www.tradingview.com/chart/?symbol=NYSE%3ACIB">CIB:tv</a></td><td><a target="_blank" href="https://www.nasdaq.com/market-activity/stocks/CIB/dividend-history">CIB:d_history</a></td><td><a target="_blank" href="https://www.nasdaq.com/market-activity/stocks/CIB">CIB:summary</a></td><td><a target="_blank" href="/mike/v/CIB.v">CIB:analysis</a></td></tr><tr><th scope="row">7</th><td>GAIN</td><td>NASDAQ</td><td><a target="_blank" href="https://www.dividend.com/search/?q=GAIN">GAIN:div</a></td><td><a target="_blank" href="https://www.tradingview.com/chart/?symbol=NASDAQ%3AGAIN">GAIN:tv</a></td><td><a target="_blank" href="https://www.nasdaq.com/market-activity/stocks/GAIN/dividend-history">GAIN:d_history</a></td><td><a target="_blank" href="https://www.nasdaq.com/market-activity/stocks/GAIN">GAIN:summary</a></td><td><a target="_blank" href="/mike/v/GAIN.v">GAIN:analysis</a></td></tr><tr><th scope="row">8</th><td>JKS</td><td>NYSE</td><td><a target="_blank" href="https://www.dividend.com/search/?q=JKS">JKS:div</a></td><td><a target="_blank" href="https://www.tradingview.com/chart/?symbol=NYSE%3AJKS">JKS:tv</a></td><td><a target="_blank" href="https://www.nasdaq.com/market-activity/stocks/JKS/dividend-history">JKS:d_history</a></td><td><a target="_blank" href="https://www.nasdaq.com/market-activity/stocks/JKS">JKS:summary</a></td><td><a target="_blank" href="/mike/v/JKS.v">JKS:analysis</a></td></tr><tr><th scope="row">9</th><td>LNC</td><td>NYSE</td><td><a target="_blank" href="https://www.dividend.com/search/?q=LNC">LNC:div</a></td><td><a target="_blank" href="https://www.tradingview.com/chart/?symbol=NYSE%3ALNC">LNC:tv</a></td><td><a target="_blank" href="https://www.nasdaq.com/market-activity/stocks/LNC/dividend-history">LNC:d_history</a></td><td><a target="_blank" href="https://www.nasdaq.com/market-activity/stocks/LNC">LNC:summary</a></td><td><a target="_blank" href="/mike/v/LNC.v">LNC:analysis</a></td></tr><tr><th scope="row">10</th><td>MPW</td><td>NYSE</td><td><a target="_blank" href="https://www.dividend.com/search/?q=MPW">MPW:div</a></td><td><a target="_blank" href="https://www.tradingview.com/chart/?symbol=NYSE%3AMPW">MPW:tv</a></td><td><a target="_blank" href="https://www.nasdaq.com/market-activity/stocks/MPW/dividend-history">MPW:d_history</a></td><td><a target="_blank" href="https://www.nasdaq.com/market-activity/stocks/MPW">MPW:summary</a></td><td><a target="_blank" href="/mike/v/MPW.v">MPW:analysis</a></td></tr><tr><th scope="row">11</th><td>O</td><td>NYSE</td><td><a target="_blank" href="https://www.dividend.com/search/?q=O">O:div</a></td><td><a target="_blank" href="https://www.tradingview.com/chart/?symbol=NYSE%3AO">O:tv</a></td><td><a target="_blank" href="https://www.nasdaq.com/market-activity/stocks/O/dividend-history">O:d_history</a></td><td><a target="_blank" href="https://www.nasdaq.com/market-activity/stocks/O">O:summary</a></td><td><a target="_blank" href="/mike/v/O.v">O:analysis</a></td></tr><tr><th scope="row">12</th><td>OBDC</td><td>NYSE</td><td><a target="_blank" href="https://www.dividend.com/search/?q=OBDC">OBDC:div</a></td><td><a target="_blank" href="https://www.tradingview.com/chart/?symbol=NYSE%3AOBDC">OBDC:tv</a></td><td><a target="_blank" href="https://www.nasdaq.com/market-activity/stocks/OBDC/dividend-history">OBDC:d_history</a></td><td><a target="_blank" href="https://www.nasdaq.com/market-activity/stocks/OBDC">OBDC:summary</a></td><td><a target="_blank" href="/mike/v/OBDC.v">OBDC:analysis</a></td></tr><tr><th scope="row">13</th><td>PMT</td><td>NYSE</td><td><a target="_blank" href="https://www.dividend.com/search/?q=PMT">PMT:div</a></td><td><a target="_blank" href="https://www.tradingview.com/chart/?symbol=NYSE%3APMT">PMT:tv</a></td><td><a target="_blank" href="https://www.nasdaq.com/market-activity/stocks/PMT/dividend-history">PMT:d_history</a></td><td><a target="_blank" href="https://www.nasdaq.com/market-activity/stocks/PMT">PMT:summary</a></td><td><a target="_blank" href="/mike/v/PMT.v">PMT:analysis</a></td></tr><tr><th scope="row">14</th><td>TDG</td><td>NYSE</td><td><a target="_blank" href="https://www.dividend.com/search/?q=TDG">TDG:div</a></td><td><a target="_blank" href="https://www.tradingview.com/chart/?symbol=NYSE%3ATDG">TDG:tv</a></td><td><a