<!DOCTYPE html><html lang="en"><h5>fn_build_correlation_mx</h5><div><div>                        <script type="text/javascript">window.PlotlyConfig = {MathJaxConfig: 'local'};</script>
        <script charset="utf-8" src="https://cdn.plot.ly/plotly-2.27.0.min.js"></script>                <div id="69f49652-e749-44dc-92ef-2bbc5130332b" class="plotly-graph-div" style="height:100%; width:100%;"></div>            <script type="text/javascript">                                    window.PLOTLYENV=window.PLOTLYENV || {};                                    if (document.getElementById("69f49652-e749-44dc-92ef-2bbc5130332b")) {                    Plotly.newPlot(                        "69f49652-e749-44dc-92ef-2bbc5130332b",                        [{"colorscale":[[0.0,"rgb(103,0,31)"],[0.1,"rgb(178,24,43)"],[0.2,"rgb(214,96,77)"],[0.3,"rgb(244,165,130)"],[0.4,"rgb(253,219,199)"],[0.5,"rgb(247,247,247)"],[0.6,"rgb(209,229,240)"],[0.7,"rgb(146,197,222)"],[0.8,"rgb(67,147,195)"],[0.9,"rgb(33,102,172)"],[1.0,"rgb(5,48,97)"]],"texttemplate":"%{z:.1f}","x":["ABR","APLE","AQN","ARI","CAR","CCU","CIB","GAIN","JKS","LNC","MPW","O","OBDC","PMT","TDG"],"y":["ABR","APLE","AQN","ARI","CAR","CCU","CIB","GAIN","JKS","LNC","MPW","O","OBDC","PMT","TDG"],"z":[[1.0,0.667473593797635,0.47755768184791414,0.865067918858773,0.499703186936946,0.45438519897961965,0.3505761640821993,0.14636652328976443,0.63257257188444,0.5800316678666129,0.6700586108288126,0.4221359934536037,0.39979049418621815,0.7905672193105642,0.18457790428626672],[0.667473593797635,1.0,0.4004448193547412,0.6376278514343132,0.4768446100641825,0.2612887382359994,0.4942948920609274,0.32194806487946026,0.3286628654676884,0.47820000164794874,0.7196354865432102,0.4091363098255698,0.41656071023185137,0.49932626705117095,0.17310872197267976],[0.47755768184791414,0.4004448193547412,1.0,0.6323595137542282,0.5048911060445842,0.5725607287748872,0.36346739721214594,0.27747106572185765,0.49801928666228334,0.6398278705774352,0.6105878712171507,0.7600194631283715,0.2161785133991766,0.6267503161655962,0.1032357125550165],[0.865067918858773,0.6376278514343132,0.6323595137542282,1.0,0.37863542934124783,0.45722030619977433,0.5175145290909365,0.2834946115279716,0.622259578751915,0.6425647477314181,0.7959651367269317,0.5670105532402635,0.3700782932566694,0.9128831927693482,0.12214850618309815],[0.499703186936946,0.4768446100641825,0.5048911060445842,0.37863542934124783,1.0,0.4969732788165513,0.19579446377391668,0.30187504245974384,0.5743490954220118,0.5040525726120099,0.2633193780843578,0.2960413170773926,0.2767526729974061,0.25245205902221124,0.502178285760048],[0.45438519897961965,0.2612887382359994,0.5725607287748872,0.45722030619977433,0.4969732788165513,1.0,0.23346565081209256,0.23931908915581696,0.3846245698302742,0.20987592637552976,0.40445074224016375,0.33179105063654046,0.5056116759233262,0.4945622451781724,0.20797471939277087],[0.3505761640821993,0.4942948920609274,0.36346739721214594,0.5175145290909365,0.19579446377391668,0.23346565081209256,1.0,0.3430370864049107,0.28432437708164116,0.2961156007222322,0.43106704743362295,0.2161763516259674,0.3639467934090145,0.39061180969093934,0.17729220690813075],[0.14636652328976443,0.32194806487946026,0.27747106572185765,0.2834946115279716,0.30187504245974384,0.23931908915581696,0.3430370864049107,1.0,0.22394817320489932,0.2853643018914044,0.13674928864219413,0.13107668060761213,0.3997231947052771,0.09622555227908071,0.2648507171876543],[0.63257257188444,0.3286628654676884,0.49801928666228334,0.622259578751915,0.5743490954220118,0.3846245698302742,0.28432437708164116,0.22394817320489932,1.0,0.6033169565541804,0.4270035324042049,0.3116596342723136,0.2044089824189663,0.5343923711069153,0.3205306134832452],[0.5800316678666129,0.47820000164794874,0.6398278705774352,0.6425647477314181,0.5040525726120099,0.20987592637552976,0.2961156007222322,0.2853643018914044,0.6033169565541804,1.0,0.4783672625055894,0.5940883789941082,0.21430344747866215,0.46691662595428446,0.07941378775922447],[0.6700586108288126,0.7196354865432102,0.6105878712171507,0.7959651367269317,0.2633193780843578,0.40445074224016375,0.43106704743362295,0.13674928864219413,0.4270035324042049,0.4783672625055894,1.0,0.6294304692415844,0.253587190836432,0.8101960350337521,-0.004896195681084134],[0.4221359934536037,0.4091363098255698,0.7600194631283715,0.5670105532402635,0.2960413170773926,0.33179105063654046,0.2161763516259674,0.13107668060761213,0.3116596342723136,0.5940883789941082,0.6294304692415844,1.0,0.04592594195556769,0.5987198318827729,0.15627387435634185],[0.39979049418621815,0.41656071023185137,0.2161785133991766,0.3700782932566694,0.2767526729974061,0.5056116759233262,0.3639467934090145,0.3997231947052771,0.2044089824189663,0.21430344747866215,0.253587190836432,0.04592594195556769,1.0,0.22158394664661568,0.3378717677267269],[0.7905672193105642,0.49932626705117095,0.6267503161655962,0.9128831927693482,0.25245205902221124,0.4945622451781724,0.39061180969093934,0.09622555227908071,0.5343923711069153,0.46691662595428446,0.8101960350337521,0.5987198318827729,0.22158394664661568,1.0,0.10212355198267714],[0.18457790428626672,0.17310872197267976,0.1032357125550165,0.12214850618309815,0.502178285760048,0.20797471939277087,0.17729220690813075,0.2648507171876543,0.3205306134832452,0.07941378775922447,-0.004896195681084134,0.15627387435634185,0.3378717677267269,0.10212355198267714,1.0]],"zmax":1,"zmin":-1,"type":"heatmap"}],                        {"template":{"data":{"histogram2dcontour":[{"type":"histogram2dcontour","colorbar":{"outlinewidth":0,"ticks":""},"colorscale":[[0.0,"#0d0887"],[0.1111111111111111,"#46039f"],[0.2222222222222222,"#7201a8"],[0.3333333333333333,"#9c179e"],[0.4444444444444444,"#bd3786"],[0.5555555555555556,"#d8576b"],[0.6666666666666666,"#ed7953"],[0.7777777777777778,"#fb9f3a"],[0.8888888888888888,"#fdca26"],[1.0,"#f0f921"]]}],"choropleth":[{"type":"choropleth","colorbar":{"outlinewidth":0,"ticks":""}}],"histogram2d":[{"type":"histogram2d","colorbar":{"outlinewidth":0,"ticks":""},"colorscale":[[0.0,"#0d0887"],[0.1111111111111111,"#46039f"],[0.2222222222222222,"#7201a8"],[0.3333333333333333,"#9c179e"],[0.4444444444444444,"#bd3786"],[0.5555555555555556,"#d8576b"],[0.6666666666666666,"#ed7953"],[0.7777777777777778,"#fb9f3a"],[0.8888888888888888,"#fdca26"],[1.0,"#f0f921"]]}],"heatmap":[{"type":"heatmap","colorbar":{"outlinewidth":0,"ticks":""},"colorscale":[[0.0,"#0d0887"],[0.1111111111111111,"#46039f"],[0.2222222222222222,"#7201a8"],[0.3333333333333333,"#9c179e"],[0.4444444444444444,"#bd3786"],[0.5555555555555556,"#d8576b"],[0.6666666666666666,"#ed7953"],[0.7777777777777778,"#fb9f3a"],[0.8888888888888888,"#fdca26"],[1.0,"#f0f921"]]}],"heatmapgl":[{"type":"heatmapgl","colorbar":{"outlinewidth":0,"ticks":""},"colorscale":[[0.0,"#0d0887"],[0.1111111111111111,"#46039f"],[0.2222222222222222,"#7201a8"],[0.3333333333333333,"#9c179e"],[0.4444444444444444,"#bd3786"],[0.5555555555555556,"#d8576b"],[0.6666666666666666,"#ed7953"],[0.7777777777777778,"#fb9f3a"],[0.8888888888888888,"#fdca26"],[1.0,"#f0f921"]]}],"contourcarpet":[{"type":"contourcarpet","colorbar":{"outlinewidth":0,"ticks":""}}],"contour":[{"type":"contour","colorbar":{"outlinewidth":0,"ticks":""},"colorscale":[[0.0,"#0d0887"],[0.1111111111111111,"#46039f"],[0.2222222222222222,"#7201a8"],[0.3333333333333333,"#9c179e"],[0.4444444444444444,"#bd3786"],[0.5555555555555556,"#d8576b"],[0.6666666666666666,"#ed7953"],[0.7777777777777778,"#fb9f3a"],[0.8888888888888888,"#fdca26"],[1.0,"#f0f921"]]}],"surface":[{"type":"surface","colorbar":{"outlinewidth":0,"ticks":""},"colorscale":[[0.0,"#0d0887"],[0.1111111111111111,"#46039f"],[0.2222222222222222,"#7201a8"],[0.3333333333333333,"#9c179e"],[0.4444444444444444,"#bd3786"],[0.5555555555555556,"#d8576b"],[0.6666666666666666,"#ed7953"],[0.7777777777777778,"#fb9f3a"],[0.8888888888888888,"#fdca26"],[1.0,"#f0f921"]]}],"mesh3d":[{"type":"mesh3d","colorbar":{"outlinewidth":0,"ticks":""}}],"scatter":[{"fillpattern":{"fillmode":"overlay","size":10,"solidity":0.2},"type":"scatter"}],"parcoords":[{"type":"parcoords","line":{"colorbar":{"outlinewidth":0,"ticks":""}}}],"scatterpolargl":[{"type":"scatterpolargl","marker":{"colorbar":{"outlinewidth":0,"ticks":""}}}],"bar":[{"error_x":{"color":"#2a3f5f"},"error_y":{"color":"#2a3f5f"},"marker":{"line":{"color":"#E5ECF6","width":0.5},"pattern":{"fillmode":"overlay","size":10,"solidity":0.2}},"type":"bar"}],"scattergeo":[{"type":"scattergeo","marker":{"colorbar":{"outlinewidth":0,"ticks":""}}}],"scatterpolar":[{"type":"scatterpolar","marker":{"colorbar":{"outlinewidth":0,"ticks":""}}}],"histogram":[{"marker":{"pattern":{"fillmode":"overlay","size":10,"solidity":0.2}},"type":"histogram"}],"scattergl":[{"type":"scattergl","marker":{"colorbar":{"outlinewidth":0,"ticks":""}}}],"scatter3d":[{"type":"scatter3d","line":{"colorbar":{"outlinewidth":0,"ticks":""}},"marker":{"colorbar":{"outlinewidth":0,"ticks":""}}}],"scattermapbox":[{"type":"scattermapbox","marker":{"colorbar":{"outlinewidth":0,"ticks":""}}}],"scatterternary":[{"type":"scatterternary","marker":{"colorbar":{"outlinewidth":0,"ticks":""}}}],"scattercarpet":[{"type":"scattercarpet","marker":{"colorbar":{"outlinewidth":0,"ticks":""}}}],"carpet":[{"aaxis":{"endlinecolor":"#2a3f5f","gridcolor":"white","linecolor":"white","minorgridcolor":"white","startlinecolor":"#2a3f5f"},"baxis":{"endlinecolor":"#2a3f5f","gridcolor":"white","linecolor":"white","minorgridcolor":"white","startlinecolor":"#2a3f5f"},"type":"carpet"}],"table":[{"cells":{"fill":{"color":"#EBF0F8"},"line":{"color":"white"}},"header":{"fill":{"color":"#C8D4E3"},"line":{"color":"white"}},"type":"table"}],"barpolar":[{"marker":{"line":{"color":"#E5ECF6","width":0.5},"pattern":{"fillmode":"overlay","size":10,"solidity":0.2}},"type":"barpolar"}],"pie":[{"automargin":true,"type":"pie"}]},"layout":{"autotypenumbers":"strict","colorway":["#636efa","#EF553B","#00cc96","#ab63fa","#FFA15A","#19d3f3","#FF6692","#B6E880","#FF97FF","#FECB52"],"font":{"color":"#2a3f5f"},"hovermode":"closest","hoverlabel":{"align":"left"},"paper_bgcolor":"white","plot_bgcolor":"#E5ECF6","polar":{"bgcolor":"#E5ECF6","angularaxis":{"gridcolor":"white","linecolor":"white","ticks":""},"radialaxis":{"gridcolor":"white","linecolor":"white","ticks":""}},"ternary":{"bgcolor":"#E5ECF6","aaxis":{"gridcolor":"white","linecolor":"white","ticks":""},"baxis":{"gridcolor":"white","linecolor":"white","ticks":""},"caxis":{"gridcolor":"white","linecolor":"white","ticks":""}},"coloraxis":{"colorbar":{"outlinewidth":0,"ticks":""}},"colorscale":{"sequential":[[0.0,"#0d0887"],[0.1111111111111111,"#46039f"],[0.2222222222222222,"#7201a8"],[0.3333333333333333,"#9c179e"],[0.4444444444444444,"#bd3786"],[0.5555555555555556,"#d8576b"],[0.6666666666666666,"#ed7953"],[0.7777777777777778,"#fb9f3a"],[0.8888888888888888,"#fdca26"],[1.0,"#f0f921"]],"sequentialminus":[[0.0,"#0d0887"],[0.1111111111111111,"#46039f"],[0.2222222222222222,"#7201a8"],[0.3333333333333333,"#9c179e"],[0.4444444444444444,"#bd3786"],[0.5555555555555556,"#d8576b"],[0.6666666666666666,"#ed7953"],[0.7777777777777778,"#fb9f3a"],[0.8888888888888888,"#fdca26"],[1.0,"#f0f921"]],"diverging":[[0,"#8e0152"],[0.1,"#c51b7d"],[0.2,"#de77ae"],[0.3,"#f1b6da"],[0.4,"#fde0ef"],[0.5,"#f7f7f7"],[0.6,"#e6f5d0"],[0.7,"#b8e186"],[0.8,"#7fbc41"],[0.9,"#4d9221"],[1,"#276419"]]},"xaxis":{"gridcolor":"white","linecolor":"white","ticks":"","title":{"standoff":15},"zerolinecolor":"white","automargin":true,"zerolinewidth":2},"yaxis":{"gridcolor":"white","linecolor":"white","ticks":"","title":{"standoff":15},"zerolinecolor":"white","automargin":true,"zerolinewidth":2},"scene":{"xaxis":{"backgroundcolor":"#E5ECF6","gridcolor":"white","linecolor":"white","showbackground":true,"ticks":"","zerolinecolor":"white","gridwidth":2},"yaxis":{"backgroundcolor":"#E5ECF6","gridcolor":"white","linecolor":"white","showbackground":true,"ticks":"","zerolinecolor":"white","gridwidth":2},"zaxis":{"backgroundcolor":"#E5ECF6","gridcolor":"white","linecolor":"white","showbackground":true,"ticks":"","zerolinecolor":"white","gridwidth":2}},"shapedefaults":{"line":{"color":"#2a3f5f"}},"annotationdefaults":{"arrowcolor":"#2a3f5f","arrowhead":0,"arrowwidth":1},"geo":{"bgcolor":"white","landcolor":"#E5ECF6","subunitcolor":"white","showland":true,"showlakes":true,"lakecolor":"white"},"title":{"x":0.05},"mapbox":{"style":"light"}}}},                        {"responsive": true}                    )                };                            </script>        </div></div><h5>xrefs</h5><table class="table table-sm table-dark table-hover table-bordered"><thead><tr><th scope="col">#</th><th scope="col"></th></tr></thead><tbody></tbody></table></html>