<!DOCTYPE html><html lang="en"><h5>fn_build_correlation_mx</h5><div><div>                        <script type="text/javascript">window.PlotlyConfig = {MathJaxConfig: 'local'};</script>
        <script charset="utf-8" src="https://cdn.plot.ly/plotly-2.27.0.min.js"></script>                <div id="08c7bf2c-3f43-4c4a-94cd-11850cb22b01" class="plotly-graph-div" style="height:100%; width:100%;"></div>            <script type="text/javascript">                                    window.PLOTLYENV=window.PLOTLYENV || {};                                    if (document.getElementById("08c7bf2c-3f43-4c4a-94cd-11850cb22b01")) {                    Plotly.newPlot(                        "08c7bf2c-3f43-4c4a-94cd-11850cb22b01",                        [{"colorscale":[[0.0,"rgb(103,0,31)"],[0.1,"rgb(178,24,43)"],[0.2,"rgb(214,96,77)"],[0.3,"rgb(244,165,130)"],[0.4,"rgb(253,219,199)"],[0.5,"rgb(247,247,247)"],[0.6,"rgb(209,229,240)"],[0.7,"rgb(146,197,222)"],[0.8,"rgb(67,147,195)"],[0.9,"rgb(33,102,172)"],[1.0,"rgb(5,48,97)"]],"texttemplate":"%{z:.1f}","x":["ABR","APLE","AQN","ARI","CAR","CCU","CIB","GAIN","JKS","LNC","MPW","O","OBDC","PMT","TDG"],"y":["ABR","APLE","AQN","ARI","CAR","CCU","CIB","GAIN","JKS","LNC","MPW","O","OBDC","PMT","TDG"],"z":[[1.0,0.66718819873338,0.4754331084077464,0.8635941482584835,0.4989377342619228,0.45496747067038595,0.3448077852956542,0.14557543190072728,0.6322980778732529,0.5779886498017576,0.6697957012522547,0.4215884840575527,0.3992364947081754,0.7900346952669437,0.18336250807246557],[0.66718819873338,1.0,0.40188198186971313,0.6392730117187987,0.47727957603235566,0.26118801770943817,0.49710077583952805,0.3223826758491834,0.32871773320759584,0.4809452969926579,0.7197735976568164,0.40936747238258264,0.4163844637069445,0.5001992227659687,0.17298424976121762],[0.4754331084077464,0.40188198186971313,1.0,0.6318378349346014,0.5044540897074267,0.5736955025871845,0.36257834424557134,0.27767285263115166,0.4972764761757127,0.6392742762810211,0.6119059387694821,0.7597196716518088,0.2119693527449179,0.6255595687755685,0.09722283461983312],[0.8635941482584835,0.6392730117187987,0.6318378349346014,1.0,0.37810483653667754,0.45851893949947525,0.515785219859008,0.2836614059298234,0.6217949327477615,0.6417131653353488,0.7975593163875221,0.5667082316815935,0.3662371261229943,0.9123094298425952,0.11617281203338785],[0.4989377342619228,0.47727957603235566,0.5044540897074267,0.37810483653667754,1.0,0.4975100289868885,0.19440831068557546,0.30180891064962834,0.5740913427017148,0.5038633462758455,0.26369950451533625,0.2957328156386884,0.2752279230523528,0.251691695036612,0.500954281366796],[0.45496747067038595,0.26118801770943817,0.5736955025871845,0.45851893949947525,0.4975100289868885,1.0,0.2349049522076902,0.23954004937289242,0.3850016876044488,0.21167469765598051,0.40436496556569057,0.33217608059095843,0.5069470344291948,0.49581826660475603,0.20967408400890986],[0.3448077852956542,0.49710077583952805,0.36257834424557134,0.515785219859008,0.19440831068557546,0.2349049522076902,1.0,0.34343624473122686,0.28192539969018293,0.2931105881694737,0.4335132110389251,0.21456492390942616,0.35392770082060726,0.3865496517582911,0.16370322594348885],[0.14557543190072728,0.3223826758491834,0.27767285263115166,0.2836614059298234,0.30180891064962834,0.23954004937289242,0.34343624473122686,1.0,0.22367373357751102,0.2857995015895643,0.13718713295796542,0.13092344912402157,0.39862040000262455,0.09580986188985711,0.2635014356910179],[0.6322980778732529,0.32871773320759584,0.4972764761757127,0.6217949327477615,0.5740913427017148,0.3850016876044488,0.28192539969018293,0.22367373357751102,1.0,0.6031943075887043,0.4270384967563709,0.3113779064393961,0.20360118154810905,0.5341513243659398,0.3198642228978593],[0.5779886498017576,0.4809452969926579,0.6392742762810211,0.6417131653353488,0.5038633462758455,0.21167469765598051,0.2931105881694737,0.2857995015895643,0.6031943075887043,1.0,0.480869226502279,0.5942228646485354,0.208416211213517,0.4649013001827338,0.07044841445722148],[0.6697957012522547,0.7197735976568164,0.6119059387694821,0.7975593163875221,0.26369950451533625,0.40436496556569057,0.4335132110389251,0.13718713295796542,0.4270384967563709,0.480869226502279,1.0,0.629621703185697,0.25327949450770726,0.8112576339162267,-0.005486028111078003],[0.4215884840575527,0.40936747238258264,0.7597196716518088,0.5667082316815935,0.2957328156386884,0.33217608059095843,0.21456492390942616,0.13092344912402157,0.3113779064393961,0.5942228646485354,0.629621703185697,1.0,0.04461344841269259,0.5985724377558207,0.1547472801742514],[0.3992364947081754,0.4163844637069445,0.2119693527449179,0.3662371261229943,0.2752279230523528,0.5069470344291948,0.35392770082060726,0.39862040000262455,0.20360118154810905,0.208416211213517,0.25327949450770726,0.04461344841269259,1.0,0.2190809019401536,0.33577723089230305],[0.7900346952669437,0.5001992227659687,0.6255595687755685,0.9123094298425952,0.251691695036612,0.49581826660475603,0.3865496517582911,0.09580986188985711,0.5341513243659398,0.4649013001827338,0.8112576339162267,0.5985724377558207,0.2190809019401536,1.0,0.09818792925975448],[0.18336250807246557,0.17298424976121762,0.09722283461983312,0.11617281203338785,0.500954281366796,0.20967408400890986,0.16370322594348885,0.2635014356910179,0.3198642228978593,0.07044841445722148,-0.005486028111078003,0.1547472801742514,0.33577723089230305,0.09818792925975448,1.0]],"zmax":1,"zmin":-1,"type":"heatmap"}],                        {"template":{"data":{"histogram2dcontour":[{"type":"histogram2dcontour","colorbar":{"outlinewidth":0,"ticks":""},"colorscale":[[0.0,"#0d0887"],[0.1111111111111111,"#46039f"],[0.2222222222222222,"#7201a8"],[0.3333333333333333,"#9c179e"],[0.4444444444444444,"#bd3786"],[0.5555555555555556,"#d8576b"],[0.6666666666666666,"#ed7953"],[0.7777777777777778,"#fb9f3a"],[0.8888888888888888,"#fdca26"],[1.0,"#f0f921"]]}],"choropleth":[{"type":"choropleth","colorbar":{"outlinewidth":0,"ticks":""}}],"histogram2d":[{"type":"histogram2d","colorbar":{"outlinewidth":0,"ticks":""},"colorscale":[[0.0,"#0d0887"],[0.1111111111111111,"#46039f"],[0.2222222222222222,"#7201a8"],[0.3333333333333333,"#9c179e"],[0.4444444444444444,"#bd3786"],[0.5555555555555556,"#d8576b"],[0.6666666666666666,"#ed7953"],[0.7777777777777778,"#fb9f3a"],[0.8888888888888888,"#fdca26"],[1.0,"#f0f921"]]}],"heatmap":[{"type":"heatmap","colorbar":{"outlinewidth":0,"ticks":""},"colorscale":[[0.0,"#0d0887"],[0.1111111111111111,"#46039f"],[0.2222222222222222,"#7201a8"],[0.3333333333333333,"#9c179e"],[0.4444444444444444,"#bd3786"],[0.5555555555555556,"#d8576b"],[0.6666666666666666,"#ed7953"],[0.7777777777777778,"#fb9f3a"],[0.8888888888888888,"#fdca26"],[1.0,"#f0f921"]]}],"heatmapgl":[{"type":"heatmapgl","colorbar":{"outlinewidth":0,"ticks":""},"colorscale":[[0.0,"#0d0887"],[0.1111111111111111,"#46039f"],[0.2222222222222222,"#7201a8"],[0.3333333333333333,"#9c179e"],[0.4444444444444444,"#bd3786"],[0.5555555555555556,"#d8576b"],[0.6666666666666666,"#ed7953"],[0.7777777777777778,"#fb9f3a"],[0.8888888888888888,"#fdca26"],[1.0,"#f0f921"]]}],"contourcarpet":[{"type":"contourcarpet","colorbar":{"outlinewidth":0,"ticks":""}}],"contour":[{"type":"contour","colorbar":{"outlinewidth":0,"ticks":""},"colorscale":[[0.0,"#0d0887"],[0.1111111111111111,"#46039f"],[0.2222222222222222,"#7201a8"],[0.3333333333333333,"#9c179e"],[0.4444444444444444,"#bd3786"],[0.5555555555555556,"#d8576b"],[0.6666666666666666,"#ed7953"],[0.7777777777777778,"#fb9f3a"],[0.8888888888888888,"#fdca26"],[1.0,"#f0f921"]]}],"surface":[{"type":"surface","colorbar":{"outlinewidth":0,"ticks":""},"colorscale":[[0.0,"#0d0887"],[0.1111111111111111,"#46039f"],[0.2222222222222222,"#7201a8"],[0.3333333333333333,"#9c179e"],[0.4444444444444444,"#bd3786"],[0.5555555555555556,"#d8576b"],[0.6666666666666666,"#ed7953"],[0.7777777777777778,"#fb9f3a"],[0.8888888888888888,"#fdca26"],[1.0,"#f0f921"]]}],"mesh3d":[{"type":"mesh3d","colorbar":{"outlinewidth":0,"ticks":""}}],"scatter":[{"fillpattern":{"fillmode":"overlay","size":10,"solidity":0.2},"type":"scatter"}],"parcoords":[{"type":"parcoords","line":{"colorbar":{"outlinewidth":0,"ticks":""}}}],"scatterpolargl":[{"type":"scatterpolargl","marker":{"colorbar":{"outlinewidth":0,"ticks":""}}}],"bar":[{"error_x":{"color":"#2a3f5f"},"error_y":{"color":"#2a3f5f"},"marker":{"line":{"color":"#E5ECF6","width":0.5},"pattern":{"fillmode":"overlay","size":10,"solidity":0.2}},"type":"bar"}],"scattergeo":[{"type":"scattergeo","marker":{"colorbar":{"outlinewidth":0,"ticks":""}}}],"scatterpolar":[{"type":"scatterpolar","marker":{"colorbar":{"outlinewidth":0,"ticks":""}}}],"histogram":[{"marker":{"pattern":{"fillmode":"overlay","size":10,"solidity":0.2}},"type":"histogram"}],"scattergl":[{"type":"scattergl","marker":{"colorbar":{"outlinewidth":0,"ticks":""}}}],"scatter3d":[{"type":"scatter3d","line":{"colorbar":{"outlinewidth":0,"ticks":""}},"marker":{"colorbar":{"outlinewidth":0,"ticks":""}}}],"scattermapbox":[{"type":"scattermapbox","marker":{"colorbar":{"outlinewidth":0,"ticks":""}}}],"scatterternary":[{"type":"scatterternary","marker":{"colorbar":{"outlinewidth":0,"ticks":""}}}],"scattercarpet":[{"type":"scattercarpet","marker":{"colorbar":{"outlinewidth":0,"ticks":""}}}],"carpet":[{"aaxis":{"endlinecolor":"#2a3f5f","gridcolor":"white","linecolor":"white","minorgridcolor":"white","startlinecolor":"#2a3f5f"},"baxis":{"endlinecolor":"#2a3f5f","gridcolor":"white","linecolor":"white","minorgridcolor":"white","startlinecolor":"#2a3f5f"},"type":"carpet"}],"table":[{"cells":{"fill":{"color":"#EBF0F8"},"line":{"color":"white"}},"header":{"fill":{"color":"#C8D4E3"},"line":{"color":"white"}},"type":"table"}],"barpolar":[{"marker":{"line":{"color":"#E5ECF6","width":0.5},"pattern":{"fillmode":"overlay","size":10,"solidity":0.2}},"type":"barpolar"}],"pie":[{"automargin":true,"type":"pie"}]},"layout":{"autotypenumbers":"strict","colorway":["#636efa","#EF553B","#00cc96","#ab63fa","#FFA15A","#19d3f3","#FF6692","#B6E880","#FF97FF","#FECB52"],"font":{"color":"#2a3f5f"},"hovermode":"closest","hoverlabel":{"align":"left"},"paper_bgcolor":"white","plot_bgcolor":"#E5ECF6","polar":{"bgcolor":"#E5ECF6","angularaxis":{"gridcolor":"white","linecolor":"white","ticks":""},"radialaxis":{"gridcolor":"white","linecolor":"white","ticks":""}},"ternary":{"bgcolor":"#E5ECF6","aaxis":{"gridcolor":"white","linecolor":"white","ticks":""},"baxis":{"gridcolor":"white","linecolor":"white","ticks":""},"caxis":{"gridcolor":"white","linecolor":"white","ticks":""}},"coloraxis":{"colorbar":{"outlinewidth":0,"ticks":""}},"colorscale":{"sequential":[[0.0,"#0d0887"],[0.1111111111111111,"#46039f"],[0.2222222222222222,"#7201a8"],[0.3333333333333333,"#9c179e"],[0.4444444444444444,"#bd3786"],[0.5555555555555556,"#d8576b"],[0.6666666666666666,"#ed7953"],[0.7777777777777778,"#fb9f3a"],[0.8888888888888888,"#fdca26"],[1.0,"#f0f921"]],"sequentialminus":[[0.0,"#0d0887"],[0.1111111111111111,"#46039f"],[0.2222222222222222,"#7201a8"],[0.3333333333333333,"#9c179e"],[0.4444444444444444,"#bd3786"],[0.5555555555555556,"#d8576b"],[0.6666666666666666,"#ed7953"],[0.7777777777777778,"#fb9f3a"],[0.8888888888888888,"#fdca26"],[1.0,"#f0f921"]],"diverging":[[0,"#8e0152"],[0.1,"#c51b7d"],[0.2,"#de77ae"],[0.3,"#f1b6da"],[0.4,"#fde0ef"],[0.5,"#f7f7f7"],[0.6,"#e6f5d0"],[0.7,"#b8e186"],[0.8,"#7fbc41"],[0.9,"#4d9221"],[1,"#276419"]]},"xaxis":{"gridcolor":"white","linecolor":"white","ticks":"","title":{"standoff":15},"zerolinecolor":"white","automargin":true,"zerolinewidth":2},"yaxis":{"gridcolor":"white","linecolor":"white","ticks":"","title":{"standoff":15},"zerolinecolor":"white","automargin":true,"zerolinewidth":2},"scene":{"xaxis":{"backgroundcolor":"#E5ECF6","gridcolor":"white","linecolor":"white","showbackground":true,"ticks":"","zerolinecolor":"white","gridwidth":2},"yaxis":{"backgroundcolor":"#E5ECF6","gridcolor":"white","linecolor":"white","showbackground":true,"ticks":"","zerolinecolor":"white","gridwidth":2},"zaxis":{"backgroundcolor":"#E5ECF6","gridcolor":"white","linecolor":"white","showbackground":true,"ticks":"","zerolinecolor":"white","gridwidth":2}},"shapedefaults":{"line":{"color":"#2a3f5f"}},"annotationdefaults":{"arrowcolor":"#2a3f5f","arrowhead":0,"arrowwidth":1},"geo":{"bgcolor":"white","landcolor":"#E5ECF6","subunitcolor":"white","showland":true,"showlakes":true,"lakecolor":"white"},"title":{"x":0.05},"mapbox":{"style":"light"}}}},                        {"responsive": true}                    )                };                            </script>        </div></div><h5>xrefs</h5><table class="table table-sm table-dark table-hover table-bordered"><thead><tr><th scope="col">#</th><th scope="col">symbol</th><th scope="col">div.com</th><th scope="col">tv</th><th scope="col">DH</th><th scope="col">S</th></tr></thead><tbody><tr><th scope="row">0</th><td>ABR</td><td><a target="_blank" href="https://www.dividend.com/search/?q=ABR">ABR:div</a></td><td><a target="_blank" href="https://www.tradingview.com/chart/?symbol=NYSE%3AABR">ABR:tv</a></td></tr><tr><th scope="row">1</th><td>APLE</td><td><a target="_blank" href="https://www.dividend.com/search/?q=APLE">APLE:div</a></td><td><a target="_blank" href="https://www.tradingview.com/chart/?symbol=NYSE%3AAPLE">APLE:tv</a></td></tr><tr><th scope="row">2</th><td>AQN</td><td><a target="_blank" href="https://www.dividend.com/search/?q=AQN">AQN:div</a></td><td><a target="_blank" href="https://www.tradingview.com/chart/?symbol=NYSE%3AAQN">AQN:tv</a></td></tr><tr><th scope="row">3</th><td>ARI</td><td><a target="_blank" href="https://www.dividend.com/search/?q=ARI">ARI:div</a></td><td><a target="_blank" href="https://www.tradingview.com/chart/?symbol=NYSE%3AARI">ARI:tv</a></td></tr><tr><th scope="row">4</th><td>CAR</td><td><a target="_blank" href="https://www.dividend.com/search/?q=CAR">CAR:div</a></td><td><a target="_blank" href="https://www.tradingview.com/chart/?symbol=NYSE%3ACAR">CAR:tv</a></td></tr><tr><th scope="row">5</th><td>CCU</td><td><a target="_blank" href="https://www.dividend.com/search/?q=CCU">CCU:div</a></td><td><a target="_blank" href="https://www.tradingview.com/chart/?symbol=NYSE%3ACCU">CCU:tv</a></td></tr><tr><th scope="row">6</th><td>CIB</td><td><a target="_blank" href="https://www.dividend.com/search/?q=CIB">CIB:div</a></td><td><a target="_blank" href="https://www.tradingview.com/chart/?symbol=NYSE%3ACIB">CIB:tv</a></td></tr><tr><th scope="row">7</th><td>GAIN</td><td><a target="_blank" href="https://www.dividend.com/search/?q=GAIN">GAIN:div</a></td><td><a target="_blank" href="https://www.tradingview.com/chart/?symbol=NYSE%3AGAIN">GAIN:tv</a></td></tr><tr><th scope="row">8</th><td>JKS</td><td><a target="_blank" href="https://www.dividend.com/search/?q=JKS">JKS:div</a></td><td><a target="_blank" href="https://www.tradingview.com/chart/?symbol=NYSE%3AJKS">JKS:tv</a></td></tr><tr><th scope="row">9</th><td>LNC</td><td><a target="_blank" href="https://www.dividend.com/search/?q=LNC">LNC:div</a></td><td><a target="_blank" href="https://www.tradingview.com/chart/?symbol=NYSE%3ALNC">LNC:tv</a></td></tr><tr><th scope="row">10</th><td>MPW</td><td><a target="_blank" href="https://www.dividend.com/search/?q=MPW">MPW:div</a></td><td><a target="_blank" href="https://www.tradingview.com/chart/?symbol=NYSE%3AMPW">MPW:tv</a></td></tr><tr><th scope="row">11</th><td>O</td><td><a target="_blank" href="https://www.dividend.com/search/?q=O">O:div</a></td><td><a target="_blank" href="https://www.tradingview.com/chart/?symbol=NYSE%3AO">O:tv</a></td></tr><tr><th scope="row">12</th><td>OBDC</td><td><a target="_blank" href="https://www.dividend.com/search/?q=OBDC">OBDC:div</a></td><td><a target="_blank" href="https://www.tradingview.com/chart/?symbol=NYSE%3AOBDC">OBDC:tv</a></td></tr><tr><th scope="row">13</th><td>PMT</td><td><a target="_blank" href="https://www.dividend.com/search/?q=PMT">PMT:div</a></td><td><a target="_blank" href="https://www.tradingview.com/chart/?symbol=NYSE%3APMT">PMT:tv</a></td></tr><tr><th scope="row">14</th><td>TDG</td><td><a target="_blank" href="https://www.dividend.com/search/?q=TDG">TDG:div</a></td><td><a target="_blank" href="https://www.tradingview.com/chart/?symbol=NYSE%3ATDG">TDG:tv</a></td></tr></tbody></table></html>