<!DOCTYPE html><html lang="en"><h5>fn_build_correlation_mx</h5><div><div>                        <script type="text/javascript">window.PlotlyConfig = {MathJaxConfig: 'local'};</script>
        <script charset="utf-8" src="https://cdn.plot.ly/plotly-2.27.0.min.js"></script>                <div id="ef11a391-4be5-41a5-b64d-747647b7be85" class="plotly-graph-div" style="height:100%; width:100%;"></div>            <script type="text/javascript">                                    window.PLOTLYENV=window.PLOTLYENV || {};                                    if (document.getElementById("ef11a391-4be5-41a5-b64d-747647b7be85")) {                    Plotly.newPlot(                        "ef11a391-4be5-41a5-b64d-747647b7be85",                        [{"colorscale":[[0.0,"rgb(103,0,31)"],[0.1,"rgb(178,24,43)"],[0.2,"rgb(214,96,77)"],[0.3,"rgb(244,165,130)"],[0.4,"rgb(253,219,199)"],[0.5,"rgb(247,247,247)"],[0.6,"rgb(209,229,240)"],[0.7,"rgb(146,197,222)"],[0.8,"rgb(67,147,195)"],[0.9,"rgb(33,102,172)"],[1.0,"rgb(5,48,97)"]],"texttemplate":"%{z:.1f}","x":["ABR","APLE","AQN","ARI","CAR","CCU","CIB","GAIN","JKS","LNC","MPW","O","OBDC","PMT","TDG"],"y":["ABR","APLE","AQN","ARI","CAR","CCU","CIB","GAIN","JKS","LNC","MPW","O","OBDC","PMT","TDG"],"z":[[1.0,0.6647296200170624,0.48023820015031976,0.8670298863688937,0.49999419533255635,0.4557895326857589,0.3581664965985118,0.14947569560136986,0.6317351414105383,0.5846830397501759,0.6696330951034921,0.41892543131356047,0.39680612147309985,0.791274196255553,0.18442545552908446],[0.6647296200170624,1.0,0.39195884488717375,0.6336805335644907,0.47587043099542414,0.260642003523964,0.494418358741016,0.3193955468502644,0.32824962395972357,0.477143513448116,0.719032290744877,0.4094124188020045,0.41688588967493667,0.4982493341455585,0.1722835579867672],[0.48023820015031976,0.39195884488717375,1.0,0.6343137184547779,0.5015385077726673,0.5735425794441683,0.3693200992204085,0.2832785229912634,0.49274292674166453,0.6398881188847337,0.6062138497578042,0.7448635253144179,0.2057050050207852,0.6225464982607857,0.09954150592511192],[0.8670298863688937,0.6336805335644907,0.6343137184547779,1.0,0.37781173426625275,0.46144033269904733,0.51837977449667,0.2872077518306824,0.6206055723083026,0.6420152323334911,0.7957561802764826,0.5605024393269225,0.3629551551317672,0.9114215491031975,0.11781921736469686],[0.49999419533255635,0.47587043099542414,0.5015385077726673,0.37781173426625275,1.0,0.4985525878711404,0.1942284672946234,0.3023039635886634,0.5740466392425374,0.5042037451509468,0.2634500319366341,0.2940682055976655,0.2744665493731245,0.2516069081913202,0.5013606125593645],[0.4557895326857589,0.260642003523964,0.5735425794441683,0.46144033269904733,0.4985525878711404,1.0,0.244167820877426,0.24145145382484617,0.38523599642218764,0.21616518625652972,0.4049206848806356,0.3312175890173166,0.5057644929778385,0.49728136518009564,0.2103099584871689],[0.3581664965985118,0.494418358741016,0.3693200992204085,0.51837977449667,0.1942284672946234,0.244167820877426,1.0,0.35039008029043933,0.28417864054635106,0.28572698629250415,0.43600535986294725,0.207886676118219,0.35475708161528496,0.3884066973437256,0.16772579618246272],[0.14947569560136986,0.3193955468502644,0.2832785229912634,0.2872077518306824,0.3023039635886634,0.24145145382484617,0.35039008029043933,1.0,0.22351233684881616,0.2888107082383642,0.13723000336995583,0.12778406035264978,0.3959878803937559,0.09722834135883142,0.26435676746570286],[0.6317351414105383,0.32824962395972357,0.49274292674166453,0.6206055723083026,0.5740466392425374,0.38523599642218764,0.28417864054635106,0.22351233684881616,1.0,0.6042932565112432,0.4269816003320453,0.31077850903102927,0.20332991485290747,0.5340603000425039,0.3199341678014154],[0.5846830397501759,0.477143513448116,0.6398881188847337,0.6420152323334911,0.5042037451509468,0.21616518625652972,0.28572698629250415,0.2888107082383642,0.6042932565112432,1.0,0.48084825460525765,0.5901811182501798,0.2067430855600828,0.4650953647783982,0.07206697808707628],[0.6696330951034921,0.719032290744877,0.6062138497578042,0.7957561802764826,0.2634500319366341,0.4049206848806356,0.43600535986294725,0.13723000336995583,0.4269816003320453,0.48084825460525765,1.0,0.6286276001661414,0.2529100692895406,0.8110323551886319,-0.005287903866302617],[0.41892543131356047,0.4094124188020045,0.7448635253144179,0.5605024393269225,0.2940682055976655,0.3312175890173166,0.207886676118219,0.12778406035264978,0.31077850903102927,0.5901811182501798,0.6286276001661414,1.0,0.045388587707745925,0.596248424540379,0.1538321607448625],[0.39680612147309985,0.41688588967493667,0.2057050050207852,0.3629551551317672,0.2744665493731245,0.5057644929778385,0.35475708161528496,0.3959878803937559,0.20332991485290747,0.2067430855600828,0.2529100692895406,0.045388587707745925,1.0,0.21803135188805592,0.3350129317858412],[0.791274196255553,0.4982493341455585,0.6225464982607857,0.9114215491031975,0.2516069081913202,0.49728136518009564,0.3884066973437256,0.09722834135883142,0.5340603000425039,0.4650953647783982,0.8110323551886319,0.596248424540379,0.21803135188805592,1.0,0.09887585609219816],[0.18442545552908446,0.1722835579867672,0.09954150592511192,0.11781921736469686,0.5013606125593645,0.2103099584871689,0.16772579618246272,0.26435676746570286,0.3199341678014154,0.07206697808707628,-0.005287903866302617,0.1538321607448625,0.3350129317858412,0.09887585609219816,1.0]],"zmax":1,"zmin":-1,"type":"heatmap"}],                        {"template":{"data":{"histogram2dcontour":[{"type":"histogram2dcontour","colorbar":{"outlinewidth":0,"ticks":""},"colorscale":[[0.0,"#0d0887"],[0.1111111111111111,"#46039f"],[0.2222222222222222,"#7201a8"],[0.3333333333333333,"#9c179e"],[0.4444444444444444,"#bd3786"],[0.5555555555555556,"#d8576b"],[0.6666666666666666,"#ed7953"],[0.7777777777777778,"#fb9f3a"],[0.8888888888888888,"#fdca26"],[1.0,"#f0f921"]]}],"choropleth":[{"type":"choropleth","colorbar":{"outlinewidth":0,"ticks":""}}],"histogram2d":[{"type":"histogram2d","colorbar":{"outlinewidth":0,"ticks":""},"colorscale":[[0.0,"#0d0887"],[0.1111111111111111,"#46039f"],[0.2222222222222222,"#7201a8"],[0.3333333333333333,"#9c179e"],[0.4444444444444444,"#bd3786"],[0.5555555555555556,"#d8576b"],[0.6666666666666666,"#ed7953"],[0.7777777777777778,"#fb9f3a"],[0.8888888888888888,"#fdca26"],[1.0,"#f0f921"]]}],"heatmap":[{"type":"heatmap","colorbar":{"outlinewidth":0,"ticks":""},"colorscale":[[0.0,"#0d0887"],[0.1111111111111111,"#46039f"],[0.2222222222222222,"#7201a8"],[0.3333333333333333,"#9c179e"],[0.4444444444444444,"#bd3786"],[0.5555555555555556,"#d8576b"],[0.6666666666666666,"#ed7953"],[0.7777777777777778,"#fb9f3a"],[0.8888888888888888,"#fdca26"],[1.0,"#f0f921"]]}],"heatmapgl":[{"type":"heatmapgl","colorbar":{"outlinewidth":0,"ticks":""},"colorscale":[[0.0,"#0d0887"],[0.1111111111111111,"#46039f"],[0.2222222222222222,"#7201a8"],[0.3333333333333333,"#9c179e"],[0.4444444444444444,"#bd3786"],[0.5555555555555556,"#d8576b"],[0.6666666666666666,"#ed7953"],[0.7777777777777778,"#fb9f3a"],[0.8888888888888888,"#fdca26"],[1.0,"#f0f921"]]}],"contourcarpet":[{"type":"contourcarpet","colorbar":{"outlinewidth":0,"ticks":""}}],"contour":[{"type":"contour","colorbar":{"outlinewidth":0,"ticks":""},"colorscale":[[0.0,"#0d0887"],[0.1111111111111111,"#46039f"],[0.2222222222222222,"#7201a8"],[0.3333333333333333,"#9c179e"],[0.4444444444444444,"#bd3786"],[0.5555555555555556,"#d8576b"],[0.6666666666666666,"#ed7953"],[0.7777777777777778,"#fb9f3a"],[0.8888888888888888,"#fdca26"],[1.0,"#f0f921"]]}],"surface":[{"type":"surface","colorbar":{"outlinewidth":0,"ticks":""},"colorscale":[[0.0,"#0d0887"],[0.1111111111111111,"#46039f"],[0.2222222222222222,"#7201a8"],[0.3333333333333333,"#9c179e"],[0.4444444444444444,"#bd3786"],[0.5555555555555556,"#d8576b"],[0.6666666666666666,"#ed7953"],[0.7777777777777778,"#fb9f3a"],[0.8888888888888888,"#fdca26"],[1.0,"#f0f921"]]}],"mesh3d":[{"type":"mesh3d","colorbar":{"outlinewidth":0,"ticks":""}}],"scatter":[{"fillpattern":{"fillmode":"overlay","size":10,"solidity":0.2},"type":"scatter"}],"parcoords":[{"type":"parcoords","line":{"colorbar":{"outlinewidth":0,"ticks":""}}}],"scatterpolargl":[{"type":"scatterpolargl","marker":{"colorbar":{"outlinewidth":0,"ticks":""}}}],"bar":[{"error_x":{"color":"#2a3f5f"},"error_y":{"color":"#2a3f5f"},"marker":{"line":{"color":"#E5ECF6","width":0.5},"pattern":{"fillmode":"overlay","size":10,"solidity":0.2}},"type":"bar"}],"scattergeo":[{"type":"scattergeo","marker":{"colorbar":{"outlinewidth":0,"ticks":""}}}],"scatterpolar":[{"type":"scatterpolar","marker":{"colorbar":{"outlinewidth":0,"ticks":""}}}],"histogram":[{"marker":{"pattern":{"fillmode":"overlay","size":10,"solidity":0.2}},"type":"histogram"}],"scattergl":[{"type":"scattergl","marker":{"colorbar":{"outlinewidth":0,"ticks":""}}}],"scatter3d":[{"type":"scatter3d","line":{"colorbar":{"outlinewidth":0,"ticks":""}},"marker":{"colorbar":{"outlinewidth":0,"ticks":""}}}],"scattermapbox":[{"type":"scattermapbox","marker":{"colorbar":{"outlinewidth":0,"ticks":""}}}],"scatterternary":[{"type":"scatterternary","marker":{"colorbar":{"outlinewidth":0,"ticks":""}}}],"scattercarpet":[{"type":"scattercarpet","marker":{"colorbar":{"outlinewidth":0,"ticks":""}}}],"carpet":[{"aaxis":{"endlinecolor":"#2a3f5f","gridcolor":"white","linecolor":"white","minorgridcolor":"white","startlinecolor":"#2a3f5f"},"baxis":{"endlinecolor":"#2a3f5f","gridcolor":"white","linecolor":"white","minorgridcolor":"white","startlinecolor":"#2a3f5f"},"type":"carpet"}],"table":[{"cells":{"fill":{"color":"#EBF0F8"},"line":{"color":"white"}},"header":{"fill":{"color":"#C8D4E3"},"line":{"color":"white"}},"type":"table"}],"barpolar":[{"marker":{"line":{"color":"#E5ECF6","width":0.5},"pattern":{"fillmode":"overlay","size":10,"solidity":0.2}},"type":"barpolar"}],"pie":[{"automargin":true,"type":"pie"}]},"layout":{"autotypenumbers":"strict","colorway":["#636efa","#EF553B","#00cc96","#ab63fa","#FFA15A","#19d3f3","#FF6692","#B6E880","#FF97FF","#FECB52"],"font":{"color":"#2a3f5f"},"hovermode":"closest","hoverlabel":{"align":"left"},"paper_bgcolor":"white","plot_bgcolor":"#E5ECF6","polar":{"bgcolor":"#E5ECF6","angularaxis":{"gridcolor":"white","linecolor":"white","ticks":""},"radialaxis":{"gridcolor":"white","linecolor":"white","ticks":""}},"ternary":{"bgcolor":"#E5ECF6","aaxis":{"gridcolor":"white","linecolor":"white","ticks":""},"baxis":{"gridcolor":"white","linecolor":"white","ticks":""},"caxis":{"gridcolor":"white","linecolor":"white","ticks":""}},"coloraxis":{"colorbar":{"outlinewidth":0,"ticks":""}},"colorscale":{"sequential":[[0.0,"#0d0887"],[0.1111111111111111,"#46039f"],[0.2222222222222222,"#7201a8"],[0.3333333333333333,"#9c179e"],[0.4444444444444444,"#bd3786"],[0.5555555555555556,"#d8576b"],[0.6666666666666666,"#ed7953"],[0.7777777777777778,"#fb9f3a"],[0.8888888888888888,"#fdca26"],[1.0,"#f0f921"]],"sequentialminus":[[0.0,"#0d0887"],[0.1111111111111111,"#46039f"],[0.2222222222222222,"#7201a8"],[0.3333333333333333,"#9c179e"],[0.4444444444444444,"#bd3786"],[0.5555555555555556,"#d8576b"],[0.6666666666666666,"#ed7953"],[0.7777777777777778,"#fb9f3a"],[0.8888888888888888,"#fdca26"],[1.0,"#f0f921"]],"diverging":[[0,"#8e0152"],[0.1,"#c51b7d"],[0.2,"#de77ae"],[0.3,"#f1b6da"],[0.4,"#fde0ef"],[0.5,"#f7f7f7"],[0.6,"#e6f5d0"],[0.7,"#b8e186"],[0.8,"#7fbc41"],[0.9,"#4d9221"],[1,"#276419"]]},"xaxis":{"gridcolor":"white","linecolor":"white","ticks":"","title":{"standoff":15},"zerolinecolor":"white","automargin":true,"zerolinewidth":2},"yaxis":{"gridcolor":"white","linecolor":"white","ticks":"","title":{"standoff":15},"zerolinecolor":"white","automargin":true,"zerolinewidth":2},"scene":{"xaxis":{"backgroundcolor":"#E5ECF6","gridcolor":"white","linecolor":"white","showbackground":true,"ticks":"","zerolinecolor":"white","gridwidth":2},"yaxis":{"backgroundcolor":"#E5ECF6","gridcolor":"white","linecolor":"white","showbackground":true,"ticks":"","zerolinecolor":"white","gridwidth":2},"zaxis":{"backgroundcolor":"#E5ECF6","gridcolor":"white","linecolor":"white","showbackground":true,"ticks":"","zerolinecolor":"white","gridwidth":2}},"shapedefaults":{"line":{"color":"#2a3f5f"}},"annotationdefaults":{"arrowcolor":"#2a3f5f","arrowhead":0,"arrowwidth":1},"geo":{"bgcolor":"white","landcolor":"#E5ECF6","subunitcolor":"white","showland":true,"showlakes":true,"lakecolor":"white"},"title":{"x":0.05},"mapbox":{"style":"light"}}}},                        {"responsive": true}                    )                };                            </script>        </div></div><h5>xrefs</h5><table class="table table-sm table-dark table-hover table-bordered"><thead><tr><th scope="col">#</th><th scope="col">symbol</th><th scope="col">div.com</th><th scope="col">tv</th><th scope="col">DH</th><th scope="col">S</th></tr></thead><tbody><tr><th scope="row">0</th><td>ABR</td><td><a target="_blank" href="https://www.dividend.com/search/?q=ABR">ABR:div</a></td><td><a target="_blank" href="https://www.tradingview.com/chart/?symbol=NYSE%3AABR">ABR:tv</a></td></tr><tr><th scope="row">1</th><td>APLE</td><td><a target="_blank" href="https://www.dividend.com/search/?q=APLE">APLE:div</a></td><td><a target="_blank" href="https://www.tradingview.com/chart/?symbol=NYSE%3AAPLE">APLE:tv</a></td></tr><tr><th scope="row">2</th><td>AQN</td><td><a target="_blank" href="https://www.dividend.com/search/?q=AQN">AQN:div</a></td><td><a target="_blank" href="https://www.tradingview.com/chart/?symbol=NYSE%3AAQN">AQN:tv</a></td></tr><tr><th scope="row">3</th><td>ARI</td><td><a target="_blank" href="https://www.dividend.com/search/?q=ARI">ARI:div</a></td><td><a target="_blank" href="https://www.tradingview.com/chart/?symbol=NYSE%3AARI">ARI:tv</a></td></tr><tr><th scope="row">4</th><td>CAR</td><td><a target="_blank" href="https://www.dividend.com/search/?q=CAR">CAR:div</a></td><td><a target="_blank" href="https://www.tradingview.com/chart/?symbol=NYSE%3ACAR">CAR:tv</a></td></tr><tr><th scope="row">5</th><td>CCU</td><td><a target="_blank" href="https://www.dividend.com/search/?q=CCU">CCU:div</a></td><td><a target="_blank" href="https://www.tradingview.com/chart/?symbol=NYSE%3ACCU">CCU:tv</a></td></tr><tr><th scope="row">6</th><td>CIB</td><td><a target="_blank" href="https://www.dividend.com/search/?q=CIB">CIB:div</a></td><td><a target="_blank" href="https://www.tradingview.com/chart/?symbol=NYSE%3ACIB">CIB:tv</a></td></tr><tr><th scope="row">7</th><td>GAIN</td><td><a target="_blank" href="https://www.dividend.com/search/?q=GAIN">GAIN:div</a></td><td><a target="_blank" href="https://www.tradingview.com/chart/?symbol=NYSE%3AGAIN">GAIN:tv</a></td></tr><tr><th scope="row">8</th><td>JKS</td><td><a target="_blank" href="https://www.dividend.com/search/?q=JKS">JKS:div</a></td><td><a target="_blank" href="https://www.tradingview.com/chart/?symbol=NYSE%3AJKS">JKS:tv</a></td></tr><tr><th scope="row">9</th><td>LNC</td><td><a target="_blank" href="https://www.dividend.com/search/?q=LNC">LNC:div</a></td><td><a target="_blank" href="https://www.tradingview.com/chart/?symbol=NYSE%3ALNC">LNC:tv</a></td></tr><tr><th scope="row">10</th><td>MPW</td><td><a target="_blank" href="https://www.dividend.com/search/?q=MPW">MPW:div</a></td><td><a target="_blank" href="https://www.tradingview.com/chart/?symbol=NYSE%3AMPW">MPW:tv</a></td></tr><tr><th scope="row">11</th><td>O</td><td><a target="_blank" href="https://www.dividend.com/search/?q=O">O:div</a></td><td><a target="_blank" href="https://www.tradingview.com/chart/?symbol=NYSE%3AO">O:tv</a></td></tr><tr><th scope="row">12</th><td>OBDC</td><td><a target="_blank" href="https://www.dividend.com/search/?q=OBDC">OBDC:div</a></td><td><a target="_blank" href="https://www.tradingview.com/chart/?symbol=NYSE%3AOBDC">OBDC:tv</a></td></tr><tr><th scope="row">13</th><td>PMT</td><td><a target="_blank" href="https://www.dividend.com/search/?q=PMT">PMT:div</a></td><td><a target="_blank" href="https://www.tradingview.com/chart/?symbol=NYSE%3APMT">PMT:tv</a></td></tr><tr><th scope="row">14</th><td>TDG</td><td><a target="_blank" href="https://www.dividend.com/search/?q=TDG">TDG:div</a></td><td><a target="_blank" href="https://www.tradingview.com/chart/?symbol=NYSE%3ATDG">TDG:tv</a></td></tr></tbody></table></html>