---
layout: detail
title: StockReport(my_selection.ss.html)
dt_created: 2024-01-03 22:02:14 +0000
---
<h4>Sector: [my_selection]</h4><h5>html_fn_3yr_dividend_history</h5><div><div>                        <script type="text/javascript">window.PlotlyConfig = {MathJaxConfig: 'local'};</script>
        <script charset="utf-8" src="https://cdn.plot.ly/plotly-2.27.0.min.js"></script>                <div id="438d27ce-9097-47d8-a1d1-86f9d1557f19" class="plotly-graph-div" style="height:100%; width:100%;"></div>            <script type="text/javascript">                                    window.PLOTLYENV=window.PLOTLYENV || {};                                    if (document.getElementById("438d27ce-9097-47d8-a1d1-86f9d1557f19")) {                    Plotly.newPlot(                        "438d27ce-9097-47d8-a1d1-86f9d1557f19",                        [{"alignmentgroup":"True","base":["2023-11-09T00:00:00","2023-08-10T00:00:00","2023-05-25T00:00:00","2023-02-16T00:00:00","2022-11-02T00:00:00","2022-08-11T00:00:00","2022-05-27T00:00:00","2022-02-17T00:00:00","2021-11-03T00:00:00","2021-08-18T00:00:00","2021-06-03T00:00:00","2021-02-18T00:00:00","2020-11-04T00:00:00"],"customdata":[[55,55,5,5,61,"NYSE","Finance","Life Insurance",27.32,0.45,1.6471449487554906,60.71111111111111,1.6],[146,146,-90,-90,57,"NYSE","Finance","Life Insurance",27.32,0.45,1.6471449487554906,60.71111111111111,1.6],[223,223,-181,-181,43,"NYSE","Finance","Life Insurance",27.32,0.45,1.6471449487554906,60.71111111111111,1.6],[321,321,-273,-273,49,"NYSE","Finance","Life Insurance",27.32,0.45,1.6471449487554906,60.71111111111111,1.6],[427,427,-360,-360,68,"NYSE","Finance","Life Insurance",27.32,0.45,1.6471449487554906,60.71111111111111,1.6],[510,510,-455,-455,56,"NYSE","Finance","Life Insurance",27.32,0.45,1.6471449487554906,60.71111111111111,1.6],[586,586,-545,-545,42,"NYSE","Finance","Life Insurance",27.32,0.45,1.6471449487554906,60.71111111111111,1.6],[685,685,-636,-636,50,"NYSE","Finance","Life Insurance",27.32,0.45,1.6471449487554906,60.71111111111111,1.6],[791,791,-727,-727,65,"NYSE","Finance","Life Insurance",27.32,0.45,1.6471449487554906,60.71111111111111,1.6],[868,868,-819,-819,50,"NYSE","Finance","Life Insurance",27.32,0.42,1.5373352855051243,65.04761904761905,1.5],[944,944,-909,-909,36,"NYSE","Finance","Life Insurance",27.32,0.42,1.5373352855051243,65.04761904761905,1.5],[1049,1049,-1000,-1000,50,"NYSE","Finance","Life Insurance",27.32,0.42,1.5373352855051243,65.04761904761905,1.5],[1155,1155,-1091,-1091,65,"NYSE","Finance","Life Insurance",27.32,0.42,1.5373352855051243,65.04761904761905,1.5]],"hovertemplate":"x_start=%{base}\u003cbr\u003ex_end=%{x}\u003cbr\u003estr_symbol=%{y}\u003cbr\u003edt_declarationDate_past=%{customdata[0]}\u003cbr\u003ed_past=%{customdata[1]}\u003cbr\u003edt_exOrEffDate_until=%{customdata[2]}\u003cbr\u003ed_until=%{customdata[3]}\u003cbr\u003eTTL=%{customdata[4]}\u003cbr\u003estr_Exchange=%{customdata[5]}\u003cbr\u003estr_Sector=%{customdata[6]}\u003cbr\u003estr_Industry=%{customdata[7]}\u003cbr\u003enum_PreviousClose=%{customdata[8]}\u003cbr\u003enum_amount=%{customdata[9]}\u003cbr\u003enum_CpD=%{customdata[10]}\u003cbr\u003enum_times=%{customdata[11]}\u003cbr\u003eROI=%{marker.color}\u003cextra\u003e\u003c\u002fextra\u003e","legendgroup":"","marker":{"color":[1.6,1.6,1.6,1.6,1.6,1.6,1.6,1.6,1.6,1.5,1.5,1.5,1.5],"coloraxis":"coloraxis","pattern":{"shape":""}},"name":"","offsetgroup":"","orientation":"h","showlegend":false,"textposition":"auto","x":[5270400000.0,4924800000.0,3715200000.0,4233600000.0,5875200000.0,4838400000.0,3628800000.0,4320000000.0,5616000000.0,4320000000.0,3110400000.0,4320000000.0,5616000000.0],"xaxis":"x","y":["LNC","LNC","LNC","LNC","LNC","LNC","LNC","LNC","LNC","LNC","LNC","LNC","LNC"],"yaxis":"y","type":"bar"}],                        {"template":{"data":{"histogram2dcontour":[{"type":"histogram2dcontour","colorbar":{"outlinewidth":0,"ticks":""},"colorscale":[[0.0,"#0d0887"],[0.1111111111111111,"#46039f"],[0.2222222222222222,"#7201a8"],[0.3333333333333333,"#9c179e"],[0.4444444444444444,"#bd3786"],[0.5555555555555556,"#d8576b"],[0.6666666666666666,"#ed7953"],[0.7777777777777778,"#fb9f3a"],[0.8888888888888888,"#fdca26"],[1.0,"#f0f921"]]}],"choropleth":[{"type":"choropleth","colorbar":{"outlinewidth":0,"ticks":""}}],"histogram2d":[{"type":"histogram2d","colorbar":{"outlinewidth":0,"ticks":""},"colorscale":[[0.0,"#0d0887"],[0.1111111111111111,"#46039f"],[0.2222222222222222,"#7201a8"],[0.3333333333333333,"#9c179e"],[0.4444444444444444,"#bd3786"],[0.5555555555555556,"#d8576b"],[0.6666666666666666,"#ed7953"],[0.7777777777777778,"#fb9f3a"],[0.8888888888888888,"#fdca26"],[1.0,"#f0f921"]]}],"heatmap":[{"type":"heatmap","colorbar":{"outlinewidth":0,"ticks":""},"colorscale":[[0.0,"#0d0887"],[0.1111111111111111,"#46039f"],[0.2222222222222222,"#7201a8"],[0.3333333333333333,"#9c179e"],[0.4444444444444444,"#bd3786"],[0.5555555555555556,"#d8576b"],[0.6666666666666666,"#ed7953"],[0.7777777777777778,"#fb9f3a"],[0.8888888888888888,"#fdca26"],[1.0,"#f0f921"]]}],"heatmapgl":[{"type":"heatmapgl","colorbar":{"outlinewidth":0,"ticks":""},"colorscale":[[0.0,"#0d0887"],[0.1111111111111111,"#46039f"],[0.2222222222222222,"#7201a8"],[0.3333333333333333,"#9c179e"],[0.4444444444444444,"#bd3786"],[0.5555555555555556,"#d8576b"],[0.6666666666666666,"#ed7953"],[0.7777777777777778,"#fb9f3a"],[0.8888888888888888,"#fdca26"],[1.0,"#f0f921"]]}],"contourcarpet":[{"type":"contourcarpet","colorbar":{"outlinewidth":0,"ticks":""}}],"contour":[{"type":"contour","colorbar":{"outlinewidth":0,"ticks":""},"colorscale":[[0.0,"#0d0887"],[0.1111111111111111,"#46039f"],[0.2222222222222222,"#7201a8"],[0.3333333333333333,"#9c179e"],[0.4444444444444444,"#bd3786"],[0.5555555555555556,"#d8576b"],[0.6666666666666666,"#ed7953"],[0.7777777777777778,"#fb9f3a"],[0.8888888888888888,"#fdca26"],[1.0,"#f0f921"]]}],"surface":[{"type":"surface","colorbar":{"outlinewidth":0,"ticks":""},"colorscale":[[0.0,"#0d0887"],[0.1111111111111111,"#46039f"],[0.2222222222222222,"#7201a8"],[0.3333333333333333,"#9c179e"],[0.4444444444444444,"#bd3786"],[0.5555555555555556,"#d8576b"],[0.6666666666666666,"#ed7953"],[0.7777777777777778,"#fb9f3a"],[0.8888888888888888,"#fdca26"],[1.0,"#f0f921"]]}],"mesh3d":[{"type":"mesh3d","colorbar":{"outlinewidth":0,"ticks":""}}],"scatter":[{"fillpattern":{"fillmode":"overlay","size":10,"solidity":0.2},"type":"scatter"}],"parcoords":[{"type":"parcoords","line":{"colorbar":{"outlinewidth":0,"ticks":""}}}],"scatterpolargl":[{"type":"scatterpolargl","marker":{"colorbar":{"outlinewidth":0,"ticks":""}}}],"bar":[{"error_x":{"color":"#2a3f5f"},"error_y":{"color":"#2a3f5f"},"marker":{"line":{"color":"#E5ECF6","width":0.5},"pattern":{"fillmode":"overlay","size":10,"solidity":0.2}},"type":"bar"}],"scattergeo":[{"type":"scattergeo","marker":{"colorbar":{"outlinewidth":0,"ticks":""}}}],"scatterpolar":[{"type":"scatterpolar","marker":{"colorbar":{"outlinewidth":0,"ticks":""}}}],"histogram":[{"marker":{"pattern":{"fillmode":"overlay","size":10,"solidity":0.2}},"type":"histogram"}],"scattergl":[{"type":"scattergl","marker":{"colorbar":{"outlinewidth":0,"ticks":""}}}],"scatter3d":[{"type":"scatter3d","line":{"colorbar":{"outlinewidth":0,"ticks":""}},"marker":{"colorbar":{"outlinewidth":0,"ticks":""}}}],"scattermapbox":[{"type":"scattermapbox","marker":{"colorbar":{"outlinewidth":0,"ticks":""}}}],"scatterternary":[{"type":"scatterternary","marker":{"colorbar":{"outlinewidth":0,"ticks":""}}}],"scattercarpet":[{"type":"scattercarpet","marker":{"colorbar":{"outlinewidth":0,"ticks":""}}}],"carpet":[{"aaxis":{"endlinecolor":"#2a3f5f","gridcolor":"white","linecolor":"white","minorgridcolor":"white","startlinecolor":"#2a3f5f"},"baxis":{"endlinecolor":"#2a3f5f","gridcolor":"white","linecolor":"white","minorgridcolor":"white","startlinecolor":"#2a3f5f"},"type":"carpet"}],"table":[{"cells":{"fill":{"color":"#EBF0F8"},"line":{"color":"white"}},"header":{"fill":{"color":"#C8D4E3"},"line":{"color":"white"}},"type":"table"}],"barpolar":[{"marker":{"line":{"color":"#E5ECF6","width":0.5},"pattern":{"fillmode":"overlay","size":10,"solidity":0.2}},"type":"barpolar"}],"pie":[{"automargin":true,"type":"pie"}]},"layout":{"autotypenumbers":"strict","colorway":["#636efa","#EF553B","#00cc96","#ab63fa","#FFA15A","#19d3f3","#FF6692","#B6E880","#FF97FF","#FECB52"],"font":{"color":"#2a3f5f"},"hovermode":"closest","hoverlabel":{"align":"left"},"paper_bgcolor":"white","plot_bgcolor":"#E5ECF6","polar":{"bgcolor":"#E5ECF6","angularaxis":{"gridcolor":"white","linecolor":"white","ticks":""},"radialaxis":{"gridcolor":"white","linecolor":"white","ticks":""}},"ternary":{"bgcolor":"#E5ECF6","aaxis":{"gridcolor":"white","linecolor":"white","ticks":""},"baxis":{"gridcolor":"white","linecolor":"white","ticks":""},"caxis":{"gridcolor":"white","linecolor":"white","ticks":""}},"coloraxis":{"colorbar":{"outlinewidth":0,"ticks":""}},"colorscale":{"sequential":[[0.0,"#0d0887"],[0.1111111111111111,"#46039f"],[0.2222222222222222,"#7201a8"],[0.3333333333333333,"#9c179e"],[0.4444444444444444,"#bd3786"],[0.5555555555555556,"#d8576b"],[0.6666666666666666,"#ed7953"],[0.7777777777777778,"#fb9f3a"],[0.8888888888888888,"#fdca26"],[1.0,"#f0f921"]],"sequentialminus":[[0.0,"#0d0887"],[0.1111111111111111,"#46039f"],[0.2222222222222222,"#7201a8"],[0.3333333333333333,"#9c179e"],[0.4444444444444444,"#bd3786"],[0.5555555555555556,"#d8576b"],[0.6666666666666666,"#ed7953"],[0.7777777777777778,"#fb9f3a"],[0.8888888888888888,"#fdca26"],[1.0,"#f0f921"]],"diverging":[[0,"#8e0152"],[0.1,"#c51b7d"],[0.2,"#de77ae"],[0.3,"#f1b6da"],[0.4,"#fde0ef"],[0.5,"#f7f7f7"],[0.6,"#e6f5d0"],[0.7,"#b8e186"],[0.8,"#7fbc41"],[0.9,"#4d9221"],[1,"#276419"]]},"xaxis":{"gridcolor":"white","linecolor":"white","ticks":"","title":{"standoff":15},"zerolinecolor":"white","automargin":true,"zerolinewidth":2},"yaxis":{"gridcolor":"white","linecolor":"white","ticks":"","title":{"standoff":15},"zerolinecolor":"white","automargin":true,"zerolinewidth":2},"scene":{"xaxis":{"backgroundcolor":"#E5ECF6","gridcolor":"white","linecolor":"white","showbackground":true,"ticks":"","zerolinecolor":"white","gridwidth":2},"yaxis":{"backgroundcolor":"#E5ECF6","gridcolor":"white","linecolor":"white","showbackground":true,"ticks":"","zerolinecolor":"white","gridwidth":2},"zaxis":{"backgroundcolor":"#E5ECF6","gridcolor":"white","linecolor":"white","showbackground":true,"ticks":"","zerolinecolor":"white","gridwidth":2}},"shapedefaults":{"line":{"color":"#2a3f5f"}},"annotationdefaults":{"arrowcolor":"#2a3f5f","arrowhead":0,"arrowwidth":1},"geo":{"bgcolor":"white","landcolor":"#E5ECF6","subunitcolor":"white","showland":true,"showlakes":true,"lakecolor":"white"},"title":{"x":0.05},"mapbox":{"style":"light"}}},"xaxis":{"anchor":"y","domain":[0.0,1.0],"type":"date"},"yaxis":{"anchor":"x","domain":[0.0,1.0],"title":{"text":"str_symbol"},"showgrid":true,"gridwidth":1,"gridcolor":"White"},"coloraxis":{"colorbar":{"title":{"text":"ROI"}},"colorscale":[[0.0,"rgb(0,0,131)"],[0.2,"rgb(0,60,170)"],[0.4,"rgb(5,255,255)"],[0.6,"rgb(255,255,0)"],[0.8,"rgb(250,0,0)"],[1.0,"rgb(128,0,0)"]]},"legend":{"tracegroupgap":0},"margin":{"t":60},"barmode":"overlay","shapes":[{"fillcolor":"gray","line":{"width":1},"opacity":0.75,"type":"rect","x0":"2023-07-08","x1":"2023-07-10","xref":"x","y0":0,"y1":1,"yref":"y domain"},{"fillcolor":"gray","line":{"width":1},"opacity":0.75,"type":"rect","x0":"2023-07-15","x1":"2023-07-17","xref":"x","y0":0,"y1":1,"yref":"y domain"},{"fillcolor":"gray","line":{"width":1},"opacity":0.75,"type":"rect","x0":"2023-07-22","x1":"2023-07-24","xref":"x","y0":0,"y1":1,"yref":"y domain"},{"fillcolor":"gray","line":{"width":1},"opacity":0.75,"type":"rect","x0":"2023-07-29","x1":"2023-07-31","xref":"x","y0":0,"y1":1,"yref":"y domain"},{"fillcolor":"gray","line":{"width":1},"opacity":0.75,"type":"rect","x0":"2023-08-05","x1":"2023-08-07","xref":"x","y0":0,"y1":1,"yref":"y domain"},{"fillcolor":"gray","line":{"width":1},"opacity":0.75,"type":"rect","x0":"2023-08-12","x1":"2023-08-14","xref":"x","y0":0,"y1":1,"yref":"y domain"},{"fillcolor":"gray","line":{"width":1},"opacity":0.75,"type":"rect","x0":"2023-08-19","x1":"2023-08-21","xref":"x","y0":0,"y1":1,"yref":"y domain"},{"fillcolor":"gray","line":{"width":1},"opacity":0.75,"type":"rect","x0":"2023-08-26","x1":"2023-08-28","xref":"x","y0":0,"y1":1,"yref":"y domain"},{"fillcolor":"gray","line":{"width":1},"opacity":0.75,"type":"rect","x0":"2023-09-02","x1":"2023-09-04","xref":"x","y0":0,"y1":1,"yref":"y domain"},{"fillcolor":"gray","line":{"width":1},"opacity":0.75,"type":"rect","x0":"2023-09-09","x1":"2023-09-11","xref":"x","y0":0,"y1":1,"yref":"y domain"},{"fillcolor":"gray","line":{"width":1},"opacity":0.75,"type":"rect","x0":"2023-09-16","x1":"2023-09-18","xref":"x","y0":0,"y1":1,"yref":"y domain"},{"fillcolor":"gray","line":{"width":1},"opacity":0.75,"type":"rect","x0":"2023-09-23","x1":"2023-09-25","xref":"x","y0":0,"y1":1,"yref":"y domain"},{"fillcolor":"gray","line":{"width":1},"opacity":0.75,"type":"rect","x0":"2023-09-30","x1":"2023-10-02","xref":"x","y0":0,"y1":1,"yref":"y domain"},{"fillcolor":"gray","line":{"width":1},"opacity":0.75,"type":"rect","x0":"2023-10-07","x1":"2023-10-09","xref":"x","y0":0,"y1":1,"yref":"y domain"},{"fillcolor":"gray","line":{"width":1},"opacity":0.75,"type":"rect","x0":"2023-10-14","x1":"2023-10-16","xref":"x","y0":0,"y1":1,"yref":"y domain"},{"fillcolor":"gray","line":{"width":1},"opacity":0.75,"type":"rect","x0":"2023-10-21","x1":"2023-10-23","xref":"x","y0":0,"y1":1,"yref":"y domain"},{"fillcolor":"gray","line":{"width":1},"opacity":0.75,"type":"rect","x0":"2023-10-28","x1":"2023-10-30","xref":"x","y0":0,"y1":1,"yref":"y domain"},{"fillcolor":"gray","line":{"width":1},"opacity":0.75,"type":"rect","x0":"2023-11-04","x1":"2023-11-06","xref":"x","y0":0,"y1":1,"yref":"y domain"},{"fillcolor":"gray","line":{"width":1},"opacity":0.75,"type":"rect","x0":"2023-11-11","x1":"2023-11-13","xref":"x","y0":0,"y1":1,"yref":"y domain"},{"fillcolor":"gray","line":{"width":1},"opacity":0.75,"type":"rect","x0":"2023-11-18","x1":"2023-11-20","xref":"x","y0":0,"y1":1,"yref":"y domain"},{"fillcolor":"gray","line":{"width":1},"opacity":0.75,"type":"rect","x0":"2023-11-25","x1":"2023-11-27","xref":"x","y0":0,"y1":1,"yref":"y domain"},{"fillcolor":"gray","line":{"width":1},"opacity":0.75,"type":"rect","x0":"2023-12-02","x1":"2023-12-04","xref":"x","y0":0,"y1":1,"yref":"y domain"},{"fillcolor":"gray","line":{"width":1},"opacity":0.75,"type":"rect","x0":"2023-12-09","x1":"2023-12-11","xref":"x","y0":0,"y1":1,"yref":"y domain"},{"fillcolor":"gray","line":{"width":1},"opacity":0.75,"type":"rect","x0":"2023-12-16","x1":"2023-12-18","xref":"x","y0":0,"y1":1,"yref":"y domain"},{"fillcolor":"gray","line":{"width":1},"opacity":0.75,"type":"rect","x0":"2023-12-23","x1":"2023-12-25","xref":"x","y0":0,"y1":1,"yref":"y domain"},{"fillcolor":"gray","line":{"width":1},"opacity":0.75,"type":"rect","x0":"2023-12-30","x1":"2024-01-01","xref":"x","y0":0,"y1":1,"yref":"y domain"},{"fillcolor":"gray","line":{"width":1},"opacity":0.75,"type":"rect","x0":"2024-01-06","x1":"2024-01-08","xref":"x","y0":0,"y1":1,"yref":"y domain"},{"fillcolor":"gray","line":{"width":1},"opacity":0.75,"type":"rect","x0":"2024-01-13","x1":"2024-01-15","xref":"x","y0":0,"y1":1,"yref":"y domain"},{"fillcolor":"gray","line":{"width":1},"opacity":0.75,"type":"rect","x0":"2024-01-20","x1":"2024-01-22","xref":"x","y0":0,"y1":1,"yref":"y domain"},{"fillcolor":"gray","line":{"width":1},"opacity":0.75,"type":"rect","x0":"2024-01-27","x1":"2024-01-29","xref":"x","y0":0,"y1":1,"yref":"y domain"},{"fillcolor":"gray","line":{"width":1},"opacity":0.75,"type":"rect","x0":"2024-02-03","x1":"2024-02-05","xref":"x","y0":0,"y1":1,"yref":"y domain"},{"fillcolor":"gray","line":{"width":1},"opacity":0.75,"type":"rect","x0":"2024-02-10","x1":"2024-02-12","xref":"x","y0":0,"y1":1,"yref":"y domain"},{"fillcolor":"gray","line":{"width":1},"opacity":0.75,"type":"rect","x0":"2024-02-17","x1":"2024-02-19","xref":"x","y0":0,"y1":1,"yref":"y domain"},{"fillcolor":"gray","line":{"width":1},"opacity":0.75,"type":"rect","x0":"2024-02-24","x1":"2024-02-26","xref":"x","y0":0,"y1":1,"yref":"y domain"},{"fillcolor":"gray","line":{"width":1},"opacity":0.75,"type":"rect","x0":"2024-03-02","x1":"2024-03-04","xref":"x","y0":0,"y1":1,"yref":"y domain"},{"fillcolor":"gray","line":{"width":1},"opacity":0.75,"type":"rect","x0":"2024-03-09","x1":"2024-03-11","xref":"x","y0":0,"y1":1,"yref":"y domain"},{"fillcolor":"gray","line":{"width":1},"opacity":0.75,"type":"rect","x0":"2024-03-16","x1":"2024-03-18","xref":"x","y0":0,"y1":1,"yref":"y domain"},{"fillcolor":"gray","line":{"width":1},"opacity":0.75,"type":"rect","x0":"2024-03-23","x1":"2024-03-25","xref":"x","y0":0,"y1":1,"yref":"y domain"},{"fillcolor":"gray","line":{"width":1},"opacity":0.75,"type":"rect","x0":"2024-03-30","x1":"2024-04-01","xref":"x","y0":0,"y1":1,"yref":"y domain"},{"fillcolor":"gray","line":{"width":1},"opacity":0.75,"type":"rect","x0":"2024-04-06","x1":"2024-04-08","xref":"x","y0":0,"y1":1,"yref":"y domain"},{"fillcolor":"gray","line":{"width":1},"opacity":0.75,"type":"rect","x0":"2024-04-13","x1":"2024-04-15","xref":"x","y0":0,"y1":1,"yref":"y domain"},{"fillcolor":"gray","line":{"width":1},"opacity":0.75,"type":"rect","x0":"2024-04-20","x1":"2024-04-22","xref":"x","y0":0,"y1":1,"yref":"y domain"},{"fillcolor":"gray","line":{"width":1},"opacity":0.75,"type":"rect","x0":"2024-04-27","x1":"2024-04-29","xref":"x","y0":0,"y1":1,"yref":"y domain"},{"fillcolor":"gray","line":{"width":1},"opacity":0.75,"type":"rect","x0":"2024-05-04","x1":"2024-05-06","xref":"x","y0":0,"y1":1,"yref":"y domain"},{"fillcolor":"gray","line":{"width":1},"opacity":0.75,"type":"rect","x0":"2024-05-11","x1":"2024-05-13","xref":"x","y0":0,"y1":1,"yref":"y domain"},{"fillcolor":"gray","line":{"width":1},"opacity":0.75,"type":"rect","x0":"2024-05-18","x1":"2024-05-20","xref":"x","y0":0,"y1":1,"yref":"y domain"},{"fillcolor":"gray","line":{"width":1},"opacity":0.75,"type":"rect","x0":"2024-05-25","x1":"2024-05-27","xref":"x","y0":0,"y1":1,"yref":"y domain"},{"fillcolor":"gray","line":{"width":1},"opacity":0.75,"type":"rect","x0":"2024-06-01","x1":"2024-06-03","xref":"x","y0":0,"y1":1,"yref":"y domain"},{"fillcolor":"gray","line":{"width":1},"opacity":0.75,"type":"rect","x0":"2024-06-08","x1":"2024-06-10","xref":"x","y0":0,"y1":1,"yref":"y domain"},{"fillcolor":"gray","line":{"width":1},"opacity":0.75,"type":"rect","x0":"2024-06-15","x1":"2024-06-17","xref":"x","y0":0,"y1":1,"yref":"y domain"},{"fillcolor":"gray","line":{"width":1},"opacity":0.75,"type":"rect","x0":"2024-06-22","x1":"2024-06-24","xref":"x","y0":0,"y1":1,"yref":"y domain"},{"fillcolor":"gray","line":{"width":1},"opacity":0.75,"type":"rect","x0":"2024-06-29","x1":"2024-07-01","xref":"x","y0":0,"y1":1,"yref":"y domain"},{"fillcolor":"green","line":{"width":1},"opacity":0.25,"type":"rect","x0":"2023-12-04T22:02:09.392244","x1":"2024-01-03T22:02:09.392244","xref":"x","y0":0,"y1":1,"yref":"y domain"},{"fillcolor":"red","line":{"width":1},"opacity":0.25,"type":"rect","x0":"2024-02-02T22:02:09.392244","x1":"2024-01-03T22:02:09.392244","xref":"x","y0":0,"y1":1,"yref":"y domain"},{"line":{"color":"red","dash":"dash","width":2},"type":"line","x0":"2024-01-03T22:02:09.392244","x1":"2024-01-03T22:02:09.392244","xref":"x","y0":0,"y1":1,"yref":"y domain"}],"annotations":[{"showarrow":false,"text":"-1mo","x":"2023-12-04T22:02:09.392244","xanchor":"left","xref":"x","y":1,"yanchor":"top","yref":"y domain"},{"showarrow":false,"text":"+1mo","x":"2024-01-03T22:02:09.392244","xanchor":"left","xref":"x","y":1,"yanchor":"top","yref":"y domain"}]},                        {"responsive": true}                    )                };                            </script>        </div></div><h5>fn_build_correlation_mx</h5><div><div>                        <script type="text/javascript">window.PlotlyConfig = {MathJaxConfig: 'local'};</script>
        <script charset="utf-8" src="https://cdn.plot.ly/plotly-2.27.0.min.js"></script>                <div id="1d66c779-fb5f-4104-9652-72fd076eb778" class="plotly-graph-div" style="height:100%; width:100%;"></div>            <script type="text/javascript">                                    window.PLOTLYENV=window.PLOTLYENV || {};                                    if (document.getElementById("1d66c779-fb5f-4104-9652-72fd076eb778")) {                    Plotly.newPlot(                        "1d66c779-fb5f-4104-9652-72fd076eb778",                        [{"colorscale":[[0.0,"rgb(103,0,31)"],[0.1,"rgb(178,24,43)"],[0.2,"rgb(214,96,77)"],[0.3,"rgb(244,165,130)"],[0.4,"rgb(253,219,199)"],[0.5,"rgb(247,247,247)"],[0.6,"rgb(209,229,240)"],[0.7,"rgb(146,197,222)"],[0.8,"rgb(67,147,195)"],[0.9,"rgb(33,102,172)"],[1.0,"rgb(5,48,97)"]],"texttemplate":"%{z:.1f}","x":["ABR","APLE","AQN","ARI","CAR","CCU","CIB","GAIN","JKS","LNC","MPW","O","OBDC","PMT","TDG"],"y":["ABR","APLE","AQN","ARI","CAR","CCU","CIB","GAIN","JKS","LNC","MPW","O","OBDC","PMT","TDG"],"z":[[1.0,0.6268790700306427,0.6585706312075643,0.8914952740768987,0.4782929117705596,0.5565278467016641,0.2740144880743676,0.12658403341462054,0.5052480780525684,0.6088474993474284,0.7296881358797231,0.6388871524098907,0.4153267929967985,0.8693145054233478,0.2711994146533733],[0.6268790700306427,1.0,0.48736567977748624,0.5907227344536214,0.4034920101735583,0.346518097598388,0.48048230364727873,0.3165689110851901,0.09622029582533471,0.4693912262454613,0.6911962337614774,0.5364592739254469,0.3857063084260519,0.5226523082031527,0.07991931726509821],[0.6585706312075643,0.48736567977748624,1.0,0.6547494686764281,0.5195872324858488,0.6153450078274413,0.4237421222593336,0.2546713175623858,0.3744835902449028,0.6777691871375019,0.5675579316682421,0.6966816937527472,0.3081988889488275,0.6664905815499531,0.13914672258579447],[0.8914952740768987,0.5907227344536214,0.6547494686764281,1.0,0.3293382444206651,0.46324948153895146,0.4074423146598195,0.18683454752827752,0.38246809179776986,0.5706371546082759,0.62490078958235,0.5385637495174167,0.6072808907303577,0.9420577467621954,0.21324790639872346],[0.4782929117705596,0.4034920101735583,0.5195872324858488,0.3293382444206651,1.0,0.4898711637132732,0.14412673406699755,0.23999900535529833,0.5375220662563406,0.5231968433329293,0.25632437993543333,0.35596884435128634,0.2217757654609733,0.26441704104564007,0.6567701874340307],[0.5565278467016641,0.346518097598388,0.6153450078274413,0.46324948153895146,0.4898711637132732,1.0,0.2558064317756625,0.2943338541555872,0.2309590216405608,0.331801867634325,0.4180501140186382,0.46186850382892636,0.3353682658422813,0.502530680024871,0.11689549656656226],[0.2740144880743676,0.48048230364727873,0.4237421222593336,0.4074423146598195,0.14412673406699755,0.2558064317756625,1.0,0.3736641781700954,0.13728966106581297,0.2740073694514014,0.43972682979940475,0.2722461877740696,0.2610045687882242,0.3360066025447963,0.09907840099746108],[0.12658403341462054,0.3165689110851901,0.2546713175623858,0.18683454752827752,0.23999900535529833,0.2943338541555872,0.3736641781700954,1.0,0.14986106055964113,0.20235375962792762,0.11484778636606505,0.09508625957779436,0.29510107076802794,0.03896794152594125,0.18185977011607646],[0.5052480780525684,0.09622029582533471,0.3744835902449028,0.38246809179776986,0.5375220662563406,0.2309590216405608,0.13728966106581297,0.14986106055964113,1.0,0.5628378844565584,0.38310560829375045,0.31143323689847263,-0.07368344399680414,0.293182461351138,0.3788543641028349],[0.6088474993474284,0.4693912262454613,0.6777691871375019,0.5706371546082759,0.5231968433329293,0.331801867634325,0.2740073694514014,0.20235375962792762,0.5628378844565584,1.0,0.5216773578130356,0.6970393435333986,0.23085859009298734,0.4892371871943807,0.23395794383824062],[0.7296881358797231,0.6911962337614774,0.5675579316682421,0.62490078958235,0.25632437993543333,0.4180501140186382,0.43972682979940475,0.11484778636606505,0.38310560829375045,0.5216773578130356,1.0,0.6856082040697591,0.06474543863715164,0.6479939541619893,-0.014686455150861867],[0.6388871524098907,0.5364592739254469,0.6966816937527472,0.5385637495174167,0.35596884435128634,0.46186850382892636,0.2722461877740696,0.09508625957779436,0.31143323689847263,0.6970393435333986,0.6856082040697591,1.0,0.08583973279303674,0.5673451360896511,0.12505793365229054],[0.4153267929967985,0.3857063084260519,0.3081988889488275,0.6072808907303577,0.2217757654609733,0.3353682658422813,0.2610045687882242,0.29510107076802794,-0.07368344399680414,0.23085859009298734,0.06474543863715164,0.08583973279303674,1.0,0.48609341098903114,0.3179860054954648],[0.8693145054233478,0.5226523082031527,0.6664905815499531,0.9420577467621954,0.26441704104564007,0.502530680024871,0.3360066025447963,0.03896794152594125,0.293182461351138,0.4892371871943807,0.6479939541619893,0.5673451360896511,0.48609341098903114,1.0,0.12494726834301946],[0.2711994146533733,0.07991931726509821,0.13914672258579447,0.21324790639872346,0.6567701874340307,0.11689549656656226,0.09907840099746108,0.18185977011607646,0.3788543641028349,0.23395794383824062,-0.014686455150861867,0.12505793365229054,0.3179860054954648,0.12494726834301946,1.0]],"zmax":1,"zmin":-1,"type":"heatmap"}],                        {"template":{"data":{"histogram2dcontour":[{"type":"histogram2dcontour","colorbar":{"outlinewidth":0,"ticks":""},"colorscale":[[0.0,"#0d0887"],[0.1111111111111111,"#46039f"],[0.2222222222222222,"#7201a8"],[0.3333333333333333,"#9c179e"],[0.4444444444444444,"#bd3786"],[0.5555555555555556,"#d8576b"],[0.6666666666666666,"#ed7953"],[0.7777777777777778,"#fb9f3a"],[0.8888888888888888,"#fdca26"],[1.0,"#f0f921"]]}],"choropleth":[{"type":"choropleth","colorbar":{"outlinewidth":0,"ticks":""}}],"histogram2d":[{"type":"histogram2d","colorbar":{"outlinewidth":0,"ticks":""},"colorscale":[[0.0,"#0d0887"],[0.1111111111111111,"#46039f"],[0.2222222222222222,"#7201a8"],[0.3333333333333333,"#9c179e"],[0.4444444444444444,"#bd3786"],[0.5555555555555556,"#d8576b"],[0.6666666666666666,"#ed7953"],[0.7777777777777778,"#fb9f3a"],[0.8888888888888888,"#fdca26"],[1.0,"#f0f921"]]}],"heatmap":[{"type":"heatmap","colorbar":{"outlinewidth":0,"ticks":""},"colorscale":[[0.0,"#0d0887"],[0.1111111111111111,"#46039f"],[0.2222222222222222,"#7201a8"],[0.3333333333333333,"#9c179e"],[0.4444444444444444,"#bd3786"],[0.5555555555555556,"#d8576b"],[0.6666666666666666,"#ed7953"],[0.7777777777777778,"#fb9f3a"],[0.8888888888888888,"#fdca26"],[1.0,"#f0f921"]]}],"heatmapgl":[{"type":"heatmapgl","colorbar":{"outlinewidth":0,"ticks":""},"colorscale":[[0.0,"#0d0887"],[0.1111111111111111,"#46039f"],[0.2222222222222222,"#7201a8"],[0.3333333333333333,"#9c179e"],[0.4444444444444444,"#bd3786"],[0.5555555555555556,"#d8576b"],[0.6666666666666666,"#ed7953"],[0.7777777777777778,"#fb9f3a"],[0.8888888888888888,"#fdca26"],[1.0,"#f0f921"]]}],"contourcarpet":[{"type":"contourcarpet","colorbar":{"outlinewidth":0,"ticks":""}}],"contour":[{"type":"contour","colorbar":{"outlinewidth":0,"ticks":""},"colorscale":[[0.0,"#0d0887"],[0.1111111111111111,"#46039f"],[0.2222222222222222,"#7201a8"],[0.3333333333333333,"#9c179e"],[0.4444444444444444,"#bd3786"],[0.5555555555555556,"#d8576b"],[0.6666666666666666,"#ed7953"],[0.7777777777777778,"#fb9f3a"],[0.8888888888888888,"#fdca26"],[1.0,"#f0f921"]]}],"surface":[{"type":"surface","colorbar":{"outlinewidth":0,"ticks":""},"colorscale":[[0.0,"#0d0887"],[0.1111111111111111,"#46039f"],[0.2222222222222222,"#7201a8"],[0.3333333333333333,"#9c179e"],[0.4444444444444444,"#bd3786"],[0.5555555555555556,"#d8576b"],[0.6666666666666666,"#ed7953"],[0.7777777777777778,"#fb9f3a"],[0.8888888888888888,"#fdca26"],[1.0,"#f0f921"]]}],"mesh3d":[{"type":"mesh3d","colorbar":{"outlinewidth":0,"ticks":""}}],"scatter":[{"fillpattern":{"fillmode":"overlay","size":10,"solidity":0.2},"type":"scatter"}],"parcoords":[{"type":"parcoords","line":{"colorbar":{"outlinewidth":0,"ticks":""}}}],"scatterpolargl":[{"type":"scatterpolargl","marker":{"colorbar":{"outlinewidth":0,"ticks":""}}}],"bar":[{"error_x":{"color":"#2a3f5f"},"error_y":{"color":"#2a3f5f"},"marker":{"line":{"color":"#E5ECF6","width":0.5},"pattern":{"fillmode":"overlay","size":10,"solidity":0.2}},"type":"bar"}],"scattergeo":[{"type":"scattergeo","marker":{"colorbar":{"outlinewidth":0,"ticks":""}}}],"scatterpolar":[{"type":"scatterpolar","marker":{"colorbar":{"outlinewidth":0,"ticks":""}}}],"histogram":[{"marker":{"pattern":{"fillmode":"overlay","size":10,"solidity":0.2}},"type":"histogram"}],"scattergl":[{"type":"scattergl","marker":{"colorbar":{"outlinewidth":0,"ticks":""}}}],"scatter3d":[{"type":"scatter3d","line":{"colorbar":{"outlinewidth":0,"ticks":""}},"marker":{"colorbar":{"outlinewidth":0,"ticks":""}}}],"scattermapbox":[{"type":"scattermapbox","marker":{"colorbar":{"outlinewidth":0,"ticks":""}}}],"scatterternary":[{"type":"scatterternary","marker":{"colorbar":{"outlinewidth":0,"ticks":""}}}],"scattercarpet":[{"type":"scattercarpet","marker":{"colorbar":{"outlinewidth":0,"ticks":""}}}],"carpet":[{"aaxis":{"endlinecolor":"#2a3f5f","gridcolor":"white","linecolor":"white","minorgridcolor":"white","startlinecolor":"#2a3f5f"},"baxis":{"endlinecolor":"#2a3f5f","gridcolor":"white","linecolor":"white","minorgridcolor":"white","startlinecolor":"#2a3f5f"},"type":"carpet"}],"table":[{"cells":{"fill":{"color":"#EBF0F8"},"line":{"color":"white"}},"header":{"fill":{"color":"#C8D4E3"},"line":{"color":"white"}},"type":"table"}],"barpolar":[{"marker":{"line":{"color":"#E5ECF6","width":0.5},"pattern":{"fillmode":"overlay","size":10,"solidity":0.2}},"type":"barpolar"}],"pie":[{"automargin":true,"type":"pie"}]},"layout":{"autotypenumbers":"strict","colorway":["#636efa","#EF553B","#00cc96","#ab63fa","#FFA15A","#19d3f3","#FF6692","#B6E880","#FF97FF","#FECB52"],"font":{"color":"#2a3f5f"},"hovermode":"closest","hoverlabel":{"align":"left"},"paper_bgcolor":"white","plot_bgcolor":"#E5ECF6","polar":{"bgcolor":"#E5ECF6","angularaxis":{"gridcolor":"white","linecolor":"white","ticks":""},"radialaxis":{"gridcolor":"white","linecolor":"white","ticks":""}},"ternary":{"bgcolor":"#E5ECF6","aaxis":{"gridcolor":"white","linecolor":"white","ticks":""},"baxis":{"gridcolor":"white","linecolor":"white","ticks":""},"caxis":{"gridcolor":"white","linecolor":"white","ticks":""}},"coloraxis":{"colorbar":{"outlinewidth":0,"ticks":""}},"colorscale":{"sequential":[[0.0,"#0d0887"],[0.1111111111111111,"#46039f"],[0.2222222222222222,"#7201a8"],[0.3333333333333333,"#9c179e"],[0.4444444444444444,"#bd3786"],[0.5555555555555556,"#d8576b"],[0.6666666666666666,"#ed7953"],[0.7777777777777778,"#fb9f3a"],[0.8888888888888888,"#fdca26"],[1.0,"#f0f921"]],"sequentialminus":[[0.0,"#0d0887"],[0.1111111111111111,"#46039f"],[0.2222222222222222,"#7201a8"],[0.3333333333333333,"#9c179e"],[0.4444444444444444,"#bd3786"],[0.5555555555555556,"#d8576b"],[0.6666666666666666,"#ed7953"],[0.7777777777777778,"#fb9f3a"],[0.8888888888888888,"#fdca26"],[1.0,"#f0f921"]],"diverging":[[0,"#8e0152"],[0.1,"#c51b7d"],[0.2,"#de77ae"],[0.3,"#f1b6da"],[0.4,"#fde0ef"],[0.5,"#f7f7f7"],[0.6,"#e6f5d0"],[0.7,"#b8e186"],[0.8,"#7fbc41"],[0.9,"#4d9221"],[1,"#276419"]]},"xaxis":{"gridcolor":"white","linecolor":"white","ticks":"","title":{"standoff":15},"zerolinecolor":"white","automargin":true,"zerolinewidth":2},"yaxis":{"gridcolor":"white","linecolor":"white","ticks":"","title":{"standoff":15},"zerolinecolor":"white","automargin":true,"zerolinewidth":2},"scene":{"xaxis":{"backgroundcolor":"#E5ECF6","gridcolor":"white","linecolor":"white","showbackground":true,"ticks":"","zerolinecolor":"white","gridwidth":2},"yaxis":{"backgroundcolor":"#E5ECF6","gridcolor":"white","linecolor":"white","showbackground":true,"ticks":"","zerolinecolor":"white","gridwidth":2},"zaxis":{"backgroundcolor":"#E5ECF6","gridcolor":"white","linecolor":"white","showbackground":true,"ticks":"","zerolinecolor":"white","gridwidth":2}},"shapedefaults":{"line":{"color":"#2a3f5f"}},"annotationdefaults":{"arrowcolor":"#2a3f5f","arrowhead":0,"arrowwidth":1},"geo":{"bgcolor":"white","landcolor":"#E5ECF6","subunitcolor":"white","showland":true,"showlakes":true,"lakecolor":"white"},"title":{"x":0.05},"mapbox":{"style":"light"}}}},                        {"responsive": true}                    )                };                            </script>        </div></div><h5>xrefs</h5><div><table class="table table-sm table-dark table-hover table-bordered "><thead><tr><th scope="col">#</th><th scope="col">symbol</th><th scope="col">xChange</th><th scope="col">div.com</th><th scope="col">tv</th><th scope="col">DH</th><th scope="col">S</th><th scope="col">analysis</th></tr></thead><tbody><tr><th scope="row">0</th><td>ABR</td><td>NYSE</td><td><a target="_blank" href="https://www.dividend.com/search/?q=ABR">ABR:div</a></td><td><a target="_blank" href="https://www.tradingview.com/chart/?symbol=NYSE%3AABR">ABR:tv</a></td><td><a target="_blank" href="https://www.nasdaq.com/market-activity/stocks/ABR/dividend-history">ABR:d_history</a></td><td><a target="_blank" href="https://www.nasdaq.com/market-activity/stocks/ABR">ABR:summary</a></td><td><a target="_blank" href="/mike/v/ABR.v">ABR:analysis</a></td></tr><tr><th scope="row">1</th><td>APLE</td><td>NYSE</td><td><a target="_blank" href="https://www.dividend.com/search/?q=APLE">APLE:div</a></td><td><a target="_blank" href="https://www.tradingview.com/chart/?symbol=NYSE%3AAPLE">APLE:tv</a></td><td><a target="_blank" href="https://www.nasdaq.com/market-activity/stocks/APLE/dividend-history">APLE:d_history</a></td><td><a target="_blank" href="https://www.nasdaq.com/market-activity/stocks/APLE">APLE:summary</a></td><td><a target="_blank" href="/mike/v/APLE.v">APLE:analysis</a></td></tr><tr><th scope="row">2</th><td>AQN</td><td>NYSE</td><td><a target="_blank" href="https://www.dividend.com/search/?q=AQN">AQN:div</a></td><td><a target="_blank" href="https://www.tradingview.com/chart/?symbol=NYSE%3AAQN">AQN:tv</a></td><td><a target="_blank" href="https://www.nasdaq.com/market-activity/stocks/AQN/dividend-history">AQN:d_history</a></td><td><a target="_blank" href="https://www.nasdaq.com/market-activity/stocks/AQN">AQN:summary</a></td><td><a target="_blank" href="/mike/v/AQN.v">AQN:analysis</a></td></tr><tr><th scope="row">3</th><td>ARI</td><td>NYSE</td><td><a target="_blank" href="https://www.dividend.com/search/?q=ARI">ARI:div</a></td><td><a target="_blank" href="https://www.tradingview.com/chart/?symbol=NYSE%3AARI">ARI:tv</a></td><td><a target="_blank" href="https://www.nasdaq.com/market-activity/stocks/ARI/dividend-history">ARI:d_history</a></td><td><a target="_blank" href="https://www.nasdaq.com/market-activity/stocks/ARI">ARI:summary</a></td><td><a target="_blank" href="/mike/v/ARI.v">ARI:analysis</a></td></tr><tr><th scope="row">4</th><td>CAR</td><td>NASDAQ</td><td><a target="_blank" href="https://www.dividend.com/search/?q=CAR">CAR:div</a></td><td><a target="_blank" href="https://www.tradingview.com/chart/?symbol=NASDAQ%3ACAR">CAR:tv</a></td><td><a target="_blank" href="https://www.nasdaq.com/market-activity/stocks/CAR/dividend-history">CAR:d_history</a></td><td><a target="_blank" href="https://www.nasdaq.com/market-activity/stocks/CAR">CAR:summary</a></td><td><a target="_blank" href="/mike/v/CAR.v">CAR:analysis</a></td></tr><tr><th scope="row">5</th><td>CCU</td><td>NYSE</td><td><a target="_blank" href="https://www.dividend.com/search/?q=CCU">CCU:div</a></td><td><a target="_blank" href="https://www.tradingview.com/chart/?symbol=NYSE%3ACCU">CCU:tv</a></td><td><a target="_blank" href="https://www.nasdaq.com/market-activity/stocks/CCU/dividend-history">CCU:d_history</a></td><td><a target="_blank" href="https://www.nasdaq.com/market-activity/stocks/CCU">CCU:summary</a></td><td><a target="_blank" href="/mike/v/CCU.v">CCU:analysis</a></td></tr><tr><th scope="row">6</th><td>CIB</td><td>NYSE</td><td><a target="_blank" href="https://www.dividend.com/search/?q=CIB">CIB:div</a></td><td><a target="_blank" href="https://www.tradingview.com/chart/?symbol=NYSE%3ACIB">CIB:tv</a></td><td><a target="_blank" href="https://www.nasdaq.com/market-activity/stocks/CIB/dividend-history">CIB:d_history</a></td><td><a target="_blank" href="https://www.nasdaq.com/market-activity/stocks/CIB">CIB:summary</a></td><td><a target="_blank" href="/mike/v/CIB.v">CIB:analysis</a></td></tr><tr><th scope="row">7</th><td>GAIN</td><td>NASDAQ</td><td><a target="_blank" href="https://www.dividend.com/search/?q=GAIN">GAIN:div</a></td><td><a target="_blank" href="https://www.tradingview.com/chart/?symbol=NASDAQ%3AGAIN">GAIN:tv</a></td><td><a target="_blank" href="https://www.nasdaq.com/market-activity/stocks/GAIN/dividend-history">GAIN:d_history</a></td><td><a target="_blank" href="https://www.nasdaq.com/market-activity/stocks/GAIN">GAIN:summary</a></td><td><a target="_blank" href="/mike/v/GAIN.v">GAIN:analysis</a></td></tr><tr><th scope="row">8</th><td>JKS</td><td>NYSE</td><td><a target="_blank" href="https://www.dividend.com/search/?q=JKS">JKS:div</a></td><td><a target="_blank" href="https://www.tradingview.com/chart/?symbol=NYSE%3AJKS">JKS:tv</a></td><td><a target="_blank" href="https://www.nasdaq.com/market-activity/stocks/JKS/dividend-history">JKS:d_history</a></td><td><a target="_blank" href="https://www.nasdaq.com/market-activity/stocks/JKS">JKS:summary</a></td><td><a target="_blank" href="/mike/v/JKS.v">JKS:analysis</a></td></tr><tr><th scope="row">9</th><td>LNC</td><td>NYSE</td><td><a target="_blank" href="https://www.dividend.com/search/?q=LNC">LNC:div</a></td><td><a target="_blank" href="https://www.tradingview.com/chart/?symbol=NYSE%3ALNC">LNC:tv</a></td><td><a target="_blank" href="https://www.nasdaq.com/market-activity/stocks/LNC/dividend-history">LNC:d_history</a></td><td><a target="_blank" href="https://www.nasdaq.com/market-activity/stocks/LNC">LNC:summary</a></td><td><a target="_blank" href="/mike/v/LNC.v">LNC:analysis</a></td></tr><tr><th scope="row">10</th><td>MPW</td><td>NYSE</td><td><a target="_blank" href="https://www.dividend.com/search/?q=MPW">MPW:div</a></td><td><a target="_blank" href="https://www.tradingview.com/chart/?symbol=NYSE%3AMPW">MPW:tv</a></td><td><a target="_blank" href="https://www.nasdaq.com/market-activity/stocks/MPW/dividend-history">MPW:d_history</a></td><td><a target="_blank" href="https://www.nasdaq.com/market-activity/stocks/MPW">MPW:summary</a></td><td><a target="_blank" href="/mike/v/MPW.v">MPW:analysis</a></td></tr><tr><th scope="row">11</th><td>O</td><td>NYSE</td><td><a target="_blank" href="https://www.dividend.com/search/?q=O">O:div</a></td><td><a target="_blank" href="https://www.tradingview.com/chart/?symbol=NYSE%3AO">O:tv</a></td><td><a target="_blank" href="https://www.nasdaq.com/market-activity/stocks/O/dividend-history">O:d_history</a></td><td><a target="_blank" href="https://www.nasdaq.com/market-activity/stocks/O">O:summary</a></td><td><a target="_blank" href="/mike/v/O.v">O:analysis</a></td></tr><tr><th scope="row">12</th><td>OBDC</td><td>NYSE</td><td><a target="_blank" href="https://www.dividend.com/search/?q=OBDC">OBDC:div</a></td><td><a target="_blank" href="https://www.tradingview.com/chart/?symbol=NYSE%3AOBDC">OBDC:tv</a></td><td><a target="_blank" href="https://www.nasdaq.com/market-activity/stocks/OBDC/dividend-history">OBDC:d_history</a></td><td><a target="_blank" href="https://www.nasdaq.com/market-activity/stocks/OBDC">OBDC:summary</a></td><td><a target="_blank" href="/mike/v/OBDC.v">OBDC:analysis</a></td></tr><tr><th scope="row">13</th><td>PMT</td><td>NYSE</td><td><a target="_blank" href="https://www.dividend.com/search/?q=PMT">PMT:div</a></td><td><a target="_blank" href="https://www.tradingview.com/chart/?symbol=NYSE%3APMT">PMT:tv</a></td><td><a target="_blank" href="https://www.nasdaq.com/market-activity/stocks/PMT/dividend-history">PMT:d_history</a></td><td><a target="_blank" href="https://www.nasdaq.com/market-activity/stocks/PMT">PMT:summary</a></td><td><a target="_blank" href="/mike/v/PMT.v">PMT:analysis</a></td></tr