---
layout: default
title: StockSector(real_estate.ss.html)
---
<h5>fn_build_correlation_mx</h5><div><div>                        <script type="text/javascript">window.PlotlyConfig = {MathJaxConfig: 'local'};</script>
        <script charset="utf-8" src="https://cdn.plot.ly/plotly-2.27.0.min.js"></script>                <div id="5fdfffa8-352c-4e80-b666-6994e52b53e9" class="plotly-graph-div" style="height:100%; width:100%;"></div>            <script type="text/javascript">                                    window.PLOTLYENV=window.PLOTLYENV || {};                                    if (document.getElementById("5fdfffa8-352c-4e80-b666-6994e52b53e9")) {                    Plotly.newPlot(                        "5fdfffa8-352c-4e80-b666-6994e52b53e9",                        [{"colorscale":[[0.0,"rgb(103,0,31)"],[0.1,"rgb(178,24,43)"],[0.2,"rgb(214,96,77)"],[0.3,"rgb(244,165,130)"],[0.4,"rgb(253,219,199)"],[0.5,"rgb(247,247,247)"],[0.6,"rgb(209,229,240)"],[0.7,"rgb(146,197,222)"],[0.8,"rgb(67,147,195)"],[0.9,"rgb(33,102,172)"],[1.0,"rgb(5,48,97)"]],"texttemplate":"%{z:.1f}","x":["ADC","ABR","AGNC","AMT","APLE","ARE","ARI","AVB","BAM","BN","BXMT","BXP","CCI","CPT","CTRE","DEA","DEI","DLR","DOC","EPRT","EQIX","EQR","ESS","EXR","FRT","GHC","HASI","HPP","HR","HST","ILPT","IRM","KIM","LAMR","LTC","MAA","MPW","NHI","NNN","O","OHI","PCH","PEAK","PLD","PMT","PSA","REG","RHP","RITM","SBAC","SBRA","SPG","STAG","STWD","UDR","VICI","VNO","VRE","VTR","WY","EPR"],"y":["ADC","ABR","AGNC","AMT","APLE","ARE","ARI","AVB","BAM","BN","BXMT","BXP","CCI","CPT","CTRE","DEA","DEI","DLR","DOC","EPRT","EQIX","EQR","ESS","EXR","FRT","GHC","HASI","HPP","HR","HST","ILPT","IRM","KIM","LAMR","LTC","MAA","MPW","NHI","NNN","O","OHI","PCH","PEAK","PLD","PMT","PSA","REG","RHP","RITM","SBAC","SBRA","SPG","STAG","STWD","UDR","VICI","VNO","VRE","VTR","WY","EPR"],"z":[[1.0,0.47608483446236394,0.4174466802826523,0.574721244390726,0.4487412919257805,0.6264079930335874,0.4646432149175166,0.5514191614295758,0.35186087593777854,0.5898237837014841,0.3874121633930688,0.5685948834093607,0.40091645250748464,0.5046332232356817,0.1364727069990178,0.4810971749222061,0.4569310177836308,0.17692383156659236,0.5818053460720124,0.7326122372459228,0.3391015232932731,0.5670478208268531,0.5049102874781166,0.49512235600937365,0.6812925726288369,0.5384022606312717,0.5045067334828456,0.581927872754371,0.5551134258035147,0.32296319367226123,0.46715902123416286,0.6725385515644249,0.634439450993972,0.4459940422402648,0.6234599068750274,0.5434252732994542,0.5048010071040726,0.6381669727986337,0.8219632994964304,0.7697468890073522,0.2354283715479114,0.3984556359450272,0.5833987307259326,0.5813089539971733,0.5484790323265625,0.580536172541698,0.65841880185863,0.27806687486266096,0.42853635711924415,0.6686876981512565,0.2893352917231201,0.4422399012811354,0.6306202623702962,0.40989883103018165,0.48305764894554776,0.617160183042346,0.5357129269041,0.520607414660168,0.5144286268859071,0.43232709444782946,0.6940736580183048],[0.47608483446236394,1.0,0.534371123924663,0.036530413971649564,0.6647296200170624,0.6246718299528002,0.8670298863688937,0.5662904776875699,0.4342059273839681,0.5893245521203502,0.7787659072192509,0.659346786030326,0.051367063939178295,0.5593993653271552,-0.010849078214348972,0.6556326913518848,0.6291852252844746,0.07229298600730455,0.678399397353918,0.6406080632172239,0.34918851683216034,0.5338091431864783,0.6011181594069149,0.573474218077033,0.7200368486033758,0.5926174401286105,0.6170503904495901,0.654170641556501,0.5673355934129564,0.5866346879136809,0.6585556834373051,0.6039657047584259,0.6726307120880012,0.5118770128400284,0.5980329650258761,0.5139231260637979,0.6696330951034921,0.596527207727404,0.5394713431255777,0.41892543131356047,0.2203088412634112,0.39161577074601084,0.694694330773441,0.596780352599124,0.791274196255553,0.6807931488581802,0.6962403648698994,0.7090819397514625,0.7674180078580051,0.25925657290363197,0.4891074242572175,0.5544069790997015,0.6389396959603593,0.8785722105837979,0.5373432726744927,0.6685890104188709,0.5900594762343649,0.6276359415623332,0.6078757780744894,0.47765068665350274,0.6613856069580907],[0.4174466802826523,0.534371123924663,1.0,0.3552513468589157,0.38724993696249566,0.8071481976240485,0.7749270645899256,0.7927157194887579,0.7377703785316062,0.76924837854827,0.5955691448676297,0.7867899228749234,0.1760775703395131,0.774419677298669,-0.1567072779556552,0.7560485885418989,0.6879020510590276,-0.016264542599531917,0.7685367036402089,0.6956600291998192,0.2984579823587468,0.7692859508193504,0.791488866737138,0.8729317823305134,0.7520513843643711,0.47179873040677567,0.7406020466792935,0.747261872359013,0.7663818808418229,0.5656604917896308,0.7457945672704533,0.5191649864111825,0.7877071861416713,0.7161200948091553,0.5092454971065058,0.7867367374807566,0.7060616748829535,0.6482869464416303,0.6181881469818683,0.6319950775132679,0.16388251349396982,0.627337600628301,0.7440422317920865,0.7985026781639237,0.7619841157273214,0.7581865873401689,0.5902498270021299,0.47109909920055487,0.6832511995298055,0.5395868137192095,0.253794255081859,0.7190509572341846,0.6929440613466613,0.6513071943046079,0.7671179824327327,0.6255516782320248,0.7100629567205,0.5862348149765831,0.8050850153178114,0.8238014691102915,0.4975840469097623],[0.574721244390726,0.036530413971649564,0.3552513468589157,1.0,0.19449965071208544,0.48481166452731717,0.1883340408204619,0.37375379826618765,0.42369873023056137,0.49381525106857105,0.12695007917720938,0.42181630895062855,0.6028571715212785,0.3723746280986606,0.2450907463290796,0.3601191643769061,0.2847649424407333,0.29623226081900417,0.29561675495759854,0.377963893071734,0.45639125554744253,0.37114012381026923,0.27944576370622104,0.4198459779632836,0.3878095429398413,0.15154739093414785,0.42633876594652254,0.311504834500514,0.3797335872233874,-0.024674531037046657,0.1972004421316113,0.3726470971285382,0.4005941481360182,0.3448924236368986,0.3959460552785228,0.3900059988139163,0.347993389234532,0.34679819263332495,0.4145145493334022,0.4818460434209957,0.18981137100596437,0.20221099312357207,0.35172573867109175,0.35856820265965544,0.3246309226289954,0.3622358152270756,0.30842243943557274,0.020723265900133177,0.27891050633359754,0.8890130487652096,0.31046711193126947,0.19996907631081787,0.3081915050946872,0.11243359173312187,0.335571710878169,0.4198532031722999,0.3372227391046552,0.3743290419442169,0.36378936562732206,0.31922417874810644,0.23240161122623182],[0.4487412919257805,0.6647296200170624,0.38724993696249566,0.19449965071208544,1.0,0.5235256047034051,0.6336805335644907,0.5629585747120512,0.35379857100807904,0.4963494272816427,0.6382809471425862,0.5906807145919768,0.13758830496649255,0.5445962614075255,0.008464769626919137,0.6650554626098073,0.6087229760237183,-0.11316636564120947,0.6447098424974592,0.5494408063115697,0.17867033161909635,0.5336737189585153,0.5082973836212897,0.44881447649719836,0.6513371567290952,0.7484515107238329,0.5170340261129166,0.5967919026104561,0.6425929861041038,0.6685690493309437,0.5506654982224279,0.5163177540814411,0.5884069085038753,0.5815654776200749,0.6809191603011319,0.515032915112279,0.719032290744877,0.4551063655417582,0.5196245833848654,0.4094124188020045,0.452223737982664,0.29030557203189955,0.7073447876806328,0.5747187787522493,0.4982493341455585,0.5417095706543583,0.6792084187481053,0.791224948710834,0.5029917205691989,0.2589393546321226,0.5056196616942926,0.5147586754509487,0.6498248971481491,0.6303206255270523,0.5777572501950125,0.6308949165629111,0.5508963173117093,0.42020708622724884,0.5928159412168547,0.3730769620848889,0.4564569537827596],[0.6264079930335874,0.6246718299528002,0.8071481976240485,0.48481166452731717,0.5235256047034051,1.0,0.6882460070123122,0.8385049085513716,0.6953999310761337,0.7517866284202798,0.5026562666733032,0.9319535854845646,0.21539891747670864,0.8513798263329122,-0.2539928587295038,0.8679074197192346,0.849916242734566,-0.14032693484082723,0.8711803266288904,0.7665047601994421,0.2914461363348421,0.8254488084394589,0.8597541313090159,0.8078035718508448,0.8457005484957314,0.5029511217473936,0.7658385120698541,0.8673831480345847,0.7891337361165003,0.493320496992651,0.8457026951329234,0.652495738980957,0.8427974013186703,0.7737360901612201,0.6974334137460189,0.8252900877287168,0.6988108862749872,0.7328573813031397,0.6949439830695395,0.6701446066624538,0.17276707127499985,0.5639135979554405,0.8833920466514095,0.8417592873361117,0.676695987405537,0.8023566036720051,0.6987996442623796,0.4644330818040545,0.6336525686605767,0.6974995627118753,0.22710451369603843,0.7890252361430695,0.6879891646368335,0.6077106266468214,0.7825596065884574,0.7306779186729953,0.8561204826422969,0.568877026945203,0.7528635181308246,0.7347761864166017,0.6337032241220871],[0.4646432149175166,0.8670298863688937,0.7749270645899256,0.1883340408204619,0.6336805335644907,0.6882460070123122,1.0,0.6915708351486892,0.6429931456336772,0.7316072433284906,0.8317390399435506,0.716740184542063,0.07644837207210213,0.6638247248148137,0.08407377627684831,0.728648983967577,0.6377945649721134,0.15131314549811226,0.7003401194268206,0.7490365016518954,0.378636870059105,0.6294417616742924,0.7029540543751646,0.7440406008496452,0.7614406539125037,0.6513519707111589,0.7073577489936699,0.6720454147342978,0.6228017678360204,0.6841838710355465,0.7406769822939357,0.5928528706068369,0.7773917703208105,0.6963894996710934,0.6478422542690497,0.6436315508879401,0.7957561802764826,0.688199037774202,0.5458991352350305,0.5605024393269225,0.30311039315849964,0.5732249747548964,0.7277402427805221,0.7441121314457665,0.9114215491031975,0.743456137090783,0.7229247907153901,0.7411621313653074,0.8324619062154743,0.354414600429284,0.450042820279176,0.6450828465328969,0.7511585290517047,0.8904173782121023,0.6653635805386013,0.7435826648766675,0.6135192157863809,0.6749615573138423,0.8042643281541698,0.6951518145099316,0.6943608903034417],[0.5514191614295758,0.5662904776875699,0.7927157194887579,0.37375379826618765,0.5629585747120512,0.8385049085513716,0.6915708351486892,1.0,0.607885475636151,0.720981367910783,0.5801115946310731,0.7712982110612921,0.03238125100759584,0.9143484719437692,0.03390893865881019,0.788673367391378,0.6498768070619861,-0.020331986727399838,0.8176423010481109,0.7516987509962485,0.362219880755742,0.9435681911666399,0.9383812508908828,0.7552610081314587,0.8006100861536645,0.6038841407222959,0.6886897327661201,0.6969714604810986,0.808124647283894,0.5556214122548477,0.6868050509750674,0.7165883169053454,0.8068622699458247,0.791445163364271,0.6902331923196441,0.9194199677062508,0.6873809175664479,0.7298272444636841,0.7226493149486806,0.6565068968448134,0.5006692500819706,0.6875564608592343,0.8280624422982292,0.8751250287030922,0.6675732259078463,0.7070138750821422,0.7647114332128432,0.5820875970062387,0.6445561233900527,0.5124755641631399,0.4514342876413338,0.7667473969004638,0.7727034324427701,0.6340752733847768,0.9111135341976925,0.6928132135237164,0.691745588833024,0.5792971250435546,0.8379129999133483,0.7823830292000715,0.7130825950799806],[0.35186087593777854,0.4342059273839681,0.7377703785316062,0.42369873023056137,0.35379857100807904,0.6953999310761337,0.6429931456336772,0.607885475636151,1.0,0.8020231730351339,0.46771214089233565,0.7387731067239647,0.35186636764750884,0.6373388573653612,-0.0351179593165978,0.6399304355294622,0.6520435342045848,0.0005338666954405406,0.6396271930357961,0.4670080496945424,0.2673416553871575,0.5704490579651349,0.5900902691037364,0.6023269128688707,0.47337497741450535,0.36677175970747133,0.5492118585466401,0.6187036311982808,0.5777303411002469,0.40322885835373273,0.6660494515675226,0.3273156797991493,0.48672337575632063,0.622366713059428,0.4415511109266586,0.6638598144596137,0.590218761850026,0.587110651321345,0.3164627139821167,0.36754801936851506,0.11176072364914606,0.5710652098242867,0.6678339901020679,0.621370625482114,0.5617602708977306,0.5458697739315125,0.3080222254523165,0.39211170002965506,0.6904513421942838,0.5307351628852739,0.1426405857803793,0.47814626434140306,0.5244901762614684,0.5483191496410185,0.587600352628476,0.6499990012464244,0.5893414111779331,0.46121835161247443,0.5487679192654251,0.734735118958474,0.45451868371133747],[0.5898237837014841,0.5893245521203502,0.76924837854827,0.49381525106857105,0.4963494272816427,0.7517866284202798,0.7316072433284906,0.720981367910783,0.8020231730351339,1.0,0.6110200498004392,0.801030121300323,0.3613359416151772,0.745886110839235,0.11645734468133122,0.6862121494346903,0.7002997421667414,0.19182899488017613,0.7028717266555721,0.6191941807228531,0.3945719698001058,0.7244939071167824,0.7200850984141167,0.7565259597952408,0.6680396957692704,0.5727497599644209,0.7532907997686362,0.6885594705381484,0.7935132867993213,0.5341648426972775,0.6627940117238924,0.6014968708400148,0.6667651608625966,0.7004891118187676,0.6528774511461597,0.7366917352225578,0.6937718312451524,0.7482774336582323,0.518740215788383,0.5702573917962686,0.26958884885762674,0.6149257053396586,0.7485714924680468,0.7246679202006501,0.6964395038607699,0.7236508450570326,0.5977905233549718,0.5553201361048922,0.6943062638726762,0.6376920789835512,0.3996276038258302,0.5697821614600347,0.7455191321032897,0.6215948497237116,0.7185235099088819,0.8362764674832499,0.6796157328561975,0.6187288733783197,0.6981935807456366,0.7499291855757084,0.6488609769558137],[0.3874121633930688,0.7787659072192509,0.5955691448676297,0.12695007917720938,0.6382809471425862,0.5026562666733032,0.8317390399435506,0.5801115946310731,0.46771214089233565,0.6110200498004392,1.0,0.5564040164155418,0.17986366103587068,0.5390726926544536,0.16310010579331297,0.5884649229631291,0.5598103103813512,0.27038428386242935,0.5390498967064806,0.621887021179646,0.39702791046787894,0.5332432391700281,0.4827321862865876,0.5044256130484831,0.6346459834169493,0.5338006713158249,0.5916152177271149,0.5554540720333482,0.6258715608442798,0.6709164792707084,0.5189696180567422,0.579056581021322,0.6564996713775793,0.5636764337849574,0.5575513511797945,0.49598915987170056,0.8053701446728041,0.6350371568934616,0.5179410473982015,0.38937022427262513,0.43634538356140745,0.4291676359190767,0.597140958113462,0.550932294442855,0.7902261463115254,0.5019339682174806,0.6902367431129864,0.6548059644134785,0.6597282391637054,0.20895428951684272,0.6128505276851289,0.4667168400834149,0.5967351174135489,0.9044492275899711,0.5290507972177729,0.5824655428419891,0.5348820392169028,0.7387073561661439,0.6718804262965098,0.49605533684797376,0.5950554109548757],[0.5685948834093607,0.659346786030326,0.7867899228749234,0.42181630895062855,0.5906807145919768,0.9319535854845646,0.716740184542063,0.7712982110612921,0.7387731067239647,0.801030121300323,0.5564040164155418,1.0,0.28051402459178343,0.7703210837657979,-0.2629416224182391,0.8961263694731461,0.9428313814778081,-0.18171810174900654,0.8818623503485437,0.73039373142764,0.23929871143965625,0.78466278031477,0.7954923766855102,0.7933397792883845,0.7778302300916491,0.5900214364962891,0.7610451834944759,0.912461196557955,0.8354125380266103,0.4762425973275552,0.7933962775398533,0.5436746625978233,0.8057118746835453,0.7301142230145877,0.6846920788703537,0.74321091460674,0.69238822506019,0.7182222250345094,0.6341158318255108,0.5882653307368468,0.1585446875190476,0.5390439816035667,0.8915176488659733,0.7867948834611186,0.6385323936366938,0.8115838624602706,0.6428225041061646,0.5455616448699621,0.7028608623381127,0.5939180505937172,0.24128677605726115,0.770355928118511,0.6831334036601503,0.6647280339258261,0.742383756354306,0.7458820483914642,0.937736706517,0.597999587968514,0.6578833955425722,0.7014412562571225,0.558109192969459],[0.40091645250748464,0.051367063939178295,0.1760775703395131,0.6028571715212785,0.13758830496649255,0.21539891747670864,0.07644837207210213,0.03238125100759584,0.35186636764750884,0.3613359416151772,0.17986366103587068,0.28051402459178343,1.0,0.11627308996586594,0.22874424053454187,0.10868388095539767,0.2803065550216772,0.41495026431419024,0.23078620551251994,0.11478378040530444,0.42285833222437896,0.1410418357898476,-0.057764523918204295,0.10935169804367732,0.22601970471733265,0.05641153713949734,0.20708683916898613,0.2652307186291286,0.29140799789336336,-0.15477152920823717,0.1961769539954808,0.10794574131941093,0.1521414588202958,0.22523828054472156,0.2626384819076053,0.14720076585009134,0.29791485480081126,0.30200601908206137,0.28610579590956925,0.1826376412971435,0.02324003414763539,-0.09381681606467634,0.24014503766728212,0.06510924853142172,0.21132222229295283,0.1530225364557607,0.1292782547358197,0.006303521801205861,0.2600763868977806,0.5970742171509992,0.194795326088519,0.024574179024415225,0.1017724757367156,0.07113237189658558,0.053924104038489545,0.39770460182668543,0.2902952002275815,0.5082320521146833,0.1030698329222616,0.010412918631340334,0.019933840478729974],[0.5046332232356817,0.5593993653271552,0.774419677298669,0.3723746280986606,0.5445962614075255,0.8513798263329122,0.6638247248148137,0.9143484719437692,0.6373388573653612,0.745886110839235,0.5390726926544536,0.7703210837657979,0.11627308996586594,1.0,-0.014601554993742223,0.8029564999003415,0.7170527256524032,-0.06257831609255615,0.8084779523405171,0.698254742849472,0.35245502876628276,0.9082511404633021,0.9275683878377113,0.7554240215907773,0.8323162537291021,0.550897216849763,0.7018073215344495,0.7247039406224078,0.8122426876792367,0.5814508583898722,0.7446857726960179,0.6900126478291911,0.7721213061568247,0.8250329621410323,0.7249671847040384,0.9763949524401395,0.6611898531385644,0.688148272587456,0.5994262004965215,0.5430920286220005,0.3111484336413853,0.5548181011914952,0.8212517353002445,0.8334116113019039,0.6552509432926314,0.6226124541448729,0.7640704789332841,0.5742865592076416,0.6252298862291605,0.5231622248497091,0.3731651640742266,0.7577343371358101,0.7455498598251498,0.5854306330609879,0.9510033488620406,0.7231593042797035,0.709786584100451,0.6156499005577669,0.7937914795167761,0.6972078542244634,0.6729237724231977],[0.1364727069990178,-0.010849078214348972,-0.1567072779556552,0.2450907463290796,0.008464769626919137,-0.2539928587295038,0.08407377627684831,0.03390893865881019,-0.0351179593165978,0.11645734468133122,0.16310010579331297,-0.2629416224182391,0.22874424053454187,-0.014601554993742223,1.0,-0.20297248314131955,-0.33608876201635607,0.7179049342820626,-0.19723021446451316,0.004384831242478489,0.4931749058492042,0.07154579961563223,-0.08235839285005439,-0.18450587071200542,-0.09916999157118002,0.13839070582723031,-0.07835132381834559,-0.2714476635940065,-0.13638413621277473,-0.1712731895963497,-0.25615834198943793,0.14199643510526225,-0.11014455816686886,0.03090658286129357,0.24388046685595627,0.020431280223435384,0.058065872862385924,0.24969298244683016,-0.03295723362483007,-0.03783012832102799,0.500300464434304,0.025071850878128375,-0.12348159022632704,-0.14479070585405088,0.20240798794700043,-0.13509142782553415,0.04853273019802339,0.14140348856960275,0.14134047684038473,0.1295274396276918,0.5532235841690697,-0.2867295143604923,0.06871981160483981,0.07260571720845797,0.06951165979253236,0.19504392391206904,-0.3207490438153867,0.2817809120507715,0.0947462651705432,-0.10135432126693857,0.2668385484339223],[0.4810971749222061,0.6556326913518848,0.7560485885418989,0.3601191643769061,0.6650554626098073,0.8679074197192346,0.728648983967577,0.788673367391378,0.6399304355294622,0.6862121494346903,0.5884649229631291,0.8961263694731461,0.10868388095539767,0.8029564999003415,-0.20297248314131955,1.0,0.8801156577094206,-0.2847855448630785,0.8117836985129617,0.7137304448214667,0.13836628382709373,0.7896777064419485,0.8019309364194966,0.7652387419541931,0.7905433503789383,0.5998147330432144,0.7715762274194944,0.8999064749966272,0.8347528511920063,0.514295506088948,0.7423844742512132,0.4828934711325038,0.8257618708667832,0.7279634218673867,0.7265180476949115,0.7776812698348169,0.7203408017149492,0.6798358072116544,0.5642759163066435,0.5966057272677231,0.18585405755030318,0.5529134201207033,0.8443119490628198,0.7850211328624814,0.6193120562001807,0.7320517960049138,0.6623744862620609,0.5487023662733098,0.6734556787260563,0.4772758156468846,0.3483434878332988,0.7977479125919885,0.7141576263490464,0.6770230456457488,0.7992074853474458,0.6151216323194377,0.8661366034489179,0.49216887639584395,0.6677844818288232,0.7012039399658423,0.5770306324574531],[0.4569310177836308,0.6291852252844746,0.6879020510590276,0.2847649424407333,0.6087229760237183,0.849916242734566,0.6377945649721134,0.6498768070619861,0.6520435342045848,0.7002997421667414,0.5598103103813512,0.9428313814778081,0.2803065550216772,0.7170527256524032,-0.33608876201635607,0.8801156577094206,1.0,-0.2979315346985318,0.8266051405617411,0.6020158809216417,0.07453820481743832,0.6974639847123987,0.6769156173696921,0.6768105852032129,0.7124611302791484,0.5631225001018986,0.7038998667106101,0.9339103887150556,0.8296820508655276,0.4804938219520687,0.7468679053238318,0.4281273231628555,0.7320882416236144,0.6895046255560817,0.6342300191421926,0.6826100765564709,0.6401250995220943,0.6313347076179805,0.5237920264503209,0.4095413494805795,0.03671833333580994,0.44425611367250606,0.8521358079429445,0.668952349506748,0.540851533553539,0.6736326525016657,0.5910996718092417,0.5244158387959281,0.6221687702849172,0.44947345469665284,0.1961753670812352,0.7318878347927621,0.5605967507505522,0.6230782866742315,0.679133983420393,0.6519372975838212,0.952994682645229,0.5817022872866556,0.5540917258090727,0.5845678701599926,0.45714061414698426],[0.17692383156659236,0.07229298600730455,-0.016264542599531917,0.29623226081900417,-0.11316636564120947,-0.14032693484082723,0.15131314549811226,-0.020331986727399838,0.0005338666954405406,0.19182899488017613,0.27038428386242935,-0.18171810174900654,0.41495026431419024,-0.06257831609255615,0.7179049342820626,-0.2847855448630785,-0.2979315346985318,1.0,-0.13505507056159557,0.06644687164269393,0.6345082997620878,0.0047980219753607995,-0.1256674676403106,-0.05298413710919321,0.04342524974389591,-0.007920432652499268,0.05500961701439729,-0.2754374247262112,-0.12291260969111535,-0.15392481280733292,-0.08989122309797183,0.29798853087415267,0.010526743937997997,0.06469234034134423,0.14168190685453072,-0.06871183733895651,0.1371713482084586,0.2506070011566253,0.08471600007927323,0.08166970475426105,0.3040770591783534,-0.018017371271619072,-0.09164675169749,-0.07782594717544576,0.30235924457882524,0.01246045649839281,0.1416304206281001,0.023937302765612935,0.16246751448891644,0.24325851849241556,0.39222710037782366,-0.24808703805595433,0.08949612562230363,0.10887791580848344,-0.03946278860159798,0.2575029676527028,-0.24607992954707392,0.40820399053633327,0.1661709596815225,-0.06809028303210896,0.19005356883307126],[0.5818053460720124,0.678399397353918,0.7685367036402089,0.29561675495759854,0.6447098424974592,0.8711803266288904,0.7003401194268206,0.8176423010481109,0.6396271930357961,0.7028717266555721,0.5390498967064806,0.8818623503485437,0.23078620551251994,0.8084779523405171,-0.19723021446451316,0.8117836985129617,0.8266051405617411,-0.13505507056159557,1.0,0.7261702174828144,0.28026543355921835,0.8209768108085148,0.8278169468223266,0.7342966114501759,0.8307727366915962,0.6894079452277371,0.6099983854321983,0.8776415768150112,0.8333354114851577,0.47968645715141683,0.8216424118553781,0.5360700296809044,0.7969296034479593,0.7006243836859026,0.695718672131813,0.8005055779808417,0.7080347629292231,0.6937057576034442,0.733811518410299,0.5825650936859657,0.17362173554623345,0.5814297871185523,0.9625360218200842,0.7994741411309356,0.6543924147392703,0.8240388208870822,0.6812066228951628,0.5753732205723485,0.6562360373213054,0.5187649946924312,0.2807144754433546,0.7683832925898502,0.6452401449640816,0.6454028185827436,0.7852640000291433,0.7564243553362073,0.8240040981986423,0.6238442916790735,0.7367307247866537,0.6893280416848243,0.5628345099544861],[0.7326122372459228,0.6406080632172239,0.6956600291998192,0.377963893071734,0.5494408063115697,0.7665047601994421,0.7490365016518954,0.7516987509962485,0.4670080496945424,0.6191941807228531,0.621887021179646,0.73039373142764,0.11478378040530444,0.698254742849472,0.004384831242478489,0.7137304448214667,0.6020158809216417,0.06644687164269393,0.7261702174828144,1.0,0.455130677082791,0.7480491888758061,0.7447807919219993,0.7087254862835317,0.7980733303380301,0.6641135717003428,0.6719872247702854,0.6865093335953883,0.6465917041251803,0.5299358237488653,0.6769811548176554,0.7153095255052117,0.8306329195132638,0.6697157457345623,0.765165237263255,0.6755209814270341,0.7228030731310254,0.7389403447981738,0.8057847396432015,0.8054130392827011,0.36503248320293613,0.5075965665467022,0.7308164922430681,0.7823569074973904,0.7857765996182019,0.6852858049597231,0.7374875072215588,0.5441546840873652,0.6685099701805561,0.4860290974993102,0.39026137913249653,0.6793784411985012,0.751014074429808,0.6934252038036002,0.6949334407374415,0.6355749890700855,0.6555645765352491,0.6020985030258884,0.7209147704226823,0.5879478580789688,0.6614279498116206],[0.3391015232932731,0.34918851683216034,0.2984579823587468,0.45639125554744253,0.17867033161909635,0.2914461363348421,0.378636870059105,0.362219880755742,0.2673416553871575,0.3945719698001058,0.39702791046787894,0.23929871143965625,0.42285833222437896,0.35245502876628276,0.4931749058492042,0.13836628382709373,0.07453820481743832,0.6345082997620878,0.28026543355921835,0.455130677082791,1.0,0.38237323584144634,0.296190373850933,0.2640139352376784,0.3278246642628386,0.17816696013451966,0.2500276471535489,0.11715344697564661,0.19816114136376833,0.07890327384891622,0.2153229353515515,0.488202534310765,0.2837826004721343,0.30196512091842087,0.40049899123568206,0.3124245549113534,0.4152563448446113,0.4015606804994783,0.4493379724892522,0.3032175629705668,0.390955109206242,-0.010013584961360837,0.28558591340537953,0.23154839412592945,0.532935237673286,0.22364375403242903,0.3149126997886713,0.32770290815845343,0.5247220698748245,0.4900024880607598,0.47426108985153764,0.04562249529639637,0.3123312040217012,0.4734418414655801,0.3350058936437235,0.5275096930645,0.16021057344543527,0.589339064178976,0.396500380260392,0.11055344676153912,0.25822294469625656],[0.5670478208268531,0.5338091431864783,0.7692859508193504,0.37114012381026923,0.5336737189585153,0.8254488084394589,0.6294417616742924,0.9435681911666399,0.5704490579651349,0.7244939071167824,0.5332432391700281,0.78466278031477,0.1410418357898476,0.9082511404633021,0.07154579961563223,0.7896777064419485,0.6974639847123987,0.0047980219753607995,0.8209768108085148,0.7480491888758061,0.38237323584144634,1.0,0.9098096210787526,0.7053193175418,0.7827016889735856,0.6311477829760059,0.7054779167244339,0.7404632347322694,0.8145232504087746,0.45867606064056665,0.6521307911275485,0.6847213452189854,0.7504575740854829,0.7452920679820851,0.7145640285258553,0.9100601098632826,0.6202869540292393,0.7795432675741404,0.7040617645916898,0.6145469503888178,0.4278290839815627,0.5786936300311817,0.814422450381878,0.7752475460667001,0.6161525133734823,0.6675534762836985,0.7340369983648257,0.5859356503102714,0.6420967089420121,0.5417497182390005,0.48177714605541233,0.6751117951155019,0.7689389210248597,0.598079424154098,0.9364507632434113,0.6760388654905282,0.7519682091278693,0.6205090578802623,0.7490801034595099,0.6522846303240168,0.6871642100720421],[0.5049102874781166,0.6011181594069149,0.791488866737138,0.27944576370622104,0.5082973836212897,0.8597541313090159,0.7029540543751646,0.9383812508908828,0.5900902691037364,0.7200850984141167,0.4827321862865876,0.7954923766855102,-0.057764523918204295,0.9275683878377113,-0.08235839285005439,0.8019309364194966,0.6769156173696921,-0.1256674676403106,0.8278169468223266,0.7447807919219993,0.296190373850933,0.9098096210787526,1.0,0.8246060485651076,0.8017178068610269,0.5664092812414643,0.7221391976738057,0.7082331558296084,0.766854450273264,0.5915758421668961,0.7246712544328605,0.6845342568301539,0.7913804157663137,0.7654412616425957,0.6908122780906264,0.9130424830136418,0.6304095621118461,0.6878858699460094,0.6249193211807725,0.6575094252525249,0.3432386183093782,0.5951996737085417,0.825669942625873,0.8883747739142753,0.6574597756804532,0.7659146256600076,0.7464923599758709,0.6162004988779373,0.6185042909313746,0.47695851376626697,0.3225877418745675,0.7939127955149037,0.7838758802663882,0.5984285907808473,0.9220504014327593,0.695173109451798,0.7120652166145472,0.5091519690641122,0.8225582754431933,0.7530010352494378,0.7083740962077597],[0.49512235600937365,0.573474218077033,0.8729317823305134,0.4198459779632836,0.44881447649719836,0.8078035718508448,0.7440406008496452,0.7552610081314587,0.6023269128688707,0.7565259597952408,0.5044256130484831,0.7933397792883845,0.10935169804367732,0.7554240215907773,-0.18450587071200542,0.7652387419541931,0.6768105852032129,-0.05298413710919321,0.7342966114501759,0.7087254862835317,0.2640139352376784,0.7053193175418,0.8246060485651076,1.0,0.8015998337040173,0.460759559603889,0.7939051856102938,0.725874677707631,0.7815220409075103,0.5927924721700607,0.7035568822933214,0.5827025516239411,0.8423531860811266,0.7127975735867238,0.5932762488592566,0.732297172931328,0.6786412331942336,0.5445367119041701,0.6095183103935388,0.715913184096916,0.14172660840439708,0.5368874197760422,0.7368661909869504,0.8549563700440307,0.7482244351875736,0.8481484579990035,0.6788253322610174,0.48775876922912115,0.6063884936638577,0.5651810940167904,0.20801010451979982,0.7577780436813093,0.7203879889584844,0.5815098182087551,0.775682766912728,0.6530527135245137,0.7001507870025278,0.5593740860128241,0.8199504860549607,0.7513137915309461,0.5222899190398149],[0.6812925726288369,0.7200368486033758,0.7520513843643711,0.3878095429398413,0.6513371567290952,0.8457005484957314,0.7614406539125037,0.8006100861536645,0.47337497741450535,0.6680396957692704,0.6346459834169493,0.7778302300916491,0.22601970471733265,0.8323162537291021,-0.09916999157118002,0.7905433503789383,0.7124611302791484,0.04342524974389591,0.8307727366915962,0.7980733303380301,0.3278246642628386,0.7827016889735856,0.8017178068610269,0.8015998337040173,1.0,0.6218767607200438,0.7381477214107449,0.78234727214361,0.7977897903931431,0.5587516040241354,0.8046081098908556,0.7212393048737381,0.9315809212400917,0.7608007620390302,0.756732790932398,0.8000287606935997,0.753885458749443,0.6776625062949124,0.7756071773815474,0.7031650713544456,0.21991703534222184,0.5026768267462176,0.8143424832854513,0.8481991287465449,0.7698805187409906,0.7727580342210084,0.908973835929444,0.5410524916098043,0.6225951464776596,0.554345278266606,0.3548548354728699,0.789894827796392,0.8038111321585412,0.6530056196082157,0.7989874406728924,0.7292442902217117,0.7371392300270049,0.6985288458593503,0.8068270270262283,0.6225477722475832,0.6915169804959879],[0.5384022606312717,0.5926174401286105,0.47179873040677567,0.15154739093414785,0.7484515107238329,0.5029511217473936,0.6513519707111589,0.6038841407222959,0.36677175970747133,0.5727497599644209,0.5338006713158249,0.5900214364962891,0.05641153713949734,0.550897216849763,0.13839070582723031,0.5998147330432144,0.5631225001018986,-0.007920432652499268,0.6894079452277371,0.6641135717003428,0.17816696013451966,0.6311477829760059,0.5664092812414643,0.460759559603889,0.6218767607200438,1.0,0.45656924312193786,0.6272159462548997,0.6272126429124408,0.488775667795777,0.5672350714936306,0.46986854802531214,0.603159061662097,0.6020930009951646,0.7090483012322369,0.5382931638937276,0.5955422561459348,0.6159944079705252,0.589150231763931,0.416785908470681,0.29743483615334604,0.604153209730974,0.7189498939671481,0.5581747653073227,0.5476403928255348,0.5591999461647399,0.6686599354598627,0.6859831547361027,0.6100979079992185,0.22918273175788215,0.45836434250393,0.5223318046109192,0.7051938619281753,0.5611869451032774,0.612523930661818,0.6330887385860654,0.5580409361823049,0.4808422715870096,0.5644130928075722,0.5181158075284111,0.595036816084335],[0.5045067334828456,0.6170503904495901,0.7406020466792935,0.42633876594652254,0.5170340261129166,0.7658385120698541,0.7073577489936699,0.6886897327661201,0.5492118585466401,0.7532907997686362,0.5916152177271149,0.7610451834944759,0.20708683916898613,0.7018073215344495,-0.07835132381834559,0.7715762274194944,0.7038998667106101,0.05500961701439729,0.6099983854321983,0.6719872247702854,0.2500276471535489,0.7054779167244339,0.7221391976738057,0.7939051856102938,0.7381477214107449,0.45656924312193786,1.0,0.6507178470919529,0.7596579386531183,0.5549912897308598,0.5948743311088965,0.6645743120584081,0.8062161924896823,0.7214995261328873,0.6739177490110376,0.7018101638135457,0.6446036871506698,0.6290129044891645,0.5236950486335621,0.6681509700301336,0.22902467915154973,0.40090806337041335,0.7037465010529965,0.8065479413617364,0.6530896342079516,0.6943378933766996,0.6885719819196391,0.6114789191297519,0.6783938224490872,0.5500277040512374,0.42995890685029886,0.7053035475828953,0.7686105651636764,0.5828275411017956,0.6986741565616781,0.6539947874870098,0.7209337438329992,0.4766842241218537,0.7301028925238267,0.6568365907092929,0.5302742827455649],[0.581927872754371,0.654170641556501,0.747261872359013,0.311504834500514,0.5967919026104561,0.8673831480345847,0.6720454147342978,0.6969714604810986,0.6187036311982808,0.6885594705381484,0.5554540720333482,0.912461196557955,0.2652307186291286,0.7247039406224078,-0.2714476635940065,0.8999064749966272,0.9339103887150556,-0.2754374247262112,0.8776415768150112,0.6865093335953883,0.11715344697564661,0.7404632347322694,0.7082331558296084,0.725874677707631,0.78234727214361,0.6272159462548997,0.6507178470919529,1.0,0.8469536118538739,0.46256197881506655,0.7865990694492563,0.4370740280098213,0.7852653436620667,0.6632468463606199,0.6632578379889523,0.7012836560024752,0.6853293718434101,0.6878495801237899,0.6669385979402656,0.5393683999983078,0.020425200762598024,0.5429334295340174,0.8664441194790622,0.6870284517479657,0.6330210762001452,0.755396476778349,0.6266224752612135,0.44557714670888865,0.6146040190483676,0.5053771786076033,0.20609516157337116,0.7351474366016152,0.6036943079132584,0.6527788473787242,0.7050725672885096,0.638064467504055,0.9224897619679857,0.6115784298127261,0.6022869432444294,0.6326398499423916,0.5598307230605185],[0.5551134258035147,0.5673355934129564,0.7663818808418229,0.3797335872233874,0.6425929861041038,0.7891337361165003,0.6228017678360204,0.808124647283894,0.5777303411002469,0.7935132867993213,0.6258715608442798,0.8354125380266103,0.29140799789336336,0.8122426876792367,-0.13638413621277473,0.8347528511920063,0.8296820508655276,-0.12291260969111535,0.8333354114851577,0.6465917041251803,0.19816114136376833,0.8145232504087746,0.766854450273264,0.7815220409075103,0.7977897903931431,0.6272126429124408,0.7596579386531183,0.8469536118538739,1.0,0.5509639350862922,0.6653350978923346,0.5410245048853349,0.8198665328993875,0.7307190934127308,0.6982741406741575,0.7996723232122498,0.7353978801627198,0.6602128739968278,0.6863790898976294,0.5952311815885554,0.24779899161631583,0.5823959011040941,0.8575664896207463,0.8018115960293095,0.595557666676551,0.7137311536587991,0.7155169754685579,0.5379016486353172,0.5857750061856334,0.5024492308958546,0.4127484985681227,0.7687528915124019,0.6984018893724269,0.5962175551157675,0.7988818566755262,0.6893824167269282,0.8312258142117257,0.6218303809901478,0.7198448282471828,0.7057137948493812,0.5257215653686502],[0.32296319367226123,0.5866346879136809,0.5656604917896308,-0.024674531037046657,0.6685690493309437,0.493320496992651,0.6841838710355465,0.5556214122548477,0.40322885835373273,0.5341648426972775,0.6709164792707084,0.4762425973275552,-0.15477152920823717,0.5814508583898722,-0.1712731895963497,0.514295506088948,0.4804938219520687,-0.15392481280733292,0.47968645715141683,0.5299358237488653,0.07890327384891622,0.45867606064056665,0.5915758421668961,0.5927924721700607,0.5587516040241354,0.488775667795777,0.5549912897308598,0.46256197881506655,0.5509639350862922,1.0,0.5300952886414236,0.6162952439582425,0.5349750532444364,0.5814610263831368,0.41865756795577724,0.553131481750955,0.6660943222314035,0.34816127712744876,0.4280825077660012,0.4396289092755358,0.3239577353278028,0.3289315678895924,0.541353187313521,0.6345061654999423,0.5897011455530541,0.48256232431583795,0.6484032055144181,0.7108307182556287,0.3992366899381954,0.09930317542593384,0.2339953417975735,0.5230101669423922,0.6527840649590387,0.6423015703945091,0.5709960216677231,0.497438644835874,0.44597003032980326,0.35065769157182314,0.7057860781338962,0.5261663526459205,0.5117194736367529],[0.46715902123416286,0.6585556834373051,0.7457945672704533,0.1972004421316113,0.5506654982224279,0.8457026951329234,0.7406769822939357,0.6868050509750674,0.6660494515675226,0.6627940117238924,0.5189696180567422,0.7933962775398533,0.1961769539954808,0.7446857726960179,-0.25615834198943793,0.7423844742512132,0.7468679053238318,-0.08989122309797183,0.8216424118553781,0.6769811548176554,0.2153229353515515,0.6521307911275485,0.7246712544328605,0.7035568822933214,0.8046081098908556,0.5672350714936306,0.5948743311088965,0.7865990694492563,0.6653350978923346,0.5300952886414236,1.0,0.5278750289605028,0.745129058665297,0.8301953124932143,0.6892415453544669,0.7035384735528009,0.7380732633807262,0.7188444870914678,0.5715797510555009,0.5399060870501216,0.12936322546919934,0.6069188339043312,0.8203266249183527,0.7520663868459476,0.7015436420050349,0.7384983113711733,0.6416473700603634,0.47400189302481716,0.6305806339806207,0.4641747028064725,0.13265091737441115,0.7881694897289955,0.6526261815613088,0.5646025334302948,0.655556267021335,0.7445202815581358,0.6761481834279931,0.5350547591277294,0.7169765941304883,0.7132298654669611,0.5944002816775418],[0.6725385515644249,0.6039657047584259,0.5191649864111825,0.3726470971285382,0.5163177540814411,0.652495738980957,0.5928528706068369,0.7165883169053454,0.3273156797991493,0.6014968708400148,0.579056581021322,0.5436746625978233,0.10794574131941093,0.6900126478291911,0.14199643510526225,0.4828934711325038,0.4281273231628555,0.29798853087415267,0.5360700296809044,0.7153095255052117,0.488202534310765,0.6847213452189854,0.6845342568301539,0.5827025516239411,0.7212393048737381,0.46986854802531214,0.6645743120584081,0.4370740280098213,0.5410245048853349,0.6162952439582425,0.5278750289605028,1.0,0.6584656261174678,0.6646212639858126,0.6430964199744937,0.6647863532817464,0.6032336850041907,0.6259499996344984,0.7053972248323298,0.619588175040268,0.5207325808695508,0.3503681186352729,0.6041024067607343,0.6646829492399848,0.6726457851663069,0.5725430763559028,0.7949593871131069,0.5280513405495296,0.5105489833656702,0.486278457051277,0.4767014138104504,0.5465759581998846,0.7569599390355107,0.5520413074598003,0.6787883694637659,0.627032767893557,0.46616927863399776,0.5598879942874353,0.7100867347084747,0.490722404931413,0.7038265136007976],[0.634439450993972,0.6726307120880012,0.7877071861416713,0.4005941481360182,0.5884069085038753,0.8427974013186703,0.7773917703208105,0.8068622699458247,0.48672337575632063,0.6667651608625966,0.6564996713775793,0.8057118746835453,0.1521414588202958,0.7721213061568247,-0.11014455816686886,0.8257618708667832,0.7320882416236144,0.010526743937997997,0.7969296034479593,0.8306329195132638,0.2837826004721343,0.7504575740854829,0.7913804157663137,0.8423531860811266,0.9315809212400917,0.603159061662097,0.8062161924896823,0.7852653436620667,0.8198665328993875,0.5349750532444364,0.745129058665297,0.6584656261174678,1.0,0.7799703671281555,0.7756058759437013,0.7515275515044472,0.7803435652724813,0.6861488751152018,0.7652278941466433,0.7472960670177228,0.23538837379965447,0.5701321660802223,0.8241052257221034,0.9059690654279406,0.7750723081803689,0.7916803051429306,0.841621763096825,0.5166870708902117,0.6416910183086332,0.5146845686870898,0.3318044039196882,0.8642608519469333,0.7592170790941634,0.6676196869829324,0.754020896437639,0.6967251693399529,0.7714771659524355,0.6424944714547163,0.8365379991257097,0.7250101702503656,0.6310364983828761],[0.4459940422402