<!DOCTYPE html><html lang="en"><h5>fn_build_correlation_mx</h5><div><div>                        <script type="text/javascript">window.PlotlyConfig = {MathJaxConfig: 'local'};</script>
        <script charset="utf-8" src="https://cdn.plot.ly/plotly-2.27.0.min.js"></script>                <div id="8a1e9ae4-6536-4027-a7f9-a8f6f9cde81e" class="plotly-graph-div" style="height:100%; width:100%;"></div>            <script type="text/javascript">                                    window.PLOTLYENV=window.PLOTLYENV || {};                                    if (document.getElementById("8a1e9ae4-6536-4027-a7f9-a8f6f9cde81e")) {                    Plotly.newPlot(                        "8a1e9ae4-6536-4027-a7f9-a8f6f9cde81e",                        [{"colorscale":[[0.0,"rgb(103,0,31)"],[0.1,"rgb(178,24,43)"],[0.2,"rgb(214,96,77)"],[0.3,"rgb(244,165,130)"],[0.4,"rgb(253,219,199)"],[0.5,"rgb(247,247,247)"],[0.6,"rgb(209,229,240)"],[0.7,"rgb(146,197,222)"],[0.8,"rgb(67,147,195)"],[0.9,"rgb(33,102,172)"],[1.0,"rgb(5,48,97)"]],"texttemplate":"%{z:.1f}","x":["ADC","ABR","AGNC","AMT","APLE","ARE","ARI","AVB","BAM","BN","BXMT","BXP","CCI","CPT","CTRE","DEA","DEI","DLR","DOC","EPRT","EQIX","EQR","ESS","EXR","FRT","GHC","HASI","HPP","HR","HST","ILPT","IRM","KIM","LAMR","LTC","MAA","MPW","NHI","NNN","O","OHI","PCH","PEAK","PLD","PMT","PSA","REG","RHP","RITM","SBAC","SBRA","SPG","STAG","STWD","UDR","VICI","VNO","VRE","VTR","WY","EPR"],"y":["ADC","ABR","AGNC","AMT","APLE","ARE","ARI","AVB","BAM","BN","BXMT","BXP","CCI","CPT","CTRE","DEA","DEI","DLR","DOC","EPRT","EQIX","EQR","ESS","EXR","FRT","GHC","HASI","HPP","HR","HST","ILPT","IRM","KIM","LAMR","LTC","MAA","MPW","NHI","NNN","O","OHI","PCH","PEAK","PLD","PMT","PSA","REG","RHP","RITM","SBAC","SBRA","SPG","STAG","STWD","UDR","VICI","VNO","VRE","VTR","WY","EPR"],"z":[[1.0,0.47473234369102935,0.41979646955951133,0.5746647283903317,0.4505012746475308,0.6272969702617537,0.46480665953733724,0.5541295522422075,0.343835165976421,0.5890361038422848,0.38668767581712676,0.5688463508310316,0.4010915502793027,0.49801106828245123,0.13915224814561294,0.48163157282016716,0.45823256517715666,0.17683795930182752,0.5834529181294923,0.7333328252195016,0.339711213947699,0.5685058477305639,0.5077830526360908,0.49498108190408496,0.6827261029265113,0.5374258896315852,0.5020697528641078,0.5822496763840798,0.5576505302593026,0.32576041558537716,0.47175606406441345,0.6756694542778847,0.6344771855792256,0.4438068215370039,0.6276316033953304,0.5402629583714199,0.5040618966818691,0.6448820347721714,0.8221365478513504,0.7731289734477507,0.23622907781654662,0.40046715061261356,0.5835903456071203,0.5826354711632756,0.5491425772930666,0.5840680599453987,0.6585001537121458,0.28019954538664027,0.42888141154506376,0.6614520380753355,0.29006700131279284,0.4425409583688563,0.6354970602644647,0.40999320363809816,0.48352249296333544,0.6211275874812388,0.5387357452268313,0.5211733907577359,0.5153995071661059,0.4294827130082296,0.6979189335546359],[0.47473234369102935,1.0,0.5365506237040916,0.03548410073046364,0.667473593797635,0.6235951395192252,0.865067918858773,0.5704911084673512,0.4307795957823914,0.5907401753025985,0.7777425526082096,0.6571380353604324,0.05152130313883443,0.5568836842226205,-0.00638247954794097,0.6546258101647521,0.6281896736201574,0.07498400635162987,0.679978138522065,0.6403665723431132,0.35252006735348945,0.5383791091748417,0.6059321549874085,0.5760844743129832,0.7192558464536615,0.5917383615161391,0.6160079019479471,0.6520022163942046,0.5702039619634314,0.5840179711682002,0.6654368913654374,0.6074360643971782,0.6690607163099694,0.511510551458916,0.6061513019252028,0.5129486161294001,0.6699134507229827,0.6069676895873265,0.5380895616033071,0.42217748796535376,0.22972659281826172,0.39452643542847615,0.6949072231037758,0.5975507264997963,0.7905672193105642,0.689106114807617,0.6930187418077032,0.7075308460385045,0.7653510016937394,0.2591270605019712,0.4951403208161392,0.5523509436558873,0.6445333084109439,0.8768062153812571,0.5415701275307423,0.6728561633814842,0.5872059186639133,0.6256799152560527,0.6099051046750026,0.4773111703002958,0.6684187731167439],[0.41979646955951133,0.5365506237040916,1.0,0.3563653120274695,0.3871879094631277,0.8079210038890787,0.7797899737192819,0.7924457680362395,0.7283533257963114,0.7675958307361584,0.5992714427898673,0.7898668695969795,0.17617920927764322,0.7678931412244624,-0.1598261372354732,0.7577939793618678,0.7011745982668784,-0.019138654747454402,0.7688390322658893,0.6967452929406027,0.29618745023071535,0.7673743264082655,0.7911625895107557,0.870739661173541,0.7519506208477051,0.47273829140998835,0.7406736998553485,0.749854577928051,0.7664969939662147,0.5660428040346885,0.7461940445287673,0.5194520141242932,0.7905058187566549,0.7147794808992812,0.5073860838659509,0.7849010360897585,0.706117542980751,0.6481698639942629,0.6193848770051482,0.6323326269566936,0.15527834893969522,0.626993328999816,0.7448870202507902,0.7989916317265583,0.7633976317237058,0.756614755054024,0.5922437909280972,0.47278215120004224,0.6910946843968803,0.5321588630730498,0.24944022598967816,0.7220210535833169,0.6934764187392306,0.6555748278521547,0.7642224107302261,0.6259421239869646,0.7251824846030739,0.5943013941487847,0.8047424150071368,0.8210122299638187,0.4961926965433831],[0.5746647283903317,0.03548410073046364,0.3563653120274695,1.0,0.19542585141078184,0.48472556549478174,0.18815244434814438,0.37532701776421235,0.41831946924330266,0.49353004211558116,0.12632778492361088,0.4217009164619146,0.6029866127918333,0.3688361012865998,0.24716442027195734,0.36018631667466955,0.2856937097240559,0.29643048971923575,0.2964409969075846,0.3782581885056338,0.4570691920541466,0.37219533857748355,0.28104767992414575,0.41996518562553553,0.38822978464668306,0.15057346065893412,0.4252637293525586,0.3114784998152439,0.38104373204149833,-0.022250685165853847,0.1995355868085082,0.3742703069268267,0.4001889872862344,0.3438600989889539,0.39862407613091366,0.38848289111449447,0.34767921500548377,0.3506085063006858,0.4144733239505784,0.48358311112983043,0.19102391637365906,0.2032934530699247,0.3518058425845687,0.3591475344298942,0.3248169041875215,0.36454133853551174,0.3083435561943601,0.021997128919495415,0.27902893472012286,0.8829372894169227,0.31139063638630365,0.19996074052862883,0.31069917065808433,0.11220727158010056,0.3361118583808704,0.42190475544044925,0.33896111981834565,0.37502892857928205,0.3643552884065159,0.31784521703626506,0.2342543844675488],[0.4505012746475308,0.667473593797635,0.3871879094631277,0.19542585141078184,1.0,0.5239804256677117,0.6376278514343132,0.56261186987241,0.34977087865434064,0.4956305920465328,0.6419505172473409,0.5930562722744873,0.13768119803105128,0.541308164568881,0.006057956158725799,0.6663264784074436,0.6205622402717101,-0.11524096844928255,0.6447528235544047,0.5500622651138931,0.17705158147937447,0.5324262839302923,0.5078184497363012,0.44760671498072235,0.6502198081367851,0.7501007458366722,0.5179721895953773,0.5986556896768874,0.6424383611464032,0.6662125788556854,0.5505443042881731,0.5160783106666018,0.59032110309996,0.5813418206721206,0.680550686357508,0.5146910019721802,0.719598127305123,0.4545504155490755,0.5198277614269856,0.4091246929394324,0.4472378170419635,0.2898035758370379,0.7081927536993512,0.5749767618516728,0.49932626705117095,0.5405399272581919,0.6793402682627431,0.7905354161125384,0.5092008828784729,0.25531482284325374,0.5030611720293533,0.5170667033788551,0.6497815227964695,0.6338281932547113,0.5759968733258759,0.630636964259164,0.5629108465769865,0.4267448938122995,0.5927024983685113,0.3721427674264519,0.45549989754874726],[0.6272969702617537,0.6235951395192252,0.8079210038890787,0.48472556549478174,0.5239804256677117,1.0,0.690728361130519,0.8387494972185805,0.680520316749298,0.7483309152502919,0.5034474722111235,0.9329728392532226,0.21525919141972522,0.8392384869507464,-0.2543106289268051,0.8682371833795891,0.858873857499426,-0.14246669026514755,0.8713607989499502,0.7671760879977403,0.28941019864411455,0.8231684905839642,0.8600198327162635,0.8042647197071378,0.8468178405518463,0.5021430683076158,0.7620209518529534,0.8684097207050228,0.7899895528321387,0.4970746389792753,0.8480093225888499,0.6542642726475372,0.8444011324173569,0.7691613552141702,0.6972357098523657,0.8194511157908483,0.6967847825468585,0.735242284683071,0.696631619748763,0.6722869893688795,0.16549465041509911,0.5641997304461107,0.8825196882198048,0.8420209351733836,0.677685373530176,0.8015166857609506,0.7006470346134653,0.4674423123118375,0.6380408107297078,0.6852046291413337,0.22340306741131746,0.7902488957057071,0.6909985191963975,0.609931514973146,0.778848636329332,0.7330953501104879,0.867481124021311,0.5727334210312446,0.7519670645588634,0.7288110752684356,0.633711087267448],[0.46480665953733724,0.865067918858773,0.7797899737192819,0.18815244434814438,0.6376278514343132,0.690728361130519,1.0,0.6973415541593151,0.6307268966689429,0.7316378490837133,0.83063348749961,0.7168787207771208,0.07693747463510704,0.6548345821234508,0.08956030610913712,0.7296537112106941,0.6366522809327952,0.15241135993370372,0.7040530404026101,0.7512616410104275,0.38096319578983506,0.6333820716569182,0.7091595436784955,0.7454016862422969,0.7657341742102306,0.6512639791731012,0.7037351585325017,0.6725668820775734,0.6280673292582348,0.6877236978691895,0.7500780306800495,0.5991441573609678,0.7775053625306396,0.6936258717314757,0.6558474599723959,0.6393413088663231,0.7952908722916077,0.6999471181667447,0.5488733515567289,0.5673121745588092,0.3079170179806133,0.5776677934538608,0.7286153661518159,0.7471840007759282,0.9128831927693482,0.7511909811922152,0.7241715658871888,0.7438228614222073,0.8322264248123601,0.3479269613904299,0.4535277273802801,0.645189303697801,0.7605139013875761,0.8902427622834302,0.668052228553751,0.751474138110024,0.6131893767214421,0.6734958541724284,0.8070402350386878,0.6915380052171594,0.7017122147376686],[0.5541295522422075,0.5704911084673512,0.7924457680362395,0.37532701776421235,0.56261186987241,0.8387494972185805,0.6973415541593151,1.0,0.6038200133791454,0.7207966352561508,0.5853721752289415,0.7749517813148882,0.03242704860291058,0.9113817408218815,0.03007874389206728,0.7908099523920381,0.6655819960639263,-0.023067088553207583,0.8177741167849085,0.7526143103144197,0.3603098348239426,0.9427253567807443,0.9382402651343295,0.7543401758258925,0.7987766224429007,0.6068624297138616,0.6913175792030808,0.6998344393803068,0.8077878787132067,0.5536545466444563,0.6860102994245239,0.7159071976004482,0.8095866964492547,0.7924085432398011,0.6888506635330478,0.920478495682972,0.6888556607590439,0.7294099526642647,0.7225370298370676,0.6555895853865681,0.4940039508983932,0.6871202703445881,0.8297836672127983,0.8755474214304094,0.669175259376201,0.7054406971513625,0.7652474967513315,0.5822013632655818,0.6536856478930875,0.5083537392091526,0.44789819579739015,0.7703226995679113,0.7718715941993891,0.6391737190921368,0.9095543074909304,0.6917890354590761,0.7086572660384755,0.5893796752882269,0.8381754537123685,0.7822561561636171,0.7120379753240899],[0.343835165976421,0.4307795957823914,0.7283533257963114,0.41831946924330266,0.34977087865434064,0.680520316749298,0.6307268966689429,0.6038200133791454,1.0,0.799308925987441,0.4612434692264307,0.725141492229115,0.34889201567190337,0.6408718315778805,-0.031751384668666664,0.6288612156041161,0.6456473379173399,0.006314878244684731,0.6308145754449672,0.4571224902585745,0.269899523339165,0.5713462367302666,0.5869223518966645,0.602089854968624,0.45809497420004236,0.36827689227534266,0.5480942597842073,0.605283351436546,0.5704699926143794,0.3842326403839714,0.662147282146709,0.32123819632250994,0.470905261160761,0.6213285630828344,0.4450717893811705,0.663562591474376,0.586398870967557,0.5904074501628735,0.3035440164448989,0.36035156542750457,0.1291775845061772,0.5666446154147006,0.6603627937992094,0.6117463764390487,0.5510102809877342,0.5497652230076938,0.2933039928934842,0.3785158744927549,0.6783168053153279,0.5367409542692397,0.1506562413961557,0.4672103744272354,0.5176329302695382,0.537078749812581,0.5898199224310614,0.6409945205538694,0.576408191741642,0.4531348946469397,0.5443354482093897,0.7343158710460284,0.45564300039752476],[0.5890361038422848,0.5907401753025985,0.7675958307361584,0.49353004211558116,0.4956305920465328,0.7483309152502919,0.7316378490837133,0.7207966352561508,0.799308925987441,1.0,0.6122554406828947,0.7996065723659725,0.3611285723482162,0.7450168811968356,0.11626935544588815,0.6847333566357048,0.7082065602773372,0.1922748163421773,0.7013109406789834,0.6172450745195882,0.39489462187214286,0.7251940452981138,0.7201719177386101,0.7567248152968478,0.6631259775845034,0.5741625179922248,0.7545264945786033,0.6866289734568934,0.7922216498531407,0.5277617669906145,0.6630515867409613,0.6000818255830358,0.6636933909933236,0.7010007089989418,0.6547489002734431,0.7373434738197798,0.6939495119582804,0.751578574528853,0.5152117408817003,0.568548346214002,0.2716335131604979,0.6144623706021736,0.7479781782456434,0.7228688952135831,0.6946285214767176,0.7257288087550762,0.5936423005956414,0.551656342089401,0.6963996111706153,0.6364435911897351,0.4006274434786456,0.5687263063714825,0.7445657761019048,0.6213922797980057,0.7191729050337272,0.8346099733099871,0.6858129990102726,0.6223965486378045,0.6977301046722938,0.7501569726957745,0.6499712248941883],[0.38668767581712676,0.7777425526082096,0.5992714427898673,0.12632778492361088,0.6419505172473409,0.5034474722111235,0.83063348749961,0.5853721752289415,0.4612434692264307,0.6122554406828947,1.0,0.5552118205731302,0.18042746154174752,0.534387746342073,0.16894628377342594,0.5884869598509166,0.5577157398612701,0.27300875412829423,0.5417473830406089,0.6229907337027089,0.4004121438243874,0.5379674097483956,0.48814271283167365,0.5067561708411419,0.6365996763926143,0.5327224372579179,0.589657044946029,0.5545403960373393,0.63024429880143,0.6709648178169785,0.5267586395470448,0.5841123533529029,0.654699542608903,0.5626296999096825,0.5659491762488271,0.4938590788558412,0.8059260783420894,0.64675275739639,0.5186383822862412,0.39434263431100963,0.44547141731226847,0.43302459155393475,0.5977997821444535,0.5529473255707612,0.7908020500179559,0.509654870664268,0.6891717252166185,0.6554494719608186,0.657774718103766,0.20678152076713574,0.6188636433063751,0.46554298969017816,0.6042033023974752,0.9036930926311029,0.533044963043633,0.5885384584636455,0.5321005978846205,0.7376847704498597,0.6746730266439751,0.49467017451274725,0.6024926722293915],[0.5688463508310316,0.6571380353604324,0.7898668695969795,0.4217009164619146,0.5930562722744873,0.9329728392532226,0.7168787207771208,0.7749517813148882,0.725141492229115,0.7996065723659725,0.5552118205731302,1.0,0.280748853626609,0.760173938687069,-0.2603310951102969,0.896478157257654,0.9474702445202715,-0.1818394112849517,0.8839751699989294,0.7317585475585147,0.23994371353676697,0.7864257880103458,0.7994624584661816,0.7928106007072987,0.7806430223108198,0.5891708243518284,0.7572375527182694,0.9126344930387441,0.8388446330474827,0.48025019975386724,0.8000681755574461,0.5481305569459592,0.8059302080682543,0.7266113804568459,0.6897109443851681,0.7383581902771235,0.6910880152209208,0.726536323955875,0.6362238021818846,0.5931891840549952,0.1589008090376749,0.5417760749622255,0.8915167236360089,0.7885765599563812,0.639562380495663,0.816265291518802,0.6441252105925925,0.548094526685942,0.7035372743493845,0.585069379158033,0.24194227479448596,0.7705541557629337,0.6897930200107301,0.6647791351508999,0.742753351932003,0.7514431183578968,0.9435410883170696,0.5978441616278953,0.6590893751590435,0.6969248890603998,0.5623573056061426],[0.4010915502793027,0.05152130313883443,0.17617920927764322,0.6029866127918333,0.13768119803105128,0.21525919141972522,0.07693747463510704,0.03242704860291058,0.34889201567190337,0.3611285723482162,0.18042746154174752,0.280748853626609,1.0,0.11534353254091531,0.22927288062384613,0.10888849743021778,0.2837745142767873,0.41474098169350404,0.23082858104645249,0.11492016122949382,0.4229146772765301,0.14100279265536278,-0.05785944356173293,0.1091762534085606,0.22559055158229002,0.05642254229083507,0.20709026523809168,0.2653211928966565,0.29154374094305857,-0.1531035592070319,0.1966849020796168,0.1081182249925187,0.15231987771359293,0.22501019555337098,0.2633204528930528,0.14691103974509706,0.29794518502860423,0.3034982219899011,0.2856089602691578,0.18281684558195868,0.022454820186424407,-0.0938385768386996,0.24024386018334026,0.0652709858570155,0.21138633334749218,0.15323256075702837,0.12931368181479994,0.006725268383586521,0.261529213777025,0.5934644501681001,0.19464353166728968,0.024923189380356255,0.10205208075156603,0.07156689211507483,0.05367669740298556,0.3979772968455258,0.293874887407231,0.5115427044071232,0.10310987251206186,0.010165230450243106,0.019828180942031603],[0.49801106828245123,0.5568836842226205,0.7678931412244624,0.3688361012865998,0.541308164568881,0.8392384869507464,0.6548345821234508,0.9113817408218815,0.6408718315778805,0.7450168811968356,0.534387746342073,0.760173938687069,0.11534353254091531,1.0,-0.011722492507592275,0.7941243578944814,0.7142138387543725,-0.05764064258791905,0.8016232680770327,0.6897606481385411,0.35472554038871124,0.9090904380155563,0.925362403836631,0.7555232554371862,0.8178283405368093,0.5520609406841537,0.7009656398816396,0.7141332056838823,0.806520653404611,0.5646700219846892,0.7430446639470798,0.6844676028671826,0.758121211237213,0.8239967244506855,0.7288688649863487,0.9753541333652712,0.6586242552761205,0.6928186123601382,0.587440660075614,0.5374224744830413,0.32538389346773394,0.5523723481164525,0.815551231718409,0.825561209569514,0.6468866668039809,0.6270496174932683,0.7490496986550279,0.5625553959820168,0.6167631084293279,0.5280253099636708,0.3793803285733795,0.7483499813514011,0.7406767621585653,0.5770398983098042,0.9525547472488994,0.7169434519512782,0.7017117527273169,0.6102927813280099,0.7901598972495708,0.6977690588113901,0.6746649659133828],[0.13915224814561294,-0.00638247954794097,-0.1598261372354732,0.24716442027195734,0.006057956158725799,-0.2543106289268051,0.08956030610913712,0.03007874389206728,-0.031751384668666664,0.11626935544588815,0.16894628377342594,-0.2603310951102969,0.22927288062384613,-0.011722492507592275,1.0,-0.20191676417760526,-0.3290615759650581,0.7171891495404914,-0.1994722805496279,0.004370083527883983,0.4917909474562859,0.06784826023818567,-0.0870911998600624,-0.18704788413917184,-0.10152403373311854,0.14280038350666907,-0.07500387832209444,-0.2693718489607453,-0.14001414149377625,-0.1727776155819526,-0.26375460437512804,0.1384766544568167,-0.10706005646887123,0.032831570122121956,0.2388049449044538,0.023149780892165933,0.0595203378446108,0.24350909485243669,-0.033358186542323934,-0.04225148156286078,0.4932872118117318,0.022084211149434853,-0.12300205938547593,-0.1461526421007833,0.20371700416141944,-0.1424954094943281,0.049630183609860316,0.14081692442811458,0.15007036451615044,0.12951951012384694,0.5501136449838372,-0.28438790846084483,0.06308202471851435,0.07752336242967425,0.06605214723207921,0.19072785374636025,-0.3126515488482922,0.2929533161672474,0.09352922454557827,-0.10008461377886357,0.2626356455163351],[0.48163157282016716,0.6546258101647521,0.7577939793618678,0.36018631667466955,0.6663264784074436,0.8682371833795891,0.7296537112106941,0.7908099523920381,0.6288612156041161,0.6847333566357048,0.5884869598509166,0.896478157257654,0.10888849743021778,0.7941243578944814,-0.20191676417760526,1.0,0.8870191752260964,-0.2853677504322534,0.8129085227376341,0.7144958422770689,0.13823010035084898,0.7902425754224337,0.804292485729919,0.764165553435727,0.7915775791943638,0.5990379031904629,0.7689083788268667,0.900098656687585,0.8366950546363421,0.5162304777940172,0.7467003532617912,0.4856930479905422,0.8259175820189828,0.7251126274342742,0.7296679397092101,0.7737798387797188,0.7192612820788393,0.6853602665812872,0.5656777471979998,0.5996457453993745,0.1842456792869322,0.5544468570786573,0.8441941558222277,0.7859178923850724,0.6200526945199861,0.7346307993332319,0.6629684229354423,0.5502108997189006,0.6756565666023151,0.4699240848051726,0.3478247349595984,0.7981850174415773,0.7184574454722829,0.677832916079933,0.798594161652914,0.6186314235992899,0.8739539367094394,0.4935889630848402,0.6682690776527197,0.6973647091057471,0.5795325445376999],[0.45823256517715666,0.6281896736201574,0.7011745982668784,0.2856937097240559,0.6205622402717101,0.858873857499426,0.6366522809327952,0.6655819960639263,0.6456473379173399,0.7082065602773372,0.5577157398612701,0.9474702445202715,0.2837745142767873,0.7142138387543725,-0.3290615759650581,0.8870191752260964,1.0,-0.2961869633681623,0.8392718434420557,0.6089262985600483,0.08101091731995051,0.7130088658000218,0.6938449831383864,0.6873393233678043,0.724089199403214,0.5659697246564562,0.7041420285161668,0.9392883525076378,0.8456381166389382,0.48918915111550926,0.7692812100690499,0.4414240067140159,0.7340634610273566,0.692377509046386,0.6557775406570919,0.6833587298777166,0.6445352334048102,0.6576926734864613,0.5303350533995509,0.4233834072386368,0.054042498882738106,0.455596350318165,0.860043274744147,0.6785505016721858,0.5454660093137355,0.695080738452994,0.5950679669075568,0.5312520025442105,0.6175855330218822,0.4491833565072934,0.20807979849466798,0.7346858929641271,0.5798822827480121,0.622483262757393,0.6931964213291978,0.6698580678014161,0.9510590853577946,0.5754846449890995,0.5632880451599825,0.5863064512583775,0.4741770026322317],[0.17683795930182752,0.07498400635162987,-0.019138654747454402,0.29643048971923575,-0.11524096844928255,-0.14246669026514755,0.15241135993370372,-0.023067088553207583,0.006314878244684731,0.1922748163421773,0.27300875412829423,-0.1818394112849517,0.41474098169350404,-0.05764064258791905,0.7171891495404914,-0.2853677504322534,-0.2961869633681623,1.0,-0.13726522403195401,0.06465546581070575,0.6341215494658334,0.0033676384781587973,-0.12865983961054406,-0.05320898905319637,0.0388626661944216,-0.005267759967672049,0.0580095054870357,-0.27586900272363357,-0.12592320627299874,-0.15803415857786082,-0.09437697530878388,0.2944443415773754,0.009372414901049012,0.06679080592605637,0.1392844258380382,-0.06571057275068044,0.13804737356511124,0.24780002952776597,0.0814905489934055,0.07761826384369493,0.3035315101722071,-0.020251365104743457,-0.09190960855627685,-0.07979500074757898,0.3009033726143472,0.00991324945688384,0.13866406658085811,0.02082602803364248,0.16529815823026173,0.24561929063275229,0.3916944052198958,-0.24813085780779748,0.08472474255209471,0.10974864107591152,-0.04026966618974963,0.2531077290840708,-0.24477704448775772,0.41407909106746976,0.16502400469666242,-0.06562497436258534,0.18774242167532448],[0.5834529181294923,0.679978138522065,0.7688390322658893,0.2964409969075846,0.6447528235544047,0.8713607989499502,0.7040530404026101,0.8177741167849085,0.6308145754449672,0.7013109406789834,0.5417473830406089,0.8839751699989294,0.23082858104645249,0.8016232680770327,-0.1994722805496279,0.8129085227376341,0.8392718434420557,-0.13726522403195401,1.0,0.7268798715023688,0.2785246640409432,0.8196508173269936,0.8279840636167228,0.7324287504391087,0.8301811057377838,0.6900151766728734,0.609545007349666,0.8792397896676655,0.8336087279903995,0.480448025774521,0.8228683325275455,0.5366738152747005,0.7987549185264702,0.6990410029612129,0.6954094451099168,0.7983117027316459,0.7078019590335545,0.6949869097930124,0.7341857791075503,0.5832633568243162,0.16699484472384304,0.5813738260995683,0.9628845870127747,0.7998079718689277,0.6555226059522564,0.8236064672286652,0.6821609504994081,0.5763259856425496,0.6624827420696743,0.5117433252618666,0.27739982589983536,0.7705070726457324,0.6463066948402023,0.6486601241690374,0.7829448089249232,0.7571761943256118,0.8378889214133368,0.6305661051859528,0.7364690995443044,0.6865974531862133,0.5623797277242744],[0.7333328252195016,0.6403665723431132,0.6967452929406027,0.3782581885056338,0.5500622651138931,0.7671760879977403,0.7512616410104275,0.7526143103144197,0.4571224902585745,0.6172450745195882,0.6229907337027089,0.7317585475585147,0.11492016122949382,0.6897606481385411,0.004370083527883983,0.7144958422770689,0.6089262985600483,0.06465546581070575,0.7268798715023688,1.0,0.4538098157560279,0.7471606615097783,0.7457830832418199,0.7067473325679221,0.7986391736748388,0.6637374129687965,0.6697486508937733,0.687790473891266,0.647823828632159,0.5316657455044355,0.6795351631981622,0.7169046048775821,0.8316414717741243,0.6668788328124872,0.7663277754423851,0.6718367564214154,0.7216702110560809,0.742339034688284,0.8061984379232024,0.8071459409698024,0.36055137326832637,0.508255881630889,0.730793977801319,0.7828927991526522,0.7863458735667858,0.6856860946039912,0.7381917344897756,0.5457623964787538,0.6726086856890918,0.4778825732900243,0.38791483992457904,0.6806979332837432,0.7538327623865665,0.6953334199784862,0.6929069395856192,0.6378881608285144,0.66462493862168,0.606097309816525,0.7207255631896738,0.5841292692942087,0.6623494433384044],[0.339711213947699,0.35252006735348945,0.29618745023071535,0.4570691920541466,0.17705158147937447,0.28941019864411455,0.38096319578983506,0.3603098348239426,0.269899523339165,0.39489462187214286,0.4004121438243874,0.23994371353676697,0.4229146772765301,0.35472554038871124,0.4917909474562859,0.13823010035084898,0.08101091731995051,0.6341215494658334,0.2785246640409432,0.4538098157560279,1.0,0.38130163586732296,0.2941271109536838,0.26362827045707,0.32356285583544814,0.18107165099119185,0.25289360027675134,0.11725502606230467,0.19577288969601905,0.07486719888016226,0.21206200973118544,0.48549339354310234,0.2833336527153027,0.3037271383272439,0.39892193442628365,0.3148120712275715,0.41635068568225386,0.39964979128898664,0.4462814625744472,0.2999829647587103,0.38921572284251954,-0.01204685825038239,0.2857603506101209,0.2300411785634324,0.5321909011306901,0.22149742651718163,0.31269701778032033,0.3248940404947598,0.530066789931876,0.4899994307462663,0.47327876725964096,0.04628243127193273,0.308640008396628,0.47559631723831813,0.33412772382397826,0.5241444642205498,0.16690606974185537,0.5971289690914751,0.39573550390659035,0.1122801680407393,0.2560773923626351],[0.5685058477305639,0.5383791091748417,0.7673743264082655,0.37219533857748355,0.5324262839302923,0.8231684905839642,0.6333820716569182,0.9427253567807443,0.5713462367302666,0.7251940452981138,0.5379674097483956,0.7864257880103458,0.14100279265536278,0.9090904380155563,0.06784826023818567,0.7902425754224337,0.7130088658000218,0.0033676384781587973,0.8196508173269936,0.7471606615097783,0.38130163586732296,1.0,0.9089889905344873,0.7052726613045027,0.7774540740078638,0.6359882762203038,0.7095442502371103,0.7412167460410766,0.8127244378411999,0.45278671379892754,0.6499417259657349,0.682226545417907,0.750363118898693,0.7476654739167582,0.7137871412991809,0.9130872785842943,0.6220041163705273,0.7793799158479628,0.7010063192800886,0.611504513752494,0.42472577461200656,0.5773683001516213,0.8154891454044335,0.7740732694722673,0.616025743924235,0.6665881142623477,0.7314051599597099,0.5830384745983768,0.6495023859262279,0.5414028634280216,0.48014949254934286,0.6769086121127675,0.7659890818586659,0.6015151253100046,0.9362254648706431,0.6727869050720419,0.7671400344598686,0.6300525856770273,0.7488399354948757,0.6541179826539611,0.6860731144781278],[0.5077830526360908,0.6059321549874085,0.7911625895107557,0.28104767992414575,0.5078184497363012,0.8600198327162635,0.7091595436784955,0.9382402651343295,0.5869223518966645,0.7201719177386101,0.48814271283167365,0.7994624584661816,-0.05785944356173293,0.925362403836631,-0.0870911998600624,0.804292485729919,0.6938449831383864,-0.12865983961054406,0.8279840636167228,0.7457830832418199,0.2941271109536838,0.9089889905344873,1.0,0.8239810397261992,0.7996896222758682,0.5698561687544514,0.7254009043438002,0.7113097632798716,0.7663920615674822,0.5890769202110948,0.7237423581643878,0.6836334015616853,0.79433710855431,0.7668719784440385,0.6892688408128776,0.9147283549869233,0.6321294894573075,0.6868675282824611,0.6249480310757171,0.6563536424614876,0.33571202248110854,0.5945504361441465,0.8276539814623856,0.8888852078283255,0.6591854869471974,0.7644922446530222,0.7471160957952524,0.6161465543997162,0.6280606402828477,0.4734775570050068,0.31863526933150454,0.7978168765237479,0.7827645662419401,0.6038174456650247,0.9206774149860275,0.6938728050674147,0.7300092380049862,0.5194041748674444,0.8229375457793309,0.7533767169417716,0.7071782968101452],[0.49498108190408496,0.5760844743129832,0.870739661173541,0.41996518562553553,0.44760671498072235,0.8042647197071378,0.7454016862422969,0.7543401758258925,0.602089854968624,0.7567248152968478,0.5067561708411419,0.7928106007072987,0.1091762534085606,0.7555232554371862,-0.18704788413917184,0.764165553435727,0.6873393233678043,-0.05320898905319637,0.7324287504391087,0.7067473325679221,0.26362827045707,0.7052726613045027,0.8239810397261992,1.0,0.7956304286105482,0.4632885233940437,0.7962553361351996,0.7245979406759961,0.7796223443570185,0.5854505073881473,0.7025953396590462,0.5804393192927696,0.8396725436156947,0.7139689609450338,0.5935534284146121,0.7338370678390749,0.679300574706503,0.5449061429058044,0.605612941327607,0.7132552404004748,0.14123075260687779,0.5357843696564262,0.7366332129555028,0.8529247582452355,0.7466790495372201,0.8493316220450157,0.6746570659174315,0.48420195210488276,0.6100697609543916,0.5646724145671048,0.2075956707749161,0.7574673807030703,0.718123564971533,0.582450959391632,0.7757364714648107,0.6503069142111464,0.7094875146671406,0.5648428037085313,0.8193130441522143,0.7521522205125131,0.5218822228747578],[0.6827261029265113,0.7192558464536615,0.7519506208477051,0.38822978464668306,0.6502198081367851,0.8468178405518463,0.7657341742102306,0.7987766224429007,0.45809497420004236,0.6631259775845034,0.6365996763926143,0.7806430223108198,0.22559055158229002,0.8178283405368093,-0.10152403373311854,0.7915775791943638,0.724089199403214,0.0388626661944216,0.8301811057377838,0.7986391736748388,0.32356285583544814,0.7774540740078638,0.7996896222758682,0.7956304286105482,1.0,0.621678777236762,0.733813272749769,0.7848795908809265,0.7972385810245051,0.5631423438991702,0.8042734126067491,0.7214743885205388,0.9344508430019658,0.7549768528449919,0.7527264524317401,0.7929116666040421,0.750938894330606,0.6758545294654343,0.7774762116052187,0.7039407050860664,0.20617833741672636,0.5016842727203727,0.8132305250627766,0.8478563463999371,0.770883320494366,0.767870019416693,0.9106997317390749,0.5445583656984162,0.6300758126724144,0.5399980641108859,0.34729138288735856,0.792249230637035,0.8046646576357768,0.6569706887316612,0.7919405250800224,0.7301837494431718,0.7526656599210796,0.705580024300273,0.8043586248743753,0.6154229198165214,0.6883962425735507],[0.5374258896315852,0.5917383615161391,0.47273829140998835,0.15057346065893412,0.7501007458366722,0.5021430683076158,0.6512639791731012,0.6068624297138616,0.36827689227534266,0.5741625179922248,0.5327224372579179,0.5891708243518284,0.05642254229083507,0.5520609406841537,0.14280038350666907,0.5990379031904629,0.5659697246564562,-0.005267759967672049,0.6900151766728734,0.6637374129687965,0.18107165099119185,0.6359882762203038,0.5698561687544514,0.4632885233940437,0.621678777236762,1.0,0.45585350827179405,0.626459774382766,0.6288098759350627,0.48792932166499287,0.5719690314922699,0.4716484580438206,0.6025530366299218,0.6023507405439266,0.7179999904724419,0.5383454004437136,0.5954821877314008,0.6260779593576928,0.5884327848529367,0.4185150245191097,0.31334870500659506,0.6063333115342834,0.718758665086123,0.5582069125109751,0.5468616980924845,0.5674145227664842,0.6680250833777134,0.6854610425855526,0.6111901063678279,0.23209042288848525,0.46620292498040217,0.5211976346675455,0.7089328318546824,0.5603635154387072,0.6177390056961481,0.6355595431276735,0.563562001106649,0.4804199217723188,0.5655286976726255,0.5188750915222504,0.6011384793514444],[0.5020697528641078,0.6160079019479471,0.7406736998553485,0.4252637293525586,0.5179721895953773,0.7620209518529534,0.7037351585325017,0.6913175792030808,0.5480942597842073,0.7545264945786033,0.589657044946029,0.7572375527182694,0.20709026523809168,0.7009656398816396,-0.07500387832209444,0.7689083788268667,0.7041420285161668,0.0580095054870357,0.609545007349666,0.6697486508937733,0.25289360027675134,0.7095442502371103,0.7254009043438002,0.7962553361351996,0.733813272749769,0.45585350827179405,1.0,0.6467385983675004,0.7604895081597497,0.5486413585722438,0.5990597714003788,0.6656127467919514,0.8001283780632292,0.7217207799049499,0.6809788103198423,0.7018202958443288,0.6444463469055559,0.6376722150432177,0.5196781169750989,0.6689983443640831,0.2392864960169322,0.4024323085113305,0.7028049840280307,0.8053066719130693,0.6505143392545445,0.7014562721588679,0.6825598290336687,0.6073079154389688,0.6750035195727797,0.5508008872453746,0.43569363908611175,0.7018960449528963,0.7714132450561895,0.5792648426785498,0.7027103726746473,0.655293251077686,0.7188561765774941,0.4737047784583293,0.7309735693822839,0.6572914849033084,0.5353072275557798],[0.5822496763840798,0.6520022163942046,0.749854577928051,0.3114784998152439,0.5986556896768874,0.8684097207050228,0.6725668820775734,0.6998344393803068,0.605283351436546,0.6866289734568934,0.5545403960373393,0.9126344930387441,0.2653211928966565,0.7141332056838823,-0.2693718489607453,0.900098656687585,0.9392883525076378,-0.27586900272363357,0.8792397896676655,0.687790473891266,0.11725502606230467,0.7412167460410766,0.7113097632798716,0.7245979406759961,0.7848795908809265,0.626459774382766,0.6467385983675004,1.0,0.8497174763125214,0.46677311876762745,0.7922730009579199,0.4411249285386632,0.7858233882083354,0.6594151543561191,0.6670025361036528,0.6960892188603849,0.6837185814872067,0.6946771756358018,0.6688894306748763,0.54381044002021,0.01876929910749816,0.5450976349125544,0.8661236650926731,0.6886462763639658,0.634020612926217,0.7586351467798291,0.6281982694812271,0.448579859815205,0.6157319197640223,0.4962204615199215,0.20572757918802007,0.7355203056700638,0.6095745473138026,0.6531719706157851,0.7044307373312794,0.6430351520094018,0.9292843300320105,0.6122034690437177,0.6030466346848191,0.6277495690864539,0.5631046352861263],[0.5576505302593026,0.5702039619634314,0.7664969939662147,0.38104373204149833,0.6424383611464032,0.7899895528321387,0.6280673292582348,0.8077878787132067,0.5704699926143794,0.7922216498531407,0.63024429880143,0.8388446330474827,0.29154374094305857,0.806520653404611,-0.14001414149377625,0.8366950546363421,0.8456381166389382,-0.12592320627299874,0.8336087279903995,0.647823828632159,0.19577288969601905,0.8127244378411999,0.7663920615674822,0.7796223443570185,0.7972385810245051,0.6288098759350627,0.7604895081597497,0.8497174763125214,1.0,0.551015899633932,0.6651991718159747,0.5410050917648974,0.8228554331609493,0.7299703700554261,0.696797973466495,0.7985781404245716,0.7358833467101136,0.6597334341954607,0.6872441343443516,0.5952517496636442,0.23910878194707982,0.5819536446725283,0.8586950066686049,0.8023654467506325,0.5973511978818972,0.7118735046314449,0.7170086153218402,0.5391841354168666,0.5939865843490544,0.49587105711932017,0.40845841881284384,0.7720662549756996,0.6985084199047539,0.6009170757763488,0.7961514312656877,0.6893945357278621,0.8485714249881551,0.6309616608925531,0.7196547970284669,0.7037178697254671,0.5241413473555455],[0.32576041558537716,0.5840179711682002,0.5660428040346885,-0.022250685165853847,0.6662125788556854,0.4970746389792753,0.6877236978691895,0.5536545466444563,0.3842326403839714,0.5277617669906145,0.6709648178169785,0.48025019975386724,-0.1531035592070319,0.5646700219846892,-0.1727776155819526,0.5162304777940172,0.48918915111550926,-0.15803415857786082,0.480448025774521,0.5316657455044355,0.07486719888016226,0.45278671379892754,0.5890769202110948,0.5854505073881473,0.5631423438991702,0.48792932166499287,0.5486413585722438,0.46677311876762745,0.551015899633932,1.0,0.5298335031858723,0.6166088310605461,0.5406832982228045,0.5737438426036365,0.4135992897878408,0.5441720440860072,0.6613554668844246,0.34528094092228845,0.4333343181927303,0.441864110518374,0.30706726305030835,0.3282541441239231,0.5402704658414617,0.6345635858724143,0.591105771763351,0.4762986180006922,0.652513602355729,0.7131979874192272,0.4064931574942638,0.086163642620036,0.22511254525787483,0.5260972568045524,0.6539391159864189,0.6453898549368733,0.5624362596309148,0.49959327433606787,0.4596399371991678,0.35629001116122766,0.7020870540946827,0.516676314694566,0.5076387469123503],[0.47175606406441345,0.6654368913654374,0.7461940445287673,0.1995355868085082,0.5505443042881731,0.8480093225888499,0.7500780306800495,0.6860102994245239,0.662147282146709,0.6630515867409613,0.5267586395470448,0.8000681755574461,0.1966849020796168,0.7430446639470798,-0.26375460437512804,0.7467003532617912,0.7692812100690499,-0.09437697530878388,0.8228683325275455,0.6795351631981622,0.21206200973118544,0.6499417259657349,0.7237423581643878,0.7025953396590462,0.8042734126067491,0.5719690314922699,0.5990597714003788,0.7922730009579199,0.6651991718159747,0.5298335031858723,1.0,0.5269601898591016,0.7511733144855569,0.8325731289711786,0.6863042351158121,0.7058289184716556,0.7410398398429029,0.7164495266923999,0.5735440282965013,0.5388568259415983,0.11639988213266192,0.6063942208070622,0.8237806820351598,0.7537574254818444,0.7051031980567483,0.735536939171344,0.6450112318065421,0.47590197239520365,0.6439641972318308,0.45968037786657334,0.12590170207301615,0.794635587939042,0.6510992002755281,0.5726358776444969,0.6527733568192069,0.7436450760324265,0.6991349604178179,0.5490352601643798,0.7177586231448402,0.7140074061234591,0.5917253196095303],[0.6756694542778847,0.6074360643971782,0.5194520141242932,0.3742703069268267,0.5160783106666018,0.6542642726475372,0.5991441573609678,0.7159071976004482,0.32123819632250994,0.6000818255830358,0.5841123533529029,0.5481305569459592,0.1081182249925187,0.6844676028671826,0.1384766544568167,0.4856930479905422,0.4414240067140159,0.2944443415773754,0.5366738152747005,0.7169046048775821,0.48549339354310234,0.682226545417907,0.6836334015616853,0.5804393192927696,0.7214743885205388,0.4716484580438206,0.6656127467919514,0.4411249285386632,0.5410050917648974,0.6166088310605461,0.5269601898591016,1.0,0.6628913687567681,0.663921050415236,0.6405776082406527,0.6637999972410656,0.6038755448229928,0.6243385525411951,0.7068364907286809,0.6195683322324367,0.5109205601381771,0.3496101843922592,0.6055839702256925,0.6656349104455138,0.6748980482655422,0.5693305021106915,0.7970382384755265,0.5299672389796999,0.5198568496824072,0.4790959795333948,0.4714996802576048,0.5507763348822731,0.7569196831009033,0.5576757002706525,0.6753560048101016,0.6269419302182012,0.4819888217002656,0.5699749938401364,0.7098787069088534,0.4888075361567693,0.7020868184626972],[0.6344771855792256,0.6690607163099694,0.7905058187566549,0.4001889872862344,0.59032110309996,0.8444011324173569,0.7775053625306396,0.8095866964492547,0.470905261160761,0.6636933909933236,0.654699542608903,0.8059302080682543,0.15231987771359293,0.758121211237213,-0.10706005646887123,0.8259175820189828,0.7340634610273566,0.009372414901049012,0.7987549185264702,0.8316414717741243,0.2833336527153027,0.750363118898693,0.79433710855431,0.8396725436156947,0.9344508430019658,0.6025530366299218,0.8001283780632292,0.7858233882083354,0.8228554331609493,0.5406832982228045,0.7511733144855569,0.6628913687567681,1.0,0.7741395016073138,0.779085911557792,0.7440999020951022,0.7774701997804085,0.6930088629964085,0.7675794856507768,0.7521798019043187,0.2326767205205668,0.5723218723108326,0.8232088747311266,0.9070958284495686,0.7757611427213947,0.7942679220899858,0.8428871914115328,0.5205176260026925,0.6424250695902389,0.5027358633198303,0.33060254819888907,0.8641369791113079,0.7659607512678894,0.6677300676448523,0.752154710226836,0.7025308438702809,0.7763227824298674,0.6422217228685284,0.8364777140156957,0.7178987763128122,0.6342106632832805],[0.4438068215370039,0.511510551