<!DOCTYPE html><html lang="en"><h5>fn_build_correlation_mx</h5><div><div>                        <script type="text/javascript">window.PlotlyConfig = {MathJaxConfig: 'local'};</script>
        <script charset="utf-8" src="https://cdn.plot.ly/plotly-2.27.0.min.js"></script>                <div id="216f90a4-8e38-463a-b788-6469eed2fe48" class="plotly-graph-div" style="height:100%; width:100%;"></div>            <script type="text/javascript">                                    window.PLOTLYENV=window.PLOTLYENV || {};                                    if (document.getElementById("216f90a4-8e38-463a-b788-6469eed2fe48")) {                    Plotly.newPlot(                        "216f90a4-8e38-463a-b788-6469eed2fe48",                        [{"colorscale":[[0.0,"rgb(103,0,31)"],[0.1,"rgb(178,24,43)"],[0.2,"rgb(214,96,77)"],[0.3,"rgb(244,165,130)"],[0.4,"rgb(253,219,199)"],[0.5,"rgb(247,247,247)"],[0.6,"rgb(209,229,240)"],[0.7,"rgb(146,197,222)"],[0.8,"rgb(67,147,195)"],[0.9,"rgb(33,102,172)"],[1.0,"rgb(5,48,97)"]],"texttemplate":"%{z:.1f}","x":["ADC","ABR","AGNC","AMT","APLE","ARE","ARI","AVB","BAM","BN","BXMT","BXP","CCI","CPT","CTRE","DEA","DEI","DLR","DOC","EPRT","EQIX","EQR","ESS","EXR","FRT","GHC","HASI","HPP","HR","HST","ILPT","IRM","KIM","LAMR","LTC","MAA","MPW","NHI","NNN","O","OHI","PCH","PEAK","PLD","PMT","PSA","REG","RHP","RITM","SBAC","SBRA","SPG","STAG","STWD","UDR","VICI","VNO","VRE","VTR","WY","EPR"],"y":["ADC","ABR","AGNC","AMT","APLE","ARE","ARI","AVB","BAM","BN","BXMT","BXP","CCI","CPT","CTRE","DEA","DEI","DLR","DOC","EPRT","EQIX","EQR","ESS","EXR","FRT","GHC","HASI","HPP","HR","HST","ILPT","IRM","KIM","LAMR","LTC","MAA","MPW","NHI","NNN","O","OHI","PCH","PEAK","PLD","PMT","PSA","REG","RHP","RITM","SBAC","SBRA","SPG","STAG","STWD","UDR","VICI","VNO","VRE","VTR","WY","EPR"],"z":[[1.0,0.4737108252989907,0.4189702469068746,0.5748691549856845,0.45127774412826605,0.6264881988971108,0.46369851126540895,0.5544630780713851,0.3457730503797201,0.5870358950008094,0.38595859796999255,0.5679813414579903,0.4002990549521856,0.5025917703275502,0.1409263976548026,0.4810514323638137,0.45681207499249016,0.17747627512008557,0.5834281022679086,0.7329985003229305,0.3405024343959996,0.5687713870480428,0.5082266412431016,0.49637654751142635,0.6819201497499002,0.533290071933982,0.5025823216762481,0.5813581967025994,0.5577365915743447,0.32412930920684446,0.47275179473508294,0.6743740888128179,0.6330445872696667,0.44346651053896174,0.6265142139074789,0.5416641375492919,0.5050510253205182,0.6448990969747386,0.8212403392902944,0.772978438262697,0.24069750105141208,0.40059896697242653,0.5836654707176508,0.5824677682563281,0.5483041404846173,0.5854842891931166,0.657613711896173,0.27796539455078084,0.4274477594057378,0.6633948664521565,0.29320754219420253,0.4414269504250878,0.6348793940826818,0.4088968188103049,0.4856891923379659,0.6203667715233263,0.5369258650248665,0.5201225668162766,0.5154055585343449,0.43006330965938105,0.6988936758472581],[0.4737108252989907,1.0,0.5361375852542654,0.03473933156304158,0.66718819873338,0.6211493884897255,0.8635941482584835,0.5707808793397545,0.43394966051184675,0.5906177776557543,0.776887867289461,0.655877557261992,0.0514452688355618,0.5607656868591091,-0.0051787363871654505,0.6531105340916133,0.6252728971146926,0.076652694273595,0.6792161791264153,0.6392440280376552,0.3538471243922651,0.5394994507391664,0.6064018898436806,0.5774518671826636,0.7172013459652093,0.5908291578181951,0.616492389188124,0.6511874917215843,0.5697517374754292,0.5812253100633353,0.6657830080116742,0.6071831678962265,0.6657591080057804,0.5120728720406251,0.6067797617209499,0.5141423564601989,0.669872473562439,0.6081085307824572,0.5355807335987111,0.4215884840575527,0.2355937764534698,0.3946416412444889,0.6942562828273272,0.5965094138854279,0.7900346952669437,0.6911385770511965,0.6911377338585472,0.707559693600145,0.7624899735018895,0.26217538412489233,0.49872256436858353,0.5511721988973276,0.6443515570786325,0.8753352962481133,0.5437709355189237,0.6725878981184834,0.5836656125094855,0.6233185042986402,0.6100032334966388,0.47851312606313856,0.6696774258167125],[0.4189702469068746,0.5361375852542654,1.0,0.355996155429014,0.38726388744717843,0.806216372818713,0.7788610905594582,0.792817012092498,0.7307942268595388,0.7664893921509931,0.5986350032930585,0.7893117293955129,0.17584937414138016,0.7723735093585039,-0.15885060449811683,0.7568780733156976,0.6992181906531318,-0.018022927855840035,0.7684825668389925,0.6960823939902665,0.2971539157696157,0.7679758957802029,0.7916702671283343,0.8721857311211517,0.7506386501594936,0.47109162926874487,0.741196204135005,0.7496066919178153,0.7663798632584008,0.5641371183161776,0.7468044329568024,0.5188528783529006,0.7881933307888697,0.7149033055143891,0.5073931894603669,0.7861989962311919,0.7064539300298062,0.6487020634934688,0.6176785517443669,0.6320233999933917,0.15975729322723786,0.6272049484920724,0.7446085703926858,0.798449576967878,0.7630779586038968,0.7582259469731171,0.5909208115427598,0.47209992033087644,0.6891465217294113,0.5344097032281158,0.2521548935995582,0.7215093894991194,0.6932516804374099,0.6544969923128353,0.7664448298489464,0.6255914140024715,0.7230970052302513,0.5927049532299695,0.8049202503976057,0.8218801632718088,0.4971405337105337],[0.5748691549856845,0.03473933156304158,0.355996155429014,1.0,0.19593037209259478,0.4850920881393583,0.18857061070903983,0.3750789827169866,0.4173272976287152,0.4909331569838635,0.12641788916769142,0.42217926809796097,0.6020657476847021,0.37029943971339374,0.2476306244016508,0.36053591146744324,0.28640517219787426,0.29550949976999424,0.2966464978072889,0.3784805634812857,0.4564581541535874,0.3711175766723167,0.2808103123737306,0.41991129987661435,0.38874721463090584,0.1481660189091345,0.4250465583224625,0.3117186419833545,0.38111857929858445,-0.02158442800530169,0.19985143704649613,0.37321727355696666,0.40080932732282737,0.34276440919272644,0.3962972234056132,0.3884922995663506,0.3481237927417036,0.34921497145891467,0.4149682333893183,0.4834625529251168,0.1907036877954328,0.20311291406180057,0.35198963141669354,0.3593973081773856,0.3248131138440954,0.36388435116555345,0.30900079272470043,0.021171514016171164,0.279737464410875,0.8816200159096852,0.31192587541431344,0.20006882404795986,0.31012024021913753,0.11256530566510412,0.33620416358962135,0.4214039613837928,0.34023216215265156,0.3755838735159611,0.36403490978972464,0.31712944082491246,0.23377517638921277],[0.45127774412826605,0.66718819873338,0.38726388744717843,0.19593037209259478,1.0,0.524916767121853,0.6392730117187987,0.5622707832390512,0.3477259371770062,0.4931038977820138,0.6426765991532887,0.5946095935478924,0.13715367919248786,0.5420029004006999,0.005794267041062714,0.6671289385071532,0.62222282816308,-0.11633898131309699,0.6451194073359031,0.5508585359963772,0.17612771053835088,0.5308347149919862,0.5074094697776325,0.44709596906241267,0.651525546479179,0.7470214327963297,0.5176025074352817,0.6003910107375604,0.6426263826905468,0.6681694476650947,0.5505878905070138,0.5155755560865317,0.5917642634123629,0.5799268433224288,0.6771711382518951,0.5142796636752988,0.7197282079669571,0.45259280444745964,0.521004808077775,0.40936747238258264,0.4456204503199524,0.289622949604341,0.7084726440097977,0.5755002632746498,0.5001992227659687,0.5391461173099564,0.681454627121997,0.7930120341533764,0.5108814388638603,0.2532900306880745,0.5027894494401699,0.5183964564290627,0.6495536665084831,0.6352607919455381,0.5754681797542691,0.630655261649381,0.5660734163623966,0.42812922681338755,0.5923970754209237,0.37101952929807747,0.45454477823525585],[0.6264881988971108,0.6211493884897255,0.806216372818713,0.4850920881393583,0.524916767121853,1.0,0.6907962759060746,0.8377029617328156,0.6786642829920846,0.7425074212215375,0.5030005702725061,0.9328105098565055,0.2131409312616672,0.8430252544474198,-0.25303471566317326,0.8681624883123854,0.8592748533395438,-0.14358473312243256,0.8711013483467188,0.7668187290338255,0.2883871585986699,0.8204248735812983,0.8589815103778982,0.8039959533480737,0.8469605993447415,0.4938836557735543,0.7611984903459855,0.8679282587142191,0.7895931216226225,0.49769014073147383,0.8483474315482025,0.6509073366365501,0.8447550257806836,0.766196236228227,0.6921160864452448,0.8193002372191187,0.6976097438670377,0.7319113873645269,0.6970357728572937,0.6712683787373559,0.1653192973476728,0.5634025681314038,0.8822712053758749,0.8418729209026191,0.6766341169966718,0.7999886143626971,0.7009517405666917,0.4654334421603922,0.6386053845550411,0.6831665776873949,0.22453834591354424,0.7897396947424244,0.6889230120092134,0.6099574760221762,0.7791340659636657,0.7310200695518683,0.8688817259749284,0.5731634341498727,0.7507205473122722,0.7269602758388969,0.6324509776101546],[0.46369851126540895,0.8635941482584835,0.7788610905594582,0.18857061070903983,0.6392730117187987,0.6907962759060746,1.0,0.6976838599947675,0.6322299431685793,0.7277614093265496,0.8304674644522897,0.7162030651607952,0.07505103526730764,0.660988458952896,0.09180903562670636,0.7296987943845222,0.6360586373689964,0.15239091779662978,0.7044477018714075,0.751078411157786,0.3814265667242197,0.6329592452893613,0.7096641310125612,0.747173505897707,0.7654875179612509,0.6425624501803183,0.7043689585325787,0.6713922203476683,0.6284037132499755,0.6871091498477092,0.7518318460376017,0.596448701988111,0.7770062018903141,0.6925033414058219,0.6532789771565363,0.6410174649753758,0.797242418592034,0.6990544461123955,0.5486152861093289,0.5667082316815935,0.3122409609443781,0.5778385369146125,0.7291407986198443,0.7475295540069621,0.9123094298425952,0.7523547373777193,0.7236068004873666,0.742105700515223,0.8318161203861348,0.3490474610731661,0.45746378591041736,0.6442185160983862,0.7593433679640715,0.8900817092803223,0.6706715654574307,0.7501346133898771,0.6121677968505738,0.6731457241124053,0.8070633656330197,0.6917855903332162,0.702410446403461],[0.5544630780713851,0.5707808793397545,0.792817012092498,0.3750789827169866,0.5622707832390512,0.8377029617328156,0.6976838599947675,1.0,0.6041502951732651,0.7198536182354096,0.5854785079193475,0.7757164685591504,0.03259791341973538,0.9137132868510867,0.03011018354014154,0.7905218528439195,0.665125576675178,-0.0227441301380875,0.8175608305365645,0.7526951616150837,0.3604499544854809,0.9423488237116642,0.9382507201967869,0.7545950390849343,0.7985796303287136,0.6062858231398015,0.6913447663611147,0.7010775075291585,0.8076798346793562,0.5534785704248302,0.6859230956832759,0.7163248383103702,0.8086115706985085,0.7921306346101931,0.687816588671602,0.9207359472106844,0.6885617924442039,0.728964745573091,0.7218203297408264,0.6557493688282664,0.49595382137205357,0.6871323581186676,0.8295613874428618,0.8752651645812244,0.6698290045285917,0.7056210673150279,0.7658558920905569,0.5839703231248683,0.6532319860748221,0.5086343229608581,0.448879181945332,0.7711978351458593,0.7721357939481803,0.6393293347118096,0.9102700146751519,0.6921924953903195,0.7090989243822575,0.5890041712425295,0.8382067964596019,0.7821995954673064,0.7121089157414597],[0.3457730503797201,0.43394966051184675,0.7307942268595388,0.4173272976287152,0.3477259371770062,0.6786642829920846,0.6322299431685793,0.6041502951732651,1.0,0.8024513376712131,0.46229424664947294,0.7276751760519194,0.3514254597548786,0.6383494902245058,-0.033972299181910255,0.6285682651703166,0.6453477851370498,0.007393693137141564,0.6304081033966072,0.45786753623117177,0.2702953208220268,0.5724023756706679,0.587134044866079,0.6014603547822275,0.45819799614213674,0.3721324628789814,0.5481586968663561,0.609311633278479,0.570329301110534,0.38462863052710994,0.6606469032650087,0.32564128889899036,0.46977712355264045,0.6230354259184713,0.44744210843831034,0.6628147756742387,0.5842255492458929,0.591660654343329,0.3026593247879542,0.36169290160325324,0.12808577171762947,0.5670202022586,0.6598328516115389,0.611271469477779,0.5538732073926199,0.5499126455230969,0.294833100505147,0.38463047711618364,0.6780122532612471,0.5369778067097376,0.1486318701340999,0.4698858349138893,0.5201689187692282,0.5381687532483809,0.5888948873328438,0.6440126441257873,0.5779097040664414,0.45290324911058216,0.5451648829648571,0.7348348562326251,0.4559428018271406],[0.5870358950008094,0.5906177776557543,0.7664893921509931,0.4909331569838635,0.4931038977820138,0.7425074212215375,0.7277614093265496,0.7198536182354096,0.8024513376712131,1.0,0.6097691387844004,0.7966587293456895,0.36168108895634354,0.746728869821277,0.11673932746727268,0.6808322550987322,0.7021776623188726,0.19487763748683856,0.6984389768125124,0.6143779456679107,0.39623908395093976,0.7261173809941308,0.7194220751386751,0.7566815606253409,0.658499959209586,0.5758737208556218,0.7536356218036442,0.6848782356060115,0.78977736232328,0.52236868986535,0.6612685073474094,0.6005568645128184,0.6570410565116593,0.7015057533579778,0.656535333400674,0.7370604697283053,0.6912810489630293,0.7528051775853891,0.5100396325788953,0.567089213104199,0.27874313082342955,0.613549286562601,0.7451243598141395,0.719544138230017,0.6929323460095616,0.7272632105512015,0.5895538307343537,0.5515709276472591,0.6904193874018164,0.639813423758722,0.4031414896459557,0.5664749070771987,0.7438991392148877,0.6176463893731755,0.7201258788594797,0.8337734246347042,0.6791608532397235,0.6173718661743468,0.6967832117637671,0.7507683988020257,0.6505979999096365],[0.38595859796999255,0.776887867289461,0.5986350032930585,0.12641788916769142,0.6426765991532887,0.5030005702725061,0.8304674644522897,0.5854785079193475,0.46229424664947294,0.6097691387844004,1.0,0.5546808310997031,0.1794313489668248,0.5383356612089394,0.17041059173802323,0.588198270107095,0.5569522827511959,0.27313897133733067,0.541727414553962,0.622686557037646,0.40076758203862706,0.5376894672309314,0.48831190477311,0.5077127497184786,0.6361197737867157,0.5284946781719209,0.5899413596139912,0.5539283897491196,0.6303136586794582,0.6703411557450281,0.5275765142668936,0.5826352021034329,0.6538192920271774,0.5618994640116483,0.5642460941768219,0.49480285560238535,0.8068456589272337,0.6461135709520969,0.518062989058743,0.3938396293202102,0.44921781469382954,0.43302043281951724,0.5978694934847066,0.5528515767861035,0.7905230426224411,0.5103500024911343,0.6888303461274939,0.6549451311095605,0.6570592745329182,0.20766431478966244,0.6219936871512524,0.4648201970962154,0.6034503563239743,0.9035694332728683,0.5346679246853759,0.5877040291465314,0.5312291757750116,0.7371774266429267,0.6745723079490457,0.49478466863064435,0.6028910679725917],[0.5679813414579903,0.655877557261992,0.7893117293955129,0.42217926809796097,0.5946095935478924,0.9328105098565055,0.7162030651607952,0.7757164685591504,0.7276751760519194,0.7966587293456895,0.5546808310997031,1.0,0.279395765973324,0.7670016949941239,-0.258731662869553,0.8966088705200694,0.9468115201476165,-0.18156017919238868,0.8846100521968375,0.7315574649683998,0.2407184263710325,0.7867708197867685,0.800433005834492,0.7950706818637984,0.7801899136247157,0.582289387951508,0.7582731330471962,0.912312767911998,0.8395321440051489,0.4788599769011331,0.8020270876751875,0.5459250204376456,0.8049776800289964,0.7261611235245302,0.6881021568395953,0.7405186906748622,0.6929646760553761,0.7264645038734715,0.6356357890273323,0.5927914173699279,0.16368282689680455,0.5421606851438429,0.8922818873995895,0.7889526230898739,0.6385900929676976,0.8182125888572425,0.6431267702953747,0.5458832343530564,0.702582507577835,0.5872421149926345,0.2456862788131806,0.7699320581810547,0.6889560396818084,0.6640952990601696,0.745978310948929,0.7505179216021821,0.9427461227748513,0.597078690584398,0.6592996635207461,0.6977843345834228,0.5634464901212473],[0.4002990549521856,0.0514452688355618,0.17584937414138016,0.6020657476847021,0.13715367919248786,0.2131409312616672,0.07505103526730764,0.03259791341973538,0.3514254597548786,0.36168108895634354,0.1794313489668248,0.279395765973324,1.0,0.11704295842365932,0.230145374012179,0.10745882204730019,0.2811489039021609,0.41599347246819735,0.2299970875240014,0.11376042739634602,0.42391797628233274,0.14218905474763052,-0.05754185361875809,0.10999809879095979,0.2236339299525647,0.05731454619385279,0.20734896701049926,0.2642828944747136,0.29099418729180726,-0.1558082982233221,0.19661851747289652,0.10817088971596671,0.14954574873703128,0.22573235993331525,0.26461013910824605,0.14760601534928164,0.2975230925703524,0.30472810870326084,0.2833497817418711,0.1823137183725839,0.02663492851299868,-0.09376061628121343,0.23949466444245152,0.06426000122275884,0.21053999618712685,0.15483144517470265,0.12717206631541364,0.005464334153040808,0.25892084901851664,0.5957996950034544,0.19681295714723665,0.023494505774625637,0.10194609774616412,0.06978964225635781,0.054966734295772535,0.39781740033482726,0.2905728573716736,0.509353833141191,0.10315139697411323,0.011294805619157673,0.020847211484929948],[0.5025917703275502,0.5607656868591091,0.7723735093585039,0.37029943971339374,0.5420029004006999,0.8430252544474198,0.660988458952896,0.9137132868510867,0.6383494902245058,0.746728869821277,0.5383356612089394,0.7670016949941239,0.11704295842365932,1.0,-0.014483533168664192,0.7983109865949803,0.720118960402688,-0.05949865838347806,0.8047266086009437,0.6941522601698875,0.35407144292685777,0.9097462899714127,0.9274244901315691,0.755851263544173,0.823335841586745,0.5535589750986607,0.7023939463978385,0.7218751667227232,0.8093859705421217,0.5708853692426448,0.7440587969435352,0.6893854268580022,0.7634124182976877,0.8256419570008288,0.7284203215108981,0.9764190116981118,0.659366925486437,0.6926218083695913,0.5916109623339717,0.540727876933133,0.31942187465604654,0.5540061928065774,0.8184561603095916,0.8289995796437729,0.652584749915445,0.626128219010843,0.7564482179822802,0.5712594977636174,0.6223969404322318,0.5253259764916708,0.37645719151828066,0.7551134269180333,0.7446665295735821,0.582427425766548,0.9527218301996393,0.7215599410275461,0.7110629018398303,0.6151987376167721,0.7927286164253131,0.6980924088763993,0.6749342575197],[0.1409263976548026,-0.0051787363871654505,-0.15885060449811683,0.2476306244016508,0.005794267041062714,-0.25303471566317326,0.09180903562670636,0.03011018354014154,-0.033972299181910255,0.11673932746727268,0.17041059173802323,-0.258731662869553,0.230145374012179,-0.014483533168664192,1.0,-0.20086430076995593,-0.32707462468713067,0.7163475931882706,-0.19899936153835662,0.005666513985840007,0.49123967584445544,0.06726388833767384,-0.08730029844300578,-0.18818226871809743,-0.09983626321895808,0.14420871979551397,-0.07524884415005383,-0.2676714424333023,-0.1396750902606771,-0.1705370309826863,-0.26441367922057024,0.14017291225335837,-0.10499485560450117,0.032848321779397296,0.23802007746328413,0.022288202491140763,0.05913419417780206,0.24273423697901803,-0.03176394798237498,-0.0413498396074641,0.49083209879542866,0.02221801450073433,-0.12259159651100912,-0.1454752830478124,0.20587299978230833,-0.1439141544554072,0.05219242265178218,0.14430756698424518,0.15239232348251638,0.12745473342185065,0.5490411970056691,-0.2829076559154209,0.06415756502011728,0.07953902970822546,0.06459088889370189,0.19224858596480915,-0.30978875807496714,0.2949911823077591,0.0938863037859594,-0.10079659691032644,0.26204488842382984],[0.4810514323638137,0.6531105340916133,0.7568780733156976,0.36053591146744324,0.6671289385071532,0.8681624883123854,0.7296987943845222,0.7905218528439195,0.6285682651703166,0.6808322550987322,0.588198270107095,0.8966088705200694,0.10745882204730019,0.7983109865949803,-0.20086430076995593,1.0,0.8870491981906616,-0.285758574003265,0.8129589557922744,0.7143467976875506,0.13795436695489505,0.7888627489251694,0.8040605264001341,0.764681480863728,0.7916115127156522,0.5928990519729984,0.7687823068606132,0.9002148338273717,0.8366801077489302,0.5162687845339362,0.7474284656874901,0.4834783986473403,0.8257803372876613,0.7234337224914889,0.7262440301452127,0.7743562033151948,0.7201588078390565,0.6835435785898974,0.5657560612373442,0.5991061596797055,0.18556743014107388,0.5541664823106912,0.8442800540343467,0.7859727843289742,0.6194205515688274,0.7343689645115037,0.6630782502211703,0.5491106171210285,0.6756929449923177,0.4695245420377274,0.34967844225405775,0.7980584736602412,0.7172500495900761,0.6777996547143849,0.7997497558240432,0.6173817511184697,0.8747358660291197,0.4936209818923864,0.6677469955197188,0.6966320423887288,0.5792045425297152],[0.45681207499249016,0.6252728971146926,0.6992181906531318,0.28640517219787426,0.62222282816308,0.8592748533395438,0.6360586373689964,0.665125576675178,0.6453477851370498,0.7021776623188726,0.5569522827511959,0.9468115201476165,0.2811489039021609,0.720118960402688,-0.32707462468713067,0.8870491981906616,1.0,-0.2969865301424387,0.839418113180633,0.6083973592215053,0.08058841938692182,0.7110770171302655,0.6935054848686423,0.6882016672497961,0.7239829254311068,0.5540237409811979,0.7039783068458296,0.9380930346688499,0.8456381166389382,0.48896027347712623,0.7706559019906458,0.4372444521353117,0.7342078643192849,0.6897869460673496,0.6510967577360209,0.6843254588976843,0.6463353153806922,0.6551106888893767,0.5306476563831458,0.4221951332727847,0.05587688536513336,0.45511952868422795,0.8602772036250527,0.6787248228820104,0.5436490644953917,0.6947920498898204,0.5944414614571362,0.5277657661598424,0.6175855330218822,0.44871640037198446,0.21081559771735559,0.7334576745329778,0.5775268562365646,0.6219638537419165,0.6949176136048912,0.6673592514493355,0.9514367574025214,0.5754846449890995,0.562370509495645,0.5852861238473451,0.47373510499593374],[0.17747627512008557,0.076652694273595,-0.018022927855840035,0.29550949976999424,-0.11633898131309699,-0.14358473312243256,0.15239091779662978,-0.0227441301380875,0.007393693137141564,0.19487763748683856,0.27313897133733067,-0.18156017919238868,0.41599347246819735,-0.05949865838347806,0.7163475931882706,-0.285758574003265,-0.2969865301424387,1.0,-0.13758344073315815,0.06461397708337942,0.6343073528798636,0.004649985404126612,-0.12829427566815643,-0.05328194776939528,0.0382480453480747,-0.0009687287917253621,0.05816831022945157,-0.2751367890132542,-0.1260442395524174,-0.1587512693069023,-0.09510162916245095,0.2967767659835649,0.00805119770936786,0.06823280715489023,0.14141623882627452,-0.06588772710690262,0.13675880066966653,0.24902670064145796,0.08032700709475525,0.07813243344330013,0.304788331770678,-0.019952429633519043,-0.09228006507987493,-0.08024530671278166,0.3020121090508983,0.010627551459614241,0.1386659857815804,0.023222944769569466,0.1642484915865069,0.2465514617342432,0.391549948304665,-0.24763852306913214,0.08603769262921263,0.1096090704297368,-0.0405108596137508,0.25454276901733774,-0.24581084375793838,0.41305955295073404,0.16546169577467312,-0.06468912467909221,0.18819997374403416],[0.5834281022679086,0.6792161791264153,0.7684825668389925,0.2966464978072889,0.6451194073359031,0.8711013483467188,0.7044477018714075,0.8175608305365645,0.6304081033966072,0.6984389768125124,0.541727414553962,0.8846100521968375,0.2299970875240014,0.8047266086009437,-0.19899936153835662,0.8129589557922744,0.839418113180633,-0.13758344073315815,1.0,0.7269605241938993,0.27825269234508465,0.8185134652221749,0.8277890084594416,0.7327020099982066,0.830361457085921,0.6861713740694175,0.609432078533644,0.8801174116617536,0.8335983873072295,0.48071192264351975,0.8232388733901148,0.5355161377094179,0.7986133229145637,0.6978390400314429,0.6927409411628705,0.7986350036382787,0.7082293425750587,0.6935149839421091,0.7341433916106852,0.5830560346202411,0.1676313658141162,0.5811895212965895,0.962893646447556,0.7998345266467385,0.6555581987782172,0.8232705262061268,0.6827318444611326,0.5766038838693017,0.6626383297218151,0.5112561167873966,0.278442534851751,0.770944644469225,0.6456858206538814,0.6489182360015705,0.7836895837757543,0.7566757992159037,0.8390414541797233,0.6306894838826963,0.7361468731121649,0.6859910380430202,0.5620767904768122],[0.7329985003229305,0.6392440280376552,0.6960823939902665,0.3784805634812857,0.5508585359963772,0.7668187290338255,0.751078411157786,0.7526951616150837,0.45786753623117177,0.6143779456679107,0.622686557037646,0.7315574649683998,0.11376042739634602,0.6941522601698875,0.005666513985840007,0.7143467976875506,0.6083973592215053,0.06461397708337942,0.7269605241938993,1.0,0.4540148445562828,0.7465814893533799,0.7459529551269812,0.7077315822889415,0.798384282735154,0.6585239077853031,0.6699807433832442,0.6874662935511724,0.6479036669238251,0.5311214097058873,0.6804318631189249,0.7152823076328683,0.830961268450142,0.6658945192989318,0.7638875848451696,0.6728132645433766,0.7226300328618844,0.7413426684556971,0.8057924050827597,0.8068814384544655,0.3636640105561944,0.5082186719912662,0.7309378449900853,0.7829252742077181,0.7860035591768969,0.6862111215310872,0.7380464998434976,0.5447540110037014,0.6721061702016916,0.4784847650669332,0.39042174065768825,0.6803545409109821,0.7530271137047845,0.6950697483877414,0.6945786524628191,0.6369603428793096,0.6642787569946942,0.605700784181167,0.720546261375088,0.5840596209723891,0.6625974851664749],[0.3405024343959996,0.3538471243922651,0.2971539157696157,0.4564581541535874,0.17612771053835088,0.2883871585986699,0.3814265667242197,0.3604499544854809,0.2702953208220268,0.39623908395093976,0.40076758203862706,0.2407184263710325,0.42391797628233274,0.35407144292685777,0.49123967584445544,0.13795436695489505,0.08058841938692182,0.6343073528798636,0.27825269234508465,0.4540148445562828,1.0,0.38178638579297236,0.29424633288867236,0.2634737185719417,0.32335497074611314,0.1836171739146602,0.2529546661275675,0.11849790035017327,0.19565776661677534,0.07466658376525294,0.211445275166755,0.4873709140569744,0.28245695159036466,0.3045168593397782,0.3996486559116872,0.3145930497118532,0.41534590550617073,0.4001839602754907,0.4454495525503288,0.30049255636607697,0.3901508493896126,-0.011834955913792966,0.2854495613239074,0.22972413829804234,0.5335237313408402,0.2217734927920448,0.3132422169844888,0.3277444233249088,0.5295679050551914,0.49030184068784305,0.47333752398018514,0.04703708903006549,0.309686265133868,0.47594408548519324,0.33394975959538387,0.5254401169062756,0.16696385381769424,0.596689464618554,0.39605909893211355,0.11274502793019664,0.25631412672294235],[0.5687713870480428,0.5394994507391664,0.7679758957802029,0.3711175766723167,0.5308347149919862,0.8204248735812983,0.6329592452893613,0.9423488237116642,0.5724023756706679,0.7261173809941308,0.5376894672309314,0.7867708197867685,0.14218905474763052,0.9097462899714127,0.06726388833767384,0.7888627489251694,0.7110770171302655,0.004649985404126612,0.8185134652221749,0.7465814893533799,0.38178638579297236,1.0,0.9086460524609317,0.7050871876036167,0.7760719654948474,0.6373337647475753,0.709274770113007,0.7426595314647613,0.8118814932432664,0.45142207121749856,0.6488679382212771,0.6839070365348601,0.747668844700967,0.7481207258088091,0.7142520690315751,0.9126825255322933,0.6204261486148643,0.7797254636595943,0.6988083672080538,0.6115632661983998,0.42713613476442164,0.5772163175615374,0.8143393173766684,0.7728126117490477,0.6167648984250369,0.6670493175347018,0.731143861229153,0.5859401458493445,0.6476221253366087,0.5424512391044545,0.480648454875877,0.6775250337051274,0.7666881707992823,0.6009178585678944,0.9363251863214008,0.6737390000617061,0.7661276587633342,0.6284370223047067,0.7487643537495218,0.6544417641692438,0.6862411470596834],[0.5082266412431016,0.6064018898436806,0.7916702671283343,0.2808103123737306,0.5074094697776325,0.8589815103778982,0.7096641310125612,0.9382507201967869,0.587134044866079,0.7194220751386751,0.48831190477311,0.800433005834492,-0.05754185361875809,0.9274244901315691,-0.08730029844300578,0.8040605264001341,0.6935054848686423,-0.12829427566815643,0.8277890084594416,0.7459529551269812,0.29424633288867236,0.9086460524609317,1.0,0.8241641273333847,0.7995929649671747,0.5696522716265824,0.7254144592194799,0.7128100501389038,0.766302462564276,0.5890643096185685,0.7235736985141782,0.6842747986252149,0.7934596832310005,0.7666804361121923,0.6883176193387985,0.9148980622579505,0.6317502601275097,0.6864907605136364,0.6243407699144999,0.6566066767699891,0.3369382672538462,0.5945833355968873,0.8274407780314307,0.888627725358407,0.6600071437058351,0.7645890772045804,0.7478811094412584,0.6183549071183388,0.6277252378600355,0.4736590469517693,0.3191649885026691,0.7989137868560902,0.7831680239601122,0.6040839845296101,0.9212599180733073,0.6944420996730644,0.7307081766788458,0.5191274789444658,0.8230100421315567,0.7533150226489196,0.7072150968117482],[0.49637654751142635,0.5774518671826636,0.8721857311211517,0.41991129987661435,0.44709596906241267,0.8039959533480737,0.747173505897707,0.7545950390849343,0.6014603547822275,0.7566815606253409,0.5077127497184786,0.7950706818637984,0.10999809879095979,0.755851263544173,-0.18818226871809743,0.764681480863728,0.6882016672497961,-0.05328194776939528,0.7327020099982066,0.7077315822889415,0.2634737185719417,0.7050871876036167,0.8241641273333847,1.0,0.7965747115257279,0.4642841065434426,0.7963984106838979,0.7276186588528716,0.7799409492926704,0.5867425495998756,0.7023135300824538,0.5821961591924842,0.839905780450257,0.7141466348887074,0.5929799416193458,0.7337105624870437,0.67877742141271,0.5446382256635659,0.6058752053176413,0.7142300981563098,0.13995566520186034,0.5360463064067678,0.736830960521348,0.8532358264683071,0.7487633457791414,0.8490423134372446,0.6767302768173928,0.4878327990852557,0.6109104226181468,0.5640222772200674,0.20671004201295903,0.7598009065882633,0.7193293084929602,0.5837919586081739,0.7756439366446661,0.6518016252232923,0.712034446981777,0.5655503661803233,0.819794310445438,0.7520341773901051,0.5217745466438228],[0.6819201497499002,0.7172013459652093,0.7506386501594936,0.38874721463090584,0.651525546479179,0.8469605993447415,0.7654875179612509,0.7985796303287136,0.45819799614213674,0.658499959209586,0.6361197737867157,0.7801899136247157,0.2236339299525647,0.823335841586745,-0.09983626321895808,0.7916115127156522,0.7239829254311068,0.0382480453480747,0.830361457085921,0.798384282735154,0.32335497074611314,0.7760719654948474,0.7995929649671747,0.7965747115257279,1.0,0.6128042890600133,0.7338443222074248,0.7840845158422476,0.7973366521792623,0.5629141933237217,0.8054760856178833,0.7185050851234545,0.9342710607654092,0.753058158661718,0.7488944814564213,0.7939228164619635,0.7523851233249715,0.6739533581327156,0.7775046274913523,0.7032209358832466,0.20845642001390816,0.5014136478461577,0.8134821528630535,0.848024073606832,0.7699102950612564,0.767908934194176,0.910733439316802,0.5422640502527692,0.6299537410276359,0.5399137927221654,0.3499641951115041,0.79161790841041,0.8030703188463508,0.6566441074857777,0.7936931574124259,0.7284686150204539,0.7527844031696339,0.7055131954667362,0.8038029309283287,0.6147975017804095,0.6882289328695745],[0.533290071933982,0.5908291578181951,0.47109162926874487,0.1481660189091345,0.7470214327963297,0.4938836557735543,0.6425624501803183,0.6062858231398015,0.3721324628789814,0.5758737208556218,0.5284946781719209,0.582289387951508,0.05731454619385279,0.5535589750986607,0.14420871979551397,0.5928990519729984,0.5540237409811979,-0.0009687287917253621,0.6861713740694175,0.6585239077853031,0.1836171739146602,0.6373337647475753,0.5696522716265824,0.4642841065434426,0.6128042890600133,1.0,0.4557993723151684,0.6203461689177688,0.6261286504930426,0.4764453892166149,0.5706573710590409,0.4713995541277022,0.5896762743756949,0.6033575451563992,0.7191671379660061,0.538900702361046,0.5931809249856962,0.6276953229221583,0.5788937492007722,0.4163784961006783,0.3184345642960915,0.6054816321751662,0.7151675737996989,0.5538977019374508,0.5428384150624829,0.5692805990411457,0.6573985775844328,0.6806034881158529,0.5989367401133712,0.23712688184960076,0.4686331757902749,0.515590449673454,0.7076549731477053,0.5527371142884776,0.6189796589200101,0.6339411206437584,0.5448988993085553,0.47157120413120185,0.5647746250994629,0.5203909560532265,0.6022173214459743],[0.5025823216762481,0.616492389188124,0.741196204135005,0.4250465583224625,0.5176025074352817,0.7611984903459855,0.7043689585325787,0.6913447663611147,0.5481586968663561,0.7536356218036442,0.5899413596139912,0.7582731330471962,0.20734896701049926,0.7023939463978385,-0.07524884415005383,0.7687823068606132,0.7039783068458296,0.05816831022945157,0.609432078533644,0.6699807433832442,0.2529546661275675,0.709274770113007,0.7254144592194799,0.7963984106838979,0.7338443222074248,0.4557993723151684,1.0,0.6482186529640815,0.7604468506268901,0.5487872145332223,0.5989103467467292,0.6662534164758812,0.7994310051711925,0.7215144893186315,0.6799347218989977,0.7019214079913976,0.6441006122636269,0.637259561108558,0.5192629845029603,0.6692992021590556,0.2400007793866911,0.40247638035679667,0.7026640572342833,0.8051380069736912,0.6514015192038994,0.7014735126481515,0.6834018596836758,0.609574403495902,0.6748411262101774,0.5508013269501647,0.43632456041033496,0.7029698881290251,0.7718327303480451,0.5796394068532825,0.7030951567989916,0.6558725569182078,0.7197834831574345,0.4735722030589417,0.7310587703281237,0.6572064426456007,0.5353203539190654],[0.5813581967025994,0.6511874917215843,0.7496066919178153,0.3117186419833545,0.6003910107375604,0.8679282587142191,0.6713922203476683,0.7010775075291585,0.609311633278479,0.6848782356060115,0.5539283897491196,0.912312767911998,0.2642828944747136,0.7218751667227232,-0.2676714424333023,0.9002148338273717,0.9380930346688499,-0.2751367890132542,0.8801174116617536,0.6874662935511724,0.11849790035017327,0.7426595314647613,0.7128100501389038,0.7276186588528716,0.7840845158422476,0.6203461689177688,0.6482186529640815,1.0,0.8507746389269161,0.46448380736153183,0.7947338498717471,0.43913065864625694,0.7841823130759944,0.6598171859443599,0.6667810173508093,0.6989687230891153,0.6858857565171067,0.6958317300643397,0.6678304398168541,0.54348597713719,0.024857154104139238,0.5459000891980028,0.8671374314205579,0.6889268854935005,0.6330294344626333,0.761790435859028,0.6265746448918882,0.4457405977947703,0.6139228076413543,0.4998411187995476,0.2103131535218166,0.7346829852302952,0.6090201650782869,0.6521049291248281,0.7086288387463296,0.6422690873586946,0.9274292498324133,0.610914635575045,0.6036415552787159,0.629507421021622,0.5650555674004653],[0.5577365915743447,0.5697517374754292,0.7663798632584008,0.38111857929858445,0.6426263826905468,0.7895931216226225,0.6284037132499755,0.8076798346793562,0.570329301110534,0.78977736232328,0.6303136586794582,0.8395321440051489,0.29099418729180726,0.8093859705421217,-0.1396750902606771,0.8366801077489302,0.8456381166389382,-0.1260442395524174,0.8335983873072295,0.6479036669238251,0.19565776661677534,0.8118814932432664,0.766302462564276,0.7799409492926704,0.7973366521792623,0.6261286504930426,0.7604468506268901,0.8507746389269161,1.0,0.55118731579585,0.6654774873263753,0.540310351501722,0.822488486314655,0.7290691312626523,0.6946329737090098,0.7989193301535833,0.7361325242848642,0.6586466834276777,0.687052881014631,0.5951726578191477,0.24009644571970903,0.581855456299357,0.858686194512429,0.8023402171487483,0.5975220346861987,0.7117438295334341,0.7176252547193911,0.539791715538458,0.5939865843490544,0.4956476188203879,0.40965690040990543,0.772660327711541,0.6981755640314138,0.6011371395338372,0.7969201849041788,0.6891634942282648,0.8496101149513576,0.6309616608925531,0.7194709646761334,0.7033127803395542,0.523991483411832],[0.32412930920684446,0.5812253100633353,0.5641371183161776,-0.02158442800530169,0.6681694476650947,0.49769014073147383,0.6871091498477092,0.5534785704248302,0.38462863052710994,0.52236868986535,0.6703411557450281,0.4788599769011331,-0.1558082982233221,0.5708853692426448,-0.1705370309826863,0.5162687845339362,0.48896027347712623,-0.1587512693069023,0.48071192264351975,0.5311214097058873,0.07466658376525294,0.45142207121749856,0.5890643096185685,0.5867425495998756,0.5629141933237217,0.4764453892166149,0.5487872145332223,0.46448380736153183,0.55118731579585,1.0,0.5315064840859464,0.6126037705321471,0.5407460963372771,0.5715769953450964,0.4098496009879366,0.5455219485055326,0.6634875937456015,0.343411629566342,0.43354343760425423,0.44074253987975026,0.31054556914445436,0.3279271384460763,0.5406753572899933,0.634876321239404,0.5893343834389689,0.4765488948381428,0.6518058940551934,0.7101598075785774,0.4062273948049412,0.08630577652661812,0.22841319962126194,0.5244903922494671,0.6517896044831266,0.644831137842983,0.5646186427534586,0.4970833135214674,0.45881887857113157,0.3560808277355285,0.7014761856700864,0.516095384925572,0.5076017257273101],[0.47275179473508294,0.6657830080116742,0.7468044329568024,0.19985143704649613,0.5505878905070138,0.8483474315482025,0.7518318460376017,0.6859230956832759,0.6606469032650087,0.6612685073474094,0.5275765142668936,0.8020270876751875,0.19661851747289652,0.7440587969435352,-0.26441367922057024,0.7474284656874901,0.7706559019906458,-0.09510162916245095,0.8232388733901148,0.6804318631189249,0.211445275166755,0.6488679382212771,0.7235736985141782,0.7023135300824538,0.8054760856178833,0.5706573710590409,0.5989103467467292,0.7947338498717471,0.6654774873263753,0.5315064840859464,1.0,0.5272513396191633,0.7521296480226034,0.8316381681056509,0.6839250592399706,0.7056100120836325,0.7410270221197545,0.7149012925152916,0.5743894414235982,0.539355899762001,0.11448812034806743,0.6063787527708822,0.8240830214754824,0.7542165857195172,0.706512329548351,0.7345964161074303,0.6470682064818163,0.478181173126336,0.6453297707852044,0.45817752031199116,0.1250733807559188,0.7965524514841067,0.6514032935142939,0.5740201466944783,0.6524959257200297,0.7442606241086221,0.7021465318932469,0.5501618306945039,0.7177673724548337,0.7131994098482763,0.5911194346814728],[0.6743740888128179,0.6071831678962265,0.5188528783529006,0.37321727355696666,0.5155755560865317,0.6509073366365501,0.596448701988111,0.7163248383103702,0.32564128889899036,0.6005568645128184,0.5826352021034329,0.5459250204376456,0.10817088971596671,0.6893854268580022,0.14017291225335837,0.4834783986473403,0.4372444521353117,0.2967767659835649,0.5355161377094179,0.7152823076328683,0.4873709140569744,0.6839070365348601,0.6842747986252149,0.5821961591924842,0.7185050851234545,0.4713995541277022,0.6662534164758812,0.43913065864625694,0.540310351501722,0.6126037705321471,0.5272513396191633,1.0,0.6583480971937922,0.6648554548206972,0.6420387453494106,0.6653972690433,0.6036789636650801,0.6262226976994616,0.7033247888608875,0.618850738325889,0.5195762294095747,0.3497478628019568,0.6045938234146232,0.6641464909910156,0.6737232050996068,0.572119710002956,0.7942518073584209,0.5288203663217276,0.5157242401052985,0.48336175707207607,0.4759049528042863,0.5489167103953932,0.756749310016432,0.5550532739281039,0.6782815138938892,0.6265064206007173,0.476537238978586,0.5666076129683709,0.7100385780194863,0.4905468355183912,0.7038390176704906],[0.6330445872696667,0.6657591080057804,0.7881933307888697,0.40080932732282737,0.5917642634123629,0.8447550257806836,0.7770062018903141,0.8086115706985085,0.46977712355264045,0.6570410565116593,0.6538192920271774,0.8049776800289964,0.14954574873703128,0.7634124182976877,-0.10499485560450117,0.8257803372876613,0.7342078643192849,0.00805119770936786,0.7986133229145637,0.830961268450142,0.28245695159036466,0.747668844700967,0.7934596832310005,0.839905780450257,0.9342710607654092,0.5896762743756949,0.7994310051711925,0.7841823130759944,0.822488486314655,0.5407460963372771,0.7521296480226034,0.6583480971937922,1.0,0.7708283578582112,0.7732366506759318,0.7445016901873155,0.7788814669686975,0.6896161913672304,0.7678096410627265,0.7507609004928818,0.23396468607295776,0.5714918803515766,0.8231223554887078,0.9069426015669761,0.7739536728284818,0.7931392163703339,0.8425692259364594,0.5169380490207857,0.64261977688055,0.501380241824518,0.3329742450899513,0.862882036186653,0.7632068958137269,0.6672457068678288,0.7532055717346771,0.6996810712492546,0.7768008000848039,0.6423167426826386,0.8350515593007274,0.7161566589602738,0.6331458216210604],[0.44346651053896174,0.5120728720406251,0.7149033055143891,0.342