---
layout: detail
title: StockReport(telecommunications.ss.html)
dt_created: 2024-01-20 10:04:07 +0000
---
<h4>Sector: [telecommunications] - last_upd:[2024-01-20 10:04:05 +0000                  ]</h4><h5>html_fn_3yr_dividend_history (current open windows)</h5><div><h1>Empty Chart</h1></div><h5>fn_build_correlation_mx</h5><div><div>                        <script type="text/javascript">window.PlotlyConfig = {MathJaxConfig: 'local'};</script>
        <script charset="utf-8" src="https://cdn.plot.ly/plotly-2.27.0.min.js"></script>                <div id="40be7ac1-4154-4efb-b521-679ae55ba60a" class="plotly-graph-div" style="height:100%; width:100%;"></div>            <script type="text/javascript">                                    window.PLOTLYENV=window.PLOTLYENV || {};                                    if (document.getElementById("40be7ac1-4154-4efb-b521-679ae55ba60a")) {                    Plotly.newPlot(                        "40be7ac1-4154-4efb-b521-679ae55ba60a",                        [{"colorscale":[[0.0,"rgb(103,0,31)"],[0.1,"rgb(178,24,43)"],[0.2,"rgb(214,96,77)"],[0.3,"rgb(244,165,130)"],[0.4,"rgb(253,219,199)"],[0.5,"rgb(247,247,247)"],[0.6,"rgb(209,229,240)"],[0.7,"rgb(146,197,222)"],[0.8,"rgb(67,147,195)"],[0.9,"rgb(33,102,172)"],[1.0,"rgb(5,48,97)"]],"texttemplate":"%{z:.1f}","x":["ADTN","AMX","CMCSA","CSCO","IRDM","JNPR","T","TDS","TLK","TMUS","VOD","VZ"],"y":["ADTN","AMX","CMCSA","CSCO","IRDM","JNPR","T","TDS","TLK","TMUS","VOD","VZ"],"z":[[1.0,0.3054775633394418,0.6493271043151599,0.1820198214897249,0.6012712041529165,-0.10229514746913355,0.2966974093290237,0.015719589386528097,0.486755432987545,-0.2621203869607403,0.1439343027279737,0.3032793943189651],[0.3054775633394418,1.0,0.4469046181480509,0.1161660914862812,0.24208099986411688,-0.20093691513798645,0.1837789782625384,0.11588383391922824,0.49945653273884444,-0.30430880873053356,0.4813519460791596,0.21882984851199713],[0.6493271043151599,0.4469046181480509,1.0,0.5929637022478508,0.19313246802665937,-0.14156188317736418,0.25542445246702566,0.10853596485485197,0.29976275552830534,-0.15667087192318244,0.10584955094308666,0.2287639908033744],[0.1820198214897249,0.1161660914862812,0.5929637022478508,1.0,-0.009213189216559291,-0.3061170006967272,-0.03432698524671439,-0.018347619652776533,0.16034256989165346,0.3107526487775543,-0.18522896696729527,-0.05066697123950974],[0.6012712041529165,0.24208099986411688,0.19313246802665937,-0.009213189216559291,1.0,-0.056708562475969684,0.006593029006321645,0.0709323015056537,0.4217436247656141,-0.19222372415543162,0.17818760841914433,-0.057328086135598276],[-0.10229514746913355,-0.20093691513798645,-0.14156188317736418,-0.3061170006967272,-0.056708562475969684,1.0,-0.3256544222204304,-0.00021505847533915892,0.03505497254819528,-0.09453158124398689,-0.10220810568794551,-0.39058747017906714],[0.2966974093290237,0.1837789782625384,0.25542445246702566,-0.03432698524671439,0.006593029006321645,-0.3256544222204304,1.0,0.42195418177386235,0.16756667963063257,0.17921761680262543,0.5089956119961057,0.8525884347832071],[0.015719589386528097,0.11588383391922824,0.10853596485485197,-0.018347619652776533,0.0709323015056537,-0.00021505847533915892,0.42195418177386235,1.0,0.10786415550031303,0.14672295311000108,0.33720502493867516,0.25197255149880515],[0.486755432987545,0.49945653273884444,0.29976275552830534,0.16034256989165346,0.4217436247656141,0.03505497254819528,0.16756667963063257,0.10786415550031303,1.0,-0.20285588208404098,0.1885545579913419,0.13874085435271424],[-0.2621203869607403,-0.30430880873053356,-0.15667087192318244,0.3107526487775543,-0.19222372415543162,-0.09453158124398689,0.17921761680262543,0.14672295311000108,-0.20285588208404098,1.0,-0.044875945350371475,0.10164124455398098],[0.1439343027279737,0.4813519460791596,0.10584955094308666,-0.18522896696729527,0.17818760841914433,-0.10220810568794551,0.5089956119961057,0.33720502493867516,0.1885545579913419,-0.044875945350371475,1.0,0.5425388046244537],[0.3032793943189651,0.21882984851199713,0.2287639908033744,-0.05066697123950974,-0.057328086135598276,-0.39058747017906714,0.8525884347832071,0.25197255149880515,0.13874085435271424,0.10164124455398098,0.5425388046244537,1.0]],"zmax":1,"zmin":-1,"type":"heatmap"}],                        {"template":{"data":{"histogram2dcontour":[{"type":"histogram2dcontour","colorbar":{"outlinewidth":0,"ticks":""},"colorscale":[[0.0,"#0d0887"],[0.1111111111111111,"#46039f"],[0.2222222222222222,"#7201a8"],[0.3333333333333333,"#9c179e"],[0.4444444444444444,"#bd3786"],[0.5555555555555556,"#d8576b"],[0.6666666666666666,"#ed7953"],[0.7777777777777778,"#fb9f3a"],[0.8888888888888888,"#fdca26"],[1.0,"#f0f921"]]}],"choropleth":[{"type":"choropleth","colorbar":{"outlinewidth":0,"ticks":""}}],"histogram2d":[{"type":"histogram2d","colorbar":{"outlinewidth":0,"ticks":""},"colorscale":[[0.0,"#0d0887"],[0.1111111111111111,"#46039f"],[0.2222222222222222,"#7201a8"],[0.3333333333333333,"#9c179e"],[0.4444444444444444,"#bd3786"],[0.5555555555555556,"#d8576b"],[0.6666666666666666,"#ed7953"],[0.7777777777777778,"#fb9f3a"],[0.8888888888888888,"#fdca26"],[1.0,"#f0f921"]]}],"heatmap":[{"type":"heatmap","colorbar":{"outlinewidth":0,"ticks":""},"colorscale":[[0.0,"#0d0887"],[0.1111111111111111,"#46039f"],[0.2222222222222222,"#7201a8"],[0.3333333333333333,"#9c179e"],[0.4444444444444444,"#bd3786"],[0.5555555555555556,"#d8576b"],[0.6666666666666666,"#ed7953"],[0.7777777777777778,"#fb9f3a"],[0.8888888888888888,"#fdca26"],[1.0,"#f0f921"]]}],"heatmapgl":[{"type":"heatmapgl","colorbar":{"outlinewidth":0,"ticks":""},"colorscale":[[0.0,"#0d0887"],[0.1111111111111111,"#46039f"],[0.2222222222222222,"#7201a8"],[0.3333333333333333,"#9c179e"],[0.4444444444444444,"#bd3786"],[0.5555555555555556,"#d8576b"],[0.6666666666666666,"#ed7953"],[0.7777777777777778,"#fb9f3a"],[0.8888888888888888,"#fdca26"],[1.0,"#f0f921"]]}],"contourcarpet":[{"type":"contourcarpet","colorbar":{"outlinewidth":0,"ticks":""}}],"contour":[{"type":"contour","colorbar":{"outlinewidth":0,"ticks":""},"colorscale":[[0.0,"#0d0887"],[0.1111111111111111,"#46039f"],[0.2222222222222222,"#7201a8"],[0.3333333333333333,"#9c179e"],[0.4444444444444444,"#bd3786"],[0.5555555555555556,"#d8576b"],[0.6666666666666666,"#ed7953"],[0.7777777777777778,"#fb9f3a"],[0.8888888888888888,"#fdca26"],[1.0,"#f0f921"]]}],"surface":[{"type":"surface","colorbar":{"outlinewidth":0,"ticks":""},"colorscale":[[0.0,"#0d0887"],[0.1111111111111111,"#46039f"],[0.2222222222222222,"#7201a8"],[0.3333333333333333,"#9c179e"],[0.4444444444444444,"#bd3786"],[0.5555555555555556,"#d8576b"],[0.6666666666666666,"#ed7953"],[0.7777777777777778,"#fb9f3a"],[0.8888888888888888,"#fdca26"],[1.0,"#f0f921"]]}],"mesh3d":[{"type":"mesh3d","colorbar":{"outlinewidth":0,"ticks":""}}],"scatter":[{"fillpattern":{"fillmode":"overlay","size":10,"solidity":0.2},"type":"scatter"}],"parcoords":[{"type":"parcoords","line":{"colorbar":{"outlinewidth":0,"ticks":""}}}],"scatterpolargl":[{"type":"scatterpolargl","marker":{"colorbar":{"outlinewidth":0,"ticks":""}}}],"bar":[{"error_x":{"color":"#2a3f5f"},"error_y":{"color":"#2a3f5f"},"marker":{"line":{"color":"#E5ECF6","width":0.5},"pattern":{"fillmode":"overlay","size":10,"solidity":0.2}},"type":"bar"}],"scattergeo":[{"type":"scattergeo","marker":{"colorbar":{"outlinewidth":0,"ticks":""}}}],"scatterpolar":[{"type":"scatterpolar","marker":{"colorbar":{"outlinewidth":0,"ticks":""}}}],"histogram":[{"marker":{"pattern":{"fillmode":"overlay","size":10,"solidity":0.2}},"type":"histogram"}],"scattergl":[{"type":"scattergl","marker":{"colorbar":{"outlinewidth":0,"ticks":""}}}],"scatter3d":[{"type":"scatter3d","line":{"colorbar":{"outlinewidth":0,"ticks":""}},"marker":{"colorbar":{"outlinewidth":0,"ticks":""}}}],"scattermapbox":[{"type":"scattermapbox","marker":{"colorbar":{"outlinewidth":0,"ticks":""}}}],"scatterternary":[{"type":"scatterternary","marker":{"colorbar":{"outlinewidth":0,"ticks":""}}}],"scattercarpet":[{"type":"scattercarpet","marker":{"colorbar":{"outlinewidth":0,"ticks":""}}}],"carpet":[{"aaxis":{"endlinecolor":"#2a3f5f","gridcolor":"white","linecolor":"white","minorgridcolor":"white","startlinecolor":"#2a3f5f"},"baxis":{"endlinecolor":"#2a3f5f","gridcolor":"white","linecolor":"white","minorgridcolor":"white","startlinecolor":"#2a3f5f"},"type":"carpet"}],"table":[{"cells":{"fill":{"color":"#EBF0F8"},"line":{"color":"white"}},"header":{"fill":{"color":"#C8D4E3"},"line":{"color":"white"}},"type":"table"}],"barpolar":[{"marker":{"line":{"color":"#E5ECF6","width":0.5},"pattern":{"fillmode":"overlay","size":10,"solidity":0.2}},"type":"barpolar"}],"pie":[{"automargin":true,"type":"pie"}]},"layout":{"autotypenumbers":"strict","colorway":["#636efa","#EF553B","#00cc96","#ab63fa","#FFA15A","#19d3f3","#FF6692","#B6E880","#FF97FF","#FECB52"],"font":{"color":"#2a3f5f"},"hovermode":"closest","hoverlabel":{"align":"left"},"paper_bgcolor":"white","plot_bgcolor":"#E5ECF6","polar":{"bgcolor":"#E5ECF6","angularaxis":{"gridcolor":"white","linecolor":"white","ticks":""},"radialaxis":{"gridcolor":"white","linecolor":"white","ticks":""}},"ternary":{"bgcolor":"#E5ECF6","aaxis":{"gridcolor":"white","linecolor":"white","ticks":""},"baxis":{"gridcolor":"white","linecolor":"white","ticks":""},"caxis":{"gridcolor":"white","linecolor":"white","ticks":""}},"coloraxis":{"colorbar":{"outlinewidth":0,"ticks":""}},"colorscale":{"sequential":[[0.0,"#0d0887"],[0.1111111111111111,"#46039f"],[0.2222222222222222,"#7201a8"],[0.3333333333333333,"#9c179e"],[0.4444444444444444,"#bd3786"],[0.5555555555555556,"#d8576b"],[0.6666666666666666,"#ed7953"],[0.7777777777777778,"#fb9f3a"],[0.8888888888888888,"#fdca26"],[1.0,"#f0f921"]],"sequentialminus":[[0.0,"#0d0887"],[0.1111111111111111,"#46039f"],[0.2222222222222222,"#7201a8"],[0.3333333333333333,"#9c179e"],[0.4444444444444444,"#bd3786"],[0.5555555555555556,"#d8576b"],[0.6666666666666666,"#ed7953"],[0.7777777777777778,"#fb9f3a"],[0.8888888888888888,"#fdca26"],[1.0,"#f0f921"]],"diverging":[[0,"#8e0152"],[0.1,"#c51b7d"],[0.2,"#de77ae"],[0.3,"#f1b6da"],[0.4,"#fde0ef"],[0.5,"#f7f7f7"],[0.6,"#e6f5d0"],[0.7,"#b8e186"],[0.8,"#7fbc41"],[0.9,"#4d9221"],[1,"#276419"]]},"xaxis":{"gridcolor":"white","linecolor":"white","ticks":"","title":{"standoff":15},"zerolinecolor":"white","automargin":true,"zerolinewidth":2},"yaxis":{"gridcolor":"white","linecolor":"white","ticks":"","title":{"standoff":15},"zerolinecolor":"white","automargin":true,"zerolinewidth":2},"scene":{"xaxis":{"backgroundcolor":"#E5ECF6","gridcolor":"white","linecolor":"white","showbackground":true,"ticks":"","zerolinecolor":"white","gridwidth":2},"yaxis":{"backgroundcolor":"#E5ECF6","gridcolor":"white","linecolor":"white","showbackground":true,"ticks":"","zerolinecolor":"white","gridwidth":2},"zaxis":{"backgroundcolor":"#E5ECF6","gridcolor":"white","linecolor":"white","showbackground":true,"ticks":"","zerolinecolor":"white","gridwidth":2}},"shapedefaults":{"line":{"color":"#2a3f5f"}},"annotationdefaults":{"arrowcolor":"#2a3f5f","arrowhead":0,"arrowwidth":1},"geo":{"bgcolor":"white","landcolor":"#E5ECF6","subunitcolor":"white","showland":true,"showlakes":true,"lakecolor":"white"},"title":{"x":0.05},"mapbox":{"style":"light"}}}},                        {"responsive": true}                    )                };                            </script>        </div></div><h5>xrefs</h5><div><table class="table table-sm table-dark table-hover table-bordered "><thead><tr><th scope="col">#</th><th scope="col">symbol</th><th scope="col">xChange</th><th scope="col">𝜋(div.com)</th><th scope="col">𝜋(tv.com)</th><th scope="col">𝜋(NASDAQ:DH)</th><th scope="col">𝜋(NASDAQ:SUM)</th><th scope="col">𝜋(self-analysis)</th></tr></thead><tbody><tr><th scope="row">0</th><td>ADTN</td><td>NASDAQ</td><td><a target="_blank" href="https://www.dividend.com/search/?q=ADTN">ADTN:div</a></td><td><a target="_blank" href="https://www.tradingview.com/chart/?symbol=NASDAQ%3AADTN">ADTN:tv</a></td><td><a target="_blank" href="https://www.nasdaq.com/market-activity/stocks/ADTN/dividend-history">ADTN:d_history</a></td><td><a target="_blank" href="https://www.nasdaq.com/market-activity/stocks/ADTN">ADTN:summary</a></td><td><a target="_blank" href="/mike/v/ADTN.v">ADTN:analysis</a></td></tr><tr><th scope="row">1</th><td>AMX</td><td>NYSE</td><td><a target="_blank" href="https://www.dividend.com/search/?q=AMX">AMX:div</a></td><td><a target="_blank" href="https://www.tradingview.com/chart/?symbol=NYSE%3AAMX">AMX:tv</a></td><td><a target="_blank" href="https://www.nasdaq.com/market-activity/stocks/AMX/dividend-history">AMX:d_history</a></td><td><a target="_blank" href="https://www.nasdaq.com/market-activity/stocks/AMX">AMX:summary</a></td><td><a target="_blank" href="/mike/v/AMX.v">AMX:analysis</a></td></tr><tr><th scope="row">2</th><td>CMCSA</td><td>NASDAQ</td><td><a target="_blank" href="https://www.dividend.com/search/?q=CMCSA">CMCSA:div</a></td><td><a target="_blank" href="https://www.tradingview.com/chart/?symbol=NASDAQ%3ACMCSA">CMCSA:tv</a></td><td><a target="_blank" href="https://www.nasdaq.com/market-activity/stocks/CMCSA/dividend-history">CMCSA:d_history</a></td><td><a target="_blank" href="https://www.nasdaq.com/market-activity/stocks/CMCSA">CMCSA:summary</a></td><td><a target="_blank" href="/mike/v/CMCSA.v">CMCSA:analysis</a></td></tr><tr><th scope="row">3</th><td>CSCO</td><td>NASDAQ</td><td><a target="_blank" href="https://www.dividend.com/search/?q=CSCO">CSCO:div</a></td><td><a target="_blank" href="https://www.tradingview.com/chart/?symbol=NASDAQ%3ACSCO">CSCO:tv</a></td><td><a target="_blank" href="https://www.nasdaq.com/market-activity/stocks/CSCO/dividend-history">CSCO:d_history</a></td><td><a target="_blank" href="https://www.nasdaq.com/market-activity/stocks/CSCO">CSCO:summary</a></td><td><a target="_blank" href="/mike/v/CSCO.v">CSCO:analysis</a></td></tr><tr><th scope="row">4</th><td>IRDM</td><td>NASDAQ</td><td><a target="_blank" href="https://www.dividend.com/search/?q=IRDM">IRDM:div</a></td><td><a target="_blank" href="https://www.tradingview.com/chart/?symbol=NASDAQ%3AIRDM">IRDM:tv</a></td><td><a target="_blank" href="https://www.nasdaq.com/market-activity/stocks/IRDM/dividend-history">IRDM:d_history</a></td><td><a target="_blank" href="https://www.nasdaq.com/market-activity/stocks/IRDM">IRDM:summary</a></td><td><a target="_blank" href="/mike/v/IRDM.v">IRDM:analysis</a></td></tr><tr><th scope="row">5</th><td>JNPR</td><td>NYSE</td><td><a target="_blank" href="https://www.dividend.com/search/?q=JNPR">JNPR:div</a></td><td><a target="_blank" href="https://www.tradingview.com/chart/?symbol=NYSE%3AJNPR">JNPR:tv</a></td><td><a target="_blank" href="https://www.nasdaq.com/market-activity/stocks/JNPR/dividend-history">JNPR:d_history</a></td><td><a target="_blank" href="https://www.nasdaq.com/market-activity/stocks/JNPR">JNPR:summary</a></td><td><a target="_blank" href="/mike/v/JNPR.v">JNPR:analysis</a></td></tr><tr><th scope="row">6</th><td>T</td><td>NYSE</td><td><a target="_blank" href="https://www.dividend.com/search/?q=T">T:div</a></td><td><a target="_blank" href="https://www.tradingview.com/chart/?symbol=NYSE%3AT">T:tv</a></td><td><a target="_blank" href="https://www.nasdaq.com/market-activity/stocks/T/dividend-history">T:d_history</a></td><td><a target="_blank" href="https://www.nasdaq.com/market-activity/stocks/T">T:summary</a></td><td><a target="_blank" href="/mike/v/T.v">T:analysis</a></td></tr><tr><th scope="row">7</th><td>TDS</td><td>NYSE</td><td><a target="_blank" href="https://www.dividend.com/search/?q=TDS">TDS:div</a></td><td><a target="_blank" href="https://www.tradingview.com/chart/?symbol=NYSE%3ATDS">TDS:tv</a></td><td><a target="_blank" href="https://www.nasdaq.com/market-activity/stocks/TDS/dividend-history">TDS:d_history</a></td><td><a target="_blank" href="https://www.nasdaq.com/market-activity/stocks/TDS">TDS:summary</a></td><td><a target="_blank" href="/mike/v/TDS.v">TDS:analysis</a></td></tr><tr><th scope="row">8</th><td>TLK</td><td>NYSE</td><td><a target="_blank" href="https://www.dividend.com/search/?q=TLK">TLK:div</a></td><td><a target="_blank" href="https://www.tradingview.com/chart/?symbol=NYSE%3ATLK">TLK:tv</a></td><td><a target="_blank" href="https://www.nasdaq.com/market-activity/stocks/TLK/dividend-history">TLK:d_history</a></td><td><a target="_blank" href="https://www.nasdaq.com/market-activity/stocks/TLK">TLK:summary</a></td><td><a target="_blank" href="/mike/v/TLK.v">TLK:analysis</a></td></tr><tr><th scope="row">9</th><td>TMUS</td><td>NASDAQ</td><td><a target="_blank" href="https://www.dividend.com/search/?q=TMUS">TMUS:div</a></td><td><a target="_blank" href="https://www.tradingview.com/chart/?symbol=NASDAQ%3ATMUS">TMUS:tv</a></td><td><a target="_blank" href="https://www.nasdaq.com/market-activity/stocks/TMUS/dividend-history">TMUS:d_history</a></td><td><a target="_blank" href="https://www.nasdaq.com/market-activity/stocks/TMUS">TMUS:summary</a></td><td><a target="_blank" href="/mike/v/TMUS.v">TMUS:analysis</a></td></tr><tr><th scope="row">10</th><td>VOD</td><td>NASDAQ</td><td><a target="_blank" href="https://www.dividend.com/search/?q=VOD">VOD:div</a></td><td><a target="_blank" href="https://www.tradingview.com/chart/?symbol=NASDAQ%3AVOD">VOD:tv</a></td><td><a target="_blank" href="https://www.nasdaq.com/market-activity/stocks/VOD/dividend-history">VOD:d_history</a></td><td><a target="_blank" href="https://www.nasdaq.com/market-activity/stocks/VOD">VOD:summary</a></td><td><a target="_blank" href="/mike/v/VOD.v">VOD:analysis</a></td></tr><tr><th scope="row">11</th><td>VZ</td><td>NYSE</td><td><a target="_blank" href="https://www.dividend.com/search/?q=VZ">VZ:div</a></td><td><a target="_blank" href="https://www.tradingview.com/chart/?symbol=NYSE%3AVZ">VZ:tv</a></td><td><a target="_blank" href="https://www.nasdaq.com/market-activity/stocks/VZ/dividend-history">VZ:d_history</a></td><td><a target="_blank" href="https://www.nasdaq.com/market-activity/stocks/VZ">VZ:summary</a></td><td><a target="_blank" href="/mike/v/VZ.v">VZ:analysis</a></td></tr></tbody></table></div><h5>html_fn_3yr_dividend_history</h5><div><div>                        <script type="text/javascript">window.PlotlyConfig = {MathJaxConfig: 'local'};</script>
        <script charset="utf-8" src="https://cdn.plot.ly/plotly-2.27.0.min.js"></script>                <div id="e1781042-09b2-4a0b-97e2-97162b4b8e89" class="plotly-graph-div" style="height:100%; width:100%;"></div>            <script type="text/javascript">                                    window.PLOTLYENV=window.PLOTLYENV || {};                                    if (document.getElementById("e1781042-09b2-4a0b-97e2-97162b4b8e89")) {                    Plotly.newPlot(                        "e1781042-09b2-4a0b-97e2-97162b4b8e89",                        [{"alignmentgroup":"True","base":["2021-05-19T00:00:00","2021-11-16T00:00:00","2023-05-16T00:00:00","2023-11-14T00:00:00","2022-05-18T00:00:00","2022-11-15T00:00:00","2023-06-05T00:00:00","2022-06-03T00:00:00","2021-12-16T00:00:00","2021-09-23T00:00:00","2021-06-25T00:00:00","2021-03-26T00:00:00","2023-12-13T00:00:00","2023-09-29T00:00:00","2023-06-29T00:00:00","2023-03-31T00:00:00","2022-12-15T00:00:00","2022-09-30T00:00:00","2022-06-28T00:00:00","2022-03-25T00:00:00","2023-12-07T00:00:00","2023-09-07T00:00:00","2023-06-01T00:00:00","2023-03-02T00:00:00","2022-12-01T00:00:00","2022-09-06T00:00:00","2022-05-31T00:00:00","2022-02-28T00:00:00","2021-12-02T00:00:00","2021-09-02T00:00:00","2021-06-02T00:00:00","2021-03-03T00:00:00","2023-06-29T00:00:00","2023-10-16T00:00:00","2023-08-06T00:00:00","2023-05-08T00:00:00","2023-02-20T00:00:00","2022-11-07T00:00:00","2022-08-03T00:00:00","2022-05-04T00:00:00","2022-02-02T00:00:00","2021-11-01T00:00:00","2021-08-04T00:00:00","2021-05-05T00:00:00","2021-02-03T00:00:00","2021-10-21T00:00:00","2021-06-04T00:00:00","2023-12-01T00:00:00","2023-08-11T00:00:00","2023-05-19T00:00:00","2023-02-16T00:00:00","2022-11-18T00:00:00","2022-08-11T00:00:00","2022-02-17T00:00:00","2021-11-29T00:00:00","2021-08-12T00:00:00","2021-05-21T00:00:00","2021-02-18T00:00:00","2023-11-15T00:00:00","2023-08-16T00:00:00","2023-05-17T00:00:00","2023-02-15T00:00:00","2023-10-03T00:00:00","2023-07-11T00:00:00","2023-05-17T00:00:00","2023-01-21T00:00:00","2022-12-07T00:00:00","2022-08-23T00:00:00","2022-06-06T00:00:00","2022-02-16T00:00:00","2021-12-12T00:00:00","2021-09-22T00:00:00","2021-05-26T00:00:00","2021-02-09T00:00:00","2022-10-11T00:00:00","2022-07-14T00:00:00","2022-05-10T00:00:00","2022-01-24T00:00:00","2021-10-12T00:00:00","2021-07-14T00:00:00","2021-05-25T00:00:00","2021-01-26T00:00:00","2023-02-01T00:00:00","2023-09-25T00:00:00","2023-12-01T00:00:00","2023-09-05T00:00:00","2023-05-04T00:00:00","2022-12-07T00:00:00"],"customdata":[[976,976,-941,-941,36,"NASDAQ-GS","Telecommunications","Telecommunications Equipment",8.45,0.532412,6.300733727810651,15.871167441755631,6.3],[795,795,-788,-788,8,"NASDAQ-GS","Telecommunications","Telecommunications Equipment",8.45,0.514206,6.085278106508877,16.433102686471955,6.1],[249,249,-227,-227,23,"NASDAQ-GS","Telecommunications","Telecommunications Equipment",8.45,0.4969395,5.880940828402368,17.004081985835295,5.9],[67,67,-60,-60,8,"NASDAQ-GS","Telecommunications","Telecommunications Equipment",8.45,0.481455,5.697692307692309,17.55096530309167,5.7],[612,612,-597,-597,16,"NASDAQ-GS","Telecommunications","Telecommunications Equipment",8.45,0.472455,5.591183431952663,17.885301245621275,5.6],[431,431,-424,-424,8,"NASDAQ-GS","Telecommunications","Telecommunications Equipment",8.45,0.46575,5.511834319526628,18.14278046162104,5.5],[229,229,-221,-221,9,"NYSE","Telecommunications","Telecommunications Equipment",25.5,1.129561,4.429650980392157,22.57514202420232,4.4],[596,596,-590,-590,7,"NYSE","Telecommunications","Telecommunications Equipment",25.5,1.001271,3.9265529411764706,25.46763064145471,3.9],[765,765,-744,-744,22,"NYSE","Telecommunications","Telecommunications Equipment",16.4,0.52,3.1707317073170733,31.538461538461533,3.2],[849,849,-836,-836,14,"NYSE","Telecommunications","Telecommunications Equipment",16.4,0.52,3.1707317073170733,31.538461538461533,3.2],[939,939,-927,-927,13,"NYSE","Telecommunications","Telecommunications Equipment",16.4,0.52,3.1707317073170733,31.538461538461533,3.2],[1030,1030,-1018,-1018,13,"NYSE","Telecommunications","Telecommunications Equipment",16.4,0.52,3.1707317073170733,31.538461538461533,3.2],[38,38,-12,-12,27,"NYSE","Telecommunications","Telecommunications Equipment",16.4,0.2775,1.6920731707317076,59.09909909909909,1.7],[113,113,-107,-107,7,"NYSE","Telecommunications","Telecommunications Equipment",16.4,0.2775,1.6920731707317076,59.09909909909909,1.7],[205,205,-198,-198,8,"NYSE","Telecommunications","Telecommunications Equipment",16.4,0.2775,1.6920731707317076,59.09909909909909,1.7],[295,295,-290,-290,6,"NYSE","Telecommunications","Telecommunications Equipment",16.4,0.2775,1.6920731707317076,59.09909909909909,1.7],[401,401,-377,-377,25,"NYSE","Telecommunications","Telecommunications Equipment",16.4,0.2775,1.6920731707317076,59.09909909909909,1.7],[477,477,-472,-472,6,"NYSE","Telecommunications","Telecommunications Equipment",16.4,0.2775,1.6920731707317076,59.09909909909909,1.7],[571,571,-562,-562,10,"NYSE","Telecommunications","Telecommunications Equipment",16.4,0.2775,1.6920731707317076,59.09909909909909,1.7],[666,666,-648,-648,19,"NYSE","Telecommunications","Telecommunications Equipment",16.4,0.2775,1.6920731707317076,59.09909909909909,1.7],[44,44,-12,-12,33,"NYSE","Telecommunications","Telecommunications Equipment",38.94,0.665,1.7077555213148434,58.556390977443606,1.7],[135,135,-107,-107,29,"NYSE","Telecommunications","Telecommunications Equipment",38.94,0.665,1.7077555213148434,58.556390977443606,1.7],[233,233,-198,-198,36,"NYSE","Telecommunications","Telecommunications Equipment",38.94,0.6525,1.6756548536209555,59.67816091954023,1.7],[324,324,-290,-290,35,"NYSE","Telecommunications","Telecommunications Equipment",38.94,0.6525,1.6756548536209555,59.67816091954023,1.7],[415,415,-377,-377,39,"NYSE","Telecommunications","Telecommunications Equipment",38.94,0.6525,1.6756548536209555,59.67816091954023,1.7],[501,501,-472,-472,30,"NYSE","Telecommunications","Telecommunications Equipment",38.94,0.6525,1.6756548536209555,59.67816091954023,1.7],[599,599,-563,-563,37,"NYSE","Telecommunications","Telecommunications Equipment",38.94,0.64,1.6435541859270675,60.84374999999999,1.6],[691,691,-654,-654,38,"NYSE","Telecommunications","Telecommunications Equipment",38.94,0.64,1.6435541859270675,60.84374999999999,1.6],[779,779,-744,-744,36,"NYSE","Telecommunications","Telecommunications Equipment",38.94,0.64,1.6435541859270675,60.84374999999999,1.6],[870,870,-836,-836,35,"NYSE","Telecommunications","Telecommunications Equipment",38.94,0.64,1.6435541859270675,60.84374999999999,1.6],[962,962,-927,-927,36,"NYSE","Telecommunications","Telecommunications Equipment",38.94,0.6275,1.611453518233179,62.05577689243028,1.6],[1053,1053,-1018,-1018,36,"NYSE","Telecommunications","Telecommunications Equipment",38.94,0.6275,1.611453518233179,62.05577689243028,1.6],[205,205,-192,-192,14,"NYSE","Telecommunications","Telecommunications Equipment",18.02,0.26873,1.4912874583795783,67.0561530160384,1.5],[96,96,-73,-73,24,"NYSE","Telecommunications","Telecommunications Equipment",18.02,0.256081,1.421093229744728,70.36836001109023,1.4],[167,167,-156,-156,12,"NASDAQ-GS","Telecommunications","Telecommunications Equipment",7.04,0.09,1.2784090909090908,78.22222222222223,1.3],[257,257,-244,-244,14,"NASDAQ-GS","Telecommunications","Telecommunications Equipment",7.04,0.09,1.2784090909090908,78.22222222222223,1.3],[334,334,-321,-321,14,"NASDAQ-GS","Telecommunications","Telecommunications Equipment",7.04,0.09,1.2784090909090908,78.22222222222223,1.3],[439,439,-426,-426,14,"NASDAQ-GS","Telecommunications","Telecommunications Equipment",7.04,0.09,1.2784090909090908,78.22222222222223,1.3],[535,535,-522,-522,14,"NASDAQ-GS","Telecommunications","Telecommunications Equipment",7.04,0.09,1.2784090909090908,78.22222222222223,1.3],[626,626,-613,-613,14,"NASDAQ-GS","Telecommunications","Telecommunications Equipment",7.04,0.09,1.2784090909090908,78.22222222222223,1.3],[717,717,-704,-704,14,"NASDAQ-GS","Telecommunications","Telecommunications Equipment",7.04,0.09,1.2784090909090908,78.22222222222223,1.3],[810,810,-797,-797,14,"NASDAQ-GS","Telecommunications","Telecommunications Equipment",7.04,0.09,1.2784090909090908,78.22222222222223,1.3],[899,899,-886,-886,14,"NASDAQ-GS","Telecommunications","Telecommunications Equipment",7.04,0.09,1.2784090909090908,78.22222222222223,1.3],[990,990,-977,-977,14,"NASDAQ-GS","Telecommunications","Telecommunications Equipment",7.04,0.09,1.2784090909090908,78.22222222222223,1.3],[1081,1081,-1068,-1068,14,"NASDAQ-GS","Telecommunications","Telecommunications Equipment",7.04,0.09,1.2784090909090908,78.22222222222223,1.3],[821,821,-808,-808,14,"NYSE","Telecommunications","Telecommunications Equipment",18.02,0.196367,1.0897169811320755,91.76694658471128,1.1],[960,960,-954,-954,7,"NYSE","Telecommunications","Telecommunications Equipment",25.5,0.288379,1.1308980392156862,88.4253014262481,1.1],[50,50,-38,-38,13,"NYSE","Telecommunications","Telecommunications Equipment",18.43,0.185,1.003798155181769,99.62162162162163,1.0],[162,162,-129,-129,34,"NYSE","Telecommunications","Telecommunications Equipment",18.43,0.185,1.003798155181769,99.62162162162163,1.0],[246,246,-221,-221,26,"NYSE","Telecommunications","Telecommunications Equipment",18.43,0.185,1.003798155181769,99.62162162162163,1.0],[338,338,-313,-313,26,"NYSE","Telecommunications","Telecommunications Equipment",18.43,0.185,1.003798155181769,99.62162162162163,1.0],[428,428,-403,-403,26,"NYSE","Telecommunications","Telecommunications Equipment",18.43,0.18,0.9766684753119913,102.38888888888889,1.0],[527,527,-494,-494,34,"NYSE","Telecommunications","Telecommunications Equipment",18.43,0.18,0.9766684753119913,102.38888888888889,1.0],[702,702,-678,-678,25,"NYSE","Telecommunications","Telecommunications Equipment",18.43,0.18,0.9766684753119913,102.38888888888889,1.0],[782,782,-768,-768,15,"NYSE","Telecommunications","Telecommunications Equipment",18.43,0.175,0.9495387954422138,105.31428571428572,0.9],[891,891,-859,-859,33,"NYSE","Telecommunications","Telecommunications Equipment",18.43,0.175,0.9495387954422138,105.31428571428572,0.9],[974,974,-951,-951,24,"NYSE","Telecommunications","Telecommunications Equipment",18.43,0.175,0.9495387954422138,105.31428571428572,0.9],[1066,1066,-1041,-1041,26,"NYSE","Telecommunications","Telecommunications Equipment",18.43,0.175,0.9495387954422138,105.31428571428572,0.9],[66,66,-18,-18,49,"NASDAQ-GS","Telecommunications","Computer Communications Equipment",50.75,0.39,0.7684729064039408,130.1282051282051,0.8],[157,157,-110,-110,48,"NASDAQ-GS","Telecommunications","Computer Communications Equipment",50.75,0.39,0.7684729064039408,130.1282051282051,0.8],[248,248,-200,-200,49,"NASDAQ-GS","Telecommunications","Computer Communications Equipment",50.75,0.39,0.7684729064039408,130.1282051282051,0.8],[339,339,-292,-292,48,"NASDAQ-GS","Telecommunications","Computer Communications Equipment",50.75,0.39,0.7684729064039408,130.1282051282051,0.8],[109,109,-19,-19,91,"NASDAQ-GS","Telecommunications","Cable & Other Pay Television Services",42.54,0.29,0.6817113305124588,146.6896551724138,0.7],[193,193,-110,-110,84,"NASDAQ-GS","Telecommunications","Cable & Other Pay Television Services",42.54,0.29,0.6817113305124588,146.6896551724138,0.7],[248,248,-202,-202,47,"NASDAQ-GS","Telecommunications","Cable & Other Pay Television Services",42.54,0.29,0.6817113305124588,146.6896551724138,0.7],[364,364,-292,-292,73,"NASDAQ-GS","Telecommunications","Cable & Other Pay Television Services",42.54,0.29,0.6817113305124588,146.6896551724138,0.7],[409,409,-382,-382,28,"NASDAQ-GS","Telecommunications","Computer Communications Equipment",50.75,0.38,0.7487684729064039,133.55263157894737,0.7],[515,515,-474,-474,42,"NASDAQ-GS","Telecommunications","Computer Communications Equipment",50.75,0.38,0.7487684729064039,133.55263157894737,0.7],[593,593,-565,-565,29,"NASDAQ-GS","Telecommunications","Computer Communications Equipment",50.75,0.38,0.7487684729064039,133.55263157894737,0.7],[703,703,-656,-656,48,"NASDAQ-GS","Telecommunications","Computer Communications Equipment",50.75,0.38,0.7487684729064039,133.55263157894737,0.7],[769,769,-747,-747,23,"NASDAQ-GS","Telecommunications","Computer Communications Equipment",50.75,0.37,0.729064039408867,137.16216216216216,0.7],[850,850,-839,-839,12,"NASDAQ-GS","Telecommunications","Computer Communications Equipment",50.75,0.37,0.729064039408867,137.16216216216216,0.7],[969,969,-933,-933,37,"NASDAQ-GS","Telecommunications","Computer Communications Equipment",50.75,0.37,0.729064039408867,137.16216216216216,0.7],[1075,1075,-1021,-1021,55,"NASDAQ-GS","Telecommunications","Computer Communications Equipment",50.75,0.37,0.729064039408867,137.16216216216216,0.7],[466,466,-383,-383,84,"NASDAQ-GS","Telecommunications","Cable & Other Pay Television Services",42.54,0.27,0.6346967559943583,157.55555555555554,0.6],[555,555,-474,-474,82,"NASDAQ-GS","Telecommunications","Cable & Other Pay Television Services",42.54,0.27,0.6346967559943583,157.55555555555554,0.6],[620,620,-565,-565,56,"NASDAQ-GS","Telecommunications","Cable & Other Pay Television Services",42.54,0.27,0.6346967559943583,157.55555555555554,0.6],[726,726,-656,-656,71,"NASDAQ-GS","Telecommunications","Cable & Other Pay Television Services",42.54,0.27,0.6346967559943583,157.55555555555554,0.6],[830,830,-747,-747,84,"NASDAQ-GS","Telecommunications","Cable & Other Pay Television Services",42.54,0.25,0.5876821814762576,170.16,0.6],[920,920,-838,-838,83,"NASDAQ-GS","Telecommunications","Cable & Other Pay Television Services",42.54,0.25,0.5876821814762576,170.16,0.6],[970,970,-929,-929,42,"NASDAQ-GS","Telecommunications","Cable & Other Pay Television Services",42.54,0.25,0.5876821814762576,170.16,0.6],[1089,1089,-1020,-1020,70,"NASDAQ-GS","Telecommunications","Cable & Other Pay Television Services",42.54,0.25,0.5876821814762576,170.16,0.6],[353,353,-327,-327,27,"NYSE","Telecommunications","Computer Communications Equipment",37.32,0.22,0.5894962486602358,169.63636363636363,0.6],[117,117,-52,-52,66,"NASDAQ-GS","Telecommunications","Telecommunications Equipment",164.89,0.65,0.39420219540299595,253.67692307692306,0.4],[50,50,-38,-38,13,"NASDAQ-GS","Telecommunications","Telecommunications Equipment",38.1,0.13,0.3412073490813648,293.0769230769231,0.3],[137,137,-129,-129,9,"NASDAQ-GS","Telecommunications","Telecommunications Equipment",38.1,0.13,0.3412073490813648,293.0769230769231,0.3],[261,261,-221,-221,41,"NASDAQ-GS","Telecommunications","Telecommunications Equipment",38.1,0.13,0.3412073490813648,293.0769230769231,0.3],[409,409,-313,-313,97,"NASDAQ-GS","Telecommunications","Telecommunications Equipment",38.1,0.13,0.3412073490813648,293.0769230769231,0.3]],"hovertemplate":"x_start=%{base}\u003cbr\u003ex_end=%{x}\u003cbr\u003estr_symbol=%{y}\u003cbr\u003edt_declarationDate_past=%{customdata[0]}\u003cbr\u003ed_past=%{customdata[1]}\u003cbr\u003edt_exOrEffDate_until=%{customdata[2]}\u003cbr\u003ed_until=%{customdata[3]}\u003cbr\u003eTTL=%{customdata[4]}\u003cbr\u003estr_Exchange=%{customdata[5]}\u003cbr\u003estr_Sector=%{customdata[6]}\u003cbr\u003estr_Industry=%{customdata[7]}\u003cbr\u003enum_PreviousClose=%{customdata[8]}\u003cbr\u003enum_amount=%{customdata[9]}\u003cbr\u003enum_CpD=%{customdata[10]}\u003cbr\u003enum_times=%{customdata[11]}\u003cbr\u003eROI=%{marker.color}\u003cextra\u003e\u003c\u002fextra\u003e","legendgroup":"","marker":{"color":[6.3,6.1,5.9,5.7,5.6,5.5,4.4,3.9,3.2,3.2,3.2,3.2,1.7,1.7,1.7,1.7,1.7,1.7,1.7,1.7,1.7,1.7,1.7,1.7,1.7,1.7,1.6,1.6,1.6,1.6,1.6,1.6,1.5,1.4,1.3,1.3,1.3,1.3,1.3,1.3,1.3,1.3,1.3,1.3,1.3,1.1,1.1,1.0,1.0,1.0,1.0,1.0,1.0,1.0,0.9,0.9,0.9,0.9,0.8,0.8,0.8,0.8,0.7,0.7,0.7,0.7,0.7,0.7,0.7,0.7,0.7,0.7,0.7,0.7,0.6,0.6,0.6,0.6,0.6,0.6,0.6,0.6,0.6,0.4,0.3,0.3,0.3,0.3],"coloraxis":"coloraxis","pattern":{"shape":""}},"name":"","offsetgroup":"","orientation":"h","showlegend":false,"textposition":"auto","x":[3110400000.0,691200000.0,1987200000.0,691200000.0,1382400000.0,691200000.0,777600000.0,604800000.0,1900800000.0,1209600000.0,1123200000.0,1123200000.0,2332800000.0,604800000.0,691200000.0,518400000.0,2160000000.0,518400000.0,864000000.0,1641600000.0,2851200000.0,2505600000.0,3110400000.0,3024000000.0,3369600000.0,2592000000.0,3196800000.0,3283200000.0,3110400000.0,3024000000.0,3110400000.0,3110400000.0,1209600000.0,2073600000.0,1036800000.0,1209600000.0,1209600000.0,1209600000.0,1209600000.0,1209600000.0,1209600000.0,1209600000.0,1209600000.0,1209600000.0,1209600000.0,1209600000.0,604800000.0,1123200000.0,2937600000.0,2246400000.0,2246400000.0,2246400000.0,2937600000.0,2160000000.0,1296000000.0,2851200000.0,2073600000.0,2246400000.0,4233600000.0,4147200000.0,4233600000.0,4147200000.0,7862400000.0,7257600000.0,4060800000.0,6307200000.0,2419200000.0,3628800000.0,2505600000.0,4147200000.0,1987200000.0,1036800000.0,3196800000.0,4752000000.0,7257600000.0,7084800000.0,4838400000.0,6134400000.0,7257600000.0,7171200000.0,3628800000.0,6048000000.0,2332800000.0,5702400000.0,1123200000.0,777600000.0,3542400000.0,8380800000.0],"xaxis":"x","y":["VOD","VOD","VOD","VOD","VOD","VOD","TLK","TLK","T","T","T","T","T","T","T","T","T","T","T","T","VZ","VZ","VZ","VZ","VZ","VZ","VZ","VZ","VZ","VZ","VZ","VZ","AMX","AMX","ADTN","ADTN","ADTN","ADTN","ADTN","ADTN","ADTN","ADTN","ADTN","ADTN","ADTN","AMX","TLK","TDS","TDS","TDS","TDS","TDS","TDS","TDS","TDS","TDS","TDS","TDS","CSCO","CSCO","CSCO","CSCO","CMCSA","CMCSA","CMCSA","CMCSA","CSCO","CSCO","CSCO","CSCO","CSCO","CSCO","CSCO","CSCO","CMCSA","CMCSA","CMCSA","CMCSA","CMCSA","CMCSA","CMCSA","CMCSA","JNPR","TMUS","IRDM","IRDM","IRDM","IRDM"],"yaxis":"y","type":"bar"}],                        {"template":{"data":{"histogram2dcontour":[{"type":"histogram2dcontour","colorbar":{"outlinewidth":0,"ticks":""},"colorscale":[[0.0,"#0d0887"],[0.1111111111111111,"#46039f"],[0.2222222222222222,"#7201a8"],[0.3333333333333333,"#9c179e"],[0.4444444444444444,"#bd3786"],[0.5555555555555556,"#d8576b"],[0.6666666666666666,"#ed7953"],[0.7777777777777778,"#fb9f3a"],[0.8888888888888888,"#fdca26"],[1.0,"#f0f921"]]}],"choropleth":[{"type":"choropleth","colorbar":{"outlinewidth":0,"ticks":""}}],"histogram2d":[{"type":"histogram2d","colorbar":{"outlinewidth":0,"ticks":""},"colorscale":[[0.0,"#0d0887"],[0.1111111111111111,"#46039f"],[0.2222222222222222,"#7201a8"],[0.3333333333333333,"#9c179e"],[0.4444444444444444,"#bd3786"],[0.5555555555555556,"#d8576b"],[0.6666666666666666,"#ed7953"],[0.7777777777777778,"#fb9f3a"],[0.8888888888888888,"#fdca26"],[1.0,"#f0f921"]]}],"heatmap":[{"type":"heatmap","colorbar":{"outlinewidth":0,"ticks":""},"colorscale":[[0.0,"#0d0887"],[0.1111111111111111,"#46039f"],[0.2222222222222222,"#7201a8"],[0.3333333333333333,"#9c179e"],[0.4444444444444444,"#bd3786"],[0.5555555555555556,"#d8576b"],[0.6666666666666666,"#ed7953"],[0.7777777777777778,"#fb9f3a"],[0.8888888888888888,"#fdca26"],[1.0,"#f0f921"]]}],"heatmapgl":[{"type":"heatmapgl","colorbar":{"outlinewidth":0,"ticks":""},"colorscale":[[0.0,"#0d0887"],[0.1111111111111111,"#46039f"],[0.2222222222222222,"#7201a8"],[0.3333333333333333,"#9c179e"],[0.4444444444444444,"#bd3786"],[0.5555555555555556,"#d8576b"],[0.6666666666666666,"#ed7953"],[0.7777777777777778,"#fb9f3a"],[0.8888888888888888,"#fdca26"],[1.0,"#f0f921"]]}],"contourcarpet":[{"type":"contourcarpet","colorbar":{"outlinewidth":0,"ticks":""}}],"contour":[{"type":"contour","colorbar":{"outlinewidth":0,"ticks":""},"colorscale":[[0.0,"#0d0887"],[0.1111111111111111,"#46039f"],[0.2222222222222222,"#7201a8"],[0.3333333333333333,"#9c179e"],[0.4444444444444444,"#bd3786"],[0.5555555555555556,"#d8576b"],[0.6666666666666666,"#ed7953"],[0.7777777777777778,"#fb9f3a"],[0.8888888888888888,"#fdca26"],[1.0,"#f0f921"]]}],"surface":[{"type":"surface","colorbar":{"outlinewidth":0,"ticks":""},"colorscale":[[0.0,"#0d0887"],[0.1111111111111111,"#46039f"],[0.2222222222222222,"#7201a8"],[0.3333333333333333,"#9c179e"],[0.4444444444444444,"#bd3786"],[0.5555555555555556,"#d8576b"],[0.6666666666666666,"#ed7953"],[0.7777777777777778,"#fb9f3a"],[0.8888888888888888,"#fdca26"],[1.0,"#f0f921"]]}],"mesh3d":[{"type":"mesh3d","colorbar":{"outlinewidth":0,"ticks":""}}],"scatter":[{"fillpattern":{"fillmode":"overlay","size":10,"solidity":0.2},"type":"scatter"}],"parcoords":[{"type":"parcoords","line":{"colorbar":{"outlinewidth":0,"ticks":""}}}],"scatterpolargl":[{"type":"scatterpolargl","marker":{"colorbar":{"outlinewidth":0,"ticks":""}}}],"bar":[{"error_x":{"color":"#2a3f5f"},"error_y":{"color":"#2a3f5f"},"marker":{"line":{"color":"#E5ECF6","width":0.5},"pattern":{"fillmode":"overlay","size":10,"solidity":0.2}},"type":"bar"}],"scattergeo":[{"type":"scattergeo","marker":{"colorbar":{"outlinewidth":0,"ticks":""}}}],"scatterpolar":[{"type":"scatterpolar","marker":{"colorbar":{"outlinewidth":0,"ticks":""}}}],"histogram":[{"marker":{"pattern":{"fillmode":"overlay","size":10,"solidity":0.2}},"type":"histogram"}],"scattergl":[{"type":"scattergl","marker":{"colorbar":{"outlinewidth":0,"ticks":""}}}],"scatter3d":[{"type":"scatter3d","line":{"colorbar":{"outlinewidth":0,"ticks":""}},"marker":{"colorbar":{"outlinewidth":0,"ticks":""}}}],"scattermapbox":[{"type":"scattermapbox","marker":{"colorbar":{"outlinewidth":0,"ticks":""}}}],"scatterternary":[{"type":"scatterternary","marker":{"colorbar":{"outlinewidth":0,"ticks":""}}}],"scattercarpet":[{"type":"scattercarpet","marker":{"colorbar":{"outlinewidth":0,"ticks":""}}}],"carpet":[{"aaxis":{"endlinecolor":"#2a3f5f","gridcolor":"white","linecolor":"white","minorgridcolor":"white","startlinecolor":"#2a3f5f"},"baxis":{"endlinecolor":"#2a3f5f","gridcolor":"white","linecolor":"white","minorgridcolor":"white","startlinecolor":"#2a3f5f"},"type":"carpet"}],"table":[{"cells":{"fill":{"color":"#EBF0F8"},