---
layout: detail
title: StockReport(telecommunications.ss.html)
dt_created: 2024-01-16 13:26:51 +0000
---
<h4>Sector: [telecommunications] - last_upd:[]</h4><h5>html_fn_3yr_dividend_history (current open windows)</h5><div><h1>Empty Chart</h1></div><h5>fn_build_correlation_mx</h5><div><div>                        <script type="text/javascript">window.PlotlyConfig = {MathJaxConfig: 'local'};</script>
        <script charset="utf-8" src="https://cdn.plot.ly/plotly-2.27.0.min.js"></script>                <div id="ccd38eb7-28e4-487b-85bc-81cbb241a418" class="plotly-graph-div" style="height:100%; width:100%;"></div>            <script type="text/javascript">                                    window.PLOTLYENV=window.PLOTLYENV || {};                                    if (document.getElementById("ccd38eb7-28e4-487b-85bc-81cbb241a418")) {                    Plotly.newPlot(                        "ccd38eb7-28e4-487b-85bc-81cbb241a418",                        [{"colorscale":[[0.0,"rgb(103,0,31)"],[0.1,"rgb(178,24,43)"],[0.2,"rgb(214,96,77)"],[0.3,"rgb(244,165,130)"],[0.4,"rgb(253,219,199)"],[0.5,"rgb(247,247,247)"],[0.6,"rgb(209,229,240)"],[0.7,"rgb(146,197,222)"],[0.8,"rgb(67,147,195)"],[0.9,"rgb(33,102,172)"],[1.0,"rgb(5,48,97)"]],"texttemplate":"%{z:.1f}","x":["ADTN","AMX","CMCSA","CSCO","IRDM","JNPR","T","TDS","TLK","TMUS","VOD","VZ"],"y":["ADTN","AMX","CMCSA","CSCO","IRDM","JNPR","T","TDS","TLK","TMUS","VOD","VZ"],"z":[[1.0,0.22985830151258851,0.6536374995906438,-0.0467859193475862,0.6327314388586562,-0.10911152119063534,0.20286289858838943,-0.05146489151144743,0.23482658790065553,-0.12399304279091239,0.07946472500434325,0.10989680850783135],[0.22985830151258851,1.0,0.2166744949985785,0.04214641665291294,0.3474408941642694,-0.25943872072341106,0.11388480474687578,0.25067362630122014,0.6311042951065027,-0.13813797487860316,0.4997416439307916,0.3131208669484299],[0.6536374995906438,0.2166744949985785,1.0,0.35819911565010704,0.20298827769897196,-0.09549012833063308,-0.1087157108745229,0.13382048225688237,0.0767947347781606,-0.12989080216472432,-0.04305442969630892,-0.00767228576745669],[-0.0467859193475862,0.04214641665291294,0.35819911565010704,1.0,-0.09732171666093842,-0.2893839600029564,-0.07569747688703068,0.12865855148579805,0.21194333830958728,0.2593489558792475,-0.18446835480455914,-0.10630840580714726],[0.6327314388586562,0.3474408941642694,0.20298827769897196,-0.09732171666093842,1.0,-0.0948415341215139,0.13293197025378328,0.12053541155391345,0.4089402520837119,-0.06714637222559344,0.3275925564745447,-0.017997933400486853],[-0.10911152119063534,-0.25943872072341106,-0.09549012833063308,-0.2893839600029564,-0.0948415341215139,1.0,-0.31253516699667566,0.01747873870329961,-0.028062839238724997,-0.10178880017320217,-0.11171440071230539,-0.39981768286207797],[0.20286289858838943,0.11388480474687578,-0.1087157108745229,-0.07569747688703068,0.13293197025378328,-0.31253516699667566,1.0,0.27956853386959235,0.266415750738583,0.21397775398057403,0.4355521400036462,0.8288526360070709],[-0.05146489151144743,0.25067362630122014,0.13382048225688237,0.12865855148579805,0.12053541155391345,0.01747873870329961,0.27956853386959235,1.0,0.2583152918190846,0.12260150290885637,0.4151957325528536,0.22397831087816666],[0.23482658790065553,0.6311042951065027,0.0767947347781606,0.21194333830958728,0.4089402520837119,-0.028062839238724997,0.266415750738583,0.2583152918190846,1.0,-0.018178030372842244,0.33358119898820304,0.2682804582521954],[-0.12399304279091239,-0.13813797487860316,-0.12989080216472432,0.2593489558792475,-0.06714637222559344,-0.10178880017320217,0.21397775398057403,0.12260150290885637,-0.018178030372842244,1.0,0.03268837308354514,0.15265757113493583],[0.07946472500434325,0.4997416439307916,-0.04305442969630892,-0.18446835480455914,0.3275925564745447,-0.11171440071230539,0.4355521400036462,0.4151957325528536,0.33358119898820304,0.03268837308354514,1.0,0.5860481576908491],[0.10989680850783135,0.3131208669484299,-0.00767228576745669,-0.10630840580714726,-0.017997933400486853,-0.39981768286207797,0.8288526360070709,0.22397831087816666,0.2682804582521954,0.15265757113493583,0.5860481576908491,1.0]],"zmax":1,"zmin":-1,"type":"heatmap"}],                        {"template":{"data":{"histogram2dcontour":[{"type":"histogram2dcontour","colorbar":{"outlinewidth":0,"ticks":""},"colorscale":[[0.0,"#0d0887"],[0.1111111111111111,"#46039f"],[0.2222222222222222,"#7201a8"],[0.3333333333333333,"#9c179e"],[0.4444444444444444,"#bd3786"],[0.5555555555555556,"#d8576b"],[0.6666666666666666,"#ed7953"],[0.7777777777777778,"#fb9f3a"],[0.8888888888888888,"#fdca26"],[1.0,"#f0f921"]]}],"choropleth":[{"type":"choropleth","colorbar":{"outlinewidth":0,"ticks":""}}],"histogram2d":[{"type":"histogram2d","colorbar":{"outlinewidth":0,"ticks":""},"colorscale":[[0.0,"#0d0887"],[0.1111111111111111,"#46039f"],[0.2222222222222222,"#7201a8"],[0.3333333333333333,"#9c179e"],[0.4444444444444444,"#bd3786"],[0.5555555555555556,"#d8576b"],[0.6666666666666666,"#ed7953"],[0.7777777777777778,"#fb9f3a"],[0.8888888888888888,"#fdca26"],[1.0,"#f0f921"]]}],"heatmap":[{"type":"heatmap","colorbar":{"outlinewidth":0,"ticks":""},"colorscale":[[0.0,"#0d0887"],[0.1111111111111111,"#46039f"],[0.2222222222222222,"#7201a8"],[0.3333333333333333,"#9c179e"],[0.4444444444444444,"#bd3786"],[0.5555555555555556,"#d8576b"],[0.6666666666666666,"#ed7953"],[0.7777777777777778,"#fb9f3a"],[0.8888888888888888,"#fdca26"],[1.0,"#f0f921"]]}],"heatmapgl":[{"type":"heatmapgl","colorbar":{"outlinewidth":0,"ticks":""},"colorscale":[[0.0,"#0d0887"],[0.1111111111111111,"#46039f"],[0.2222222222222222,"#7201a8"],[0.3333333333333333,"#9c179e"],[0.4444444444444444,"#bd3786"],[0.5555555555555556,"#d8576b"],[0.6666666666666666,"#ed7953"],[0.7777777777777778,"#fb9f3a"],[0.8888888888888888,"#fdca26"],[1.0,"#f0f921"]]}],"contourcarpet":[{"type":"contourcarpet","colorbar":{"outlinewidth":0,"ticks":""}}],"contour":[{"type":"contour","colorbar":{"outlinewidth":0,"ticks":""},"colorscale":[[0.0,"#0d0887"],[0.1111111111111111,"#46039f"],[0.2222222222222222,"#7201a8"],[0.3333333333333333,"#9c179e"],[0.4444444444444444,"#bd3786"],[0.5555555555555556,"#d8576b"],[0.6666666666666666,"#ed7953"],[0.7777777777777778,"#fb9f3a"],[0.8888888888888888,"#fdca26"],[1.0,"#f0f921"]]}],"surface":[{"type":"surface","colorbar":{"outlinewidth":0,"ticks":""},"colorscale":[[0.0,"#0d0887"],[0.1111111111111111,"#46039f"],[0.2222222222222222,"#7201a8"],[0.3333333333333333,"#9c179e"],[0.4444444444444444,"#bd3786"],[0.5555555555555556,"#d8576b"],[0.6666666666666666,"#ed7953"],[0.7777777777777778,"#fb9f3a"],[0.8888888888888888,"#fdca26"],[1.0,"#f0f921"]]}],"mesh3d":[{"type":"mesh3d","colorbar":{"outlinewidth":0,"ticks":""}}],"scatter":[{"fillpattern":{"fillmode":"overlay","size":10,"solidity":0.2},"type":"scatter"}],"parcoords":[{"type":"parcoords","line":{"colorbar":{"outlinewidth":0,"ticks":""}}}],"scatterpolargl":[{"type":"scatterpolargl","marker":{"colorbar":{"outlinewidth":0,"ticks":""}}}],"bar":[{"error_x":{"color":"#2a3f5f"},"error_y":{"color":"#2a3f5f"},"marker":{"line":{"color":"#E5ECF6","width":0.5},"pattern":{"fillmode":"overlay","size":10,"solidity":0.2}},"type":"bar"}],"scattergeo":[{"type":"scattergeo","marker":{"colorbar":{"outlinewidth":0,"ticks":""}}}],"scatterpolar":[{"type":"scatterpolar","marker":{"colorbar":{"outlinewidth":0,"ticks":""}}}],"histogram":[{"marker":{"pattern":{"fillmode":"overlay","size":10,"solidity":0.2}},"type":"histogram"}],"scattergl":[{"type":"scattergl","marker":{"colorbar":{"outlinewidth":0,"ticks":""}}}],"scatter3d":[{"type":"scatter3d","line":{"colorbar":{"outlinewidth":0,"ticks":""}},"marker":{"colorbar":{"outlinewidth":0,"ticks":""}}}],"scattermapbox":[{"type":"scattermapbox","marker":{"colorbar":{"outlinewidth":0,"ticks":""}}}],"scatterternary":[{"type":"scatterternary","marker":{"colorbar":{"outlinewidth":0,"ticks":""}}}],"scattercarpet":[{"type":"scattercarpet","marker":{"colorbar":{"outlinewidth":0,"ticks":""}}}],"carpet":[{"aaxis":{"endlinecolor":"#2a3f5f","gridcolor":"white","linecolor":"white","minorgridcolor":"white","startlinecolor":"#2a3f5f"},"baxis":{"endlinecolor":"#2a3f5f","gridcolor":"white","linecolor":"white","minorgridcolor":"white","startlinecolor":"#2a3f5f"},"type":"carpet"}],"table":[{"cells":{"fill":{"color":"#EBF0F8"},"line":{"color":"white"}},"header":{"fill":{"color":"#C8D4E3"},"line":{"color":"white"}},"type":"table"}],"barpolar":[{"marker":{"line":{"color":"#E5ECF6","width":0.5},"pattern":{"fillmode":"overlay","size":10,"solidity":0.2}},"type":"barpolar"}],"pie":[{"automargin":true,"type":"pie"}]},"layout":{"autotypenumbers":"strict","colorway":["#636efa","#EF553B","#00cc96","#ab63fa","#FFA15A","#19d3f3","#FF6692","#B6E880","#FF97FF","#FECB52"],"font":{"color":"#2a3f5f"},"hovermode":"closest","hoverlabel":{"align":"left"},"paper_bgcolor":"white","plot_bgcolor":"#E5ECF6","polar":{"bgcolor":"#E5ECF6","angularaxis":{"gridcolor":"white","linecolor":"white","ticks":""},"radialaxis":{"gridcolor":"white","linecolor":"white","ticks":""}},"ternary":{"bgcolor":"#E5ECF6","aaxis":{"gridcolor":"white","linecolor":"white","ticks":""},"baxis":{"gridcolor":"white","linecolor":"white","ticks":""},"caxis":{"gridcolor":"white","linecolor":"white","ticks":""}},"coloraxis":{"colorbar":{"outlinewidth":0,"ticks":""}},"colorscale":{"sequential":[[0.0,"#0d0887"],[0.1111111111111111,"#46039f"],[0.2222222222222222,"#7201a8"],[0.3333333333333333,"#9c179e"],[0.4444444444444444,"#bd3786"],[0.5555555555555556,"#d8576b"],[0.6666666666666666,"#ed7953"],[0.7777777777777778,"#fb9f3a"],[0.8888888888888888,"#fdca26"],[1.0,"#f0f921"]],"sequentialminus":[[0.0,"#0d0887"],[0.1111111111111111,"#46039f"],[0.2222222222222222,"#7201a8"],[0.3333333333333333,"#9c179e"],[0.4444444444444444,"#bd3786"],[0.5555555555555556,"#d8576b"],[0.6666666666666666,"#ed7953"],[0.7777777777777778,"#fb9f3a"],[0.8888888888888888,"#fdca26"],[1.0,"#f0f921"]],"diverging":[[0,"#8e0152"],[0.1,"#c51b7d"],[0.2,"#de77ae"],[0.3,"#f1b6da"],[0.4,"#fde0ef"],[0.5,"#f7f7f7"],[0.6,"#e6f5d0"],[0.7,"#b8e186"],[0.8,"#7fbc41"],[0.9,"#4d9221"],[1,"#276419"]]},"xaxis":{"gridcolor":"white","linecolor":"white","ticks":"","title":{"standoff":15},"zerolinecolor":"white","automargin":true,"zerolinewidth":2},"yaxis":{"gridcolor":"white","linecolor":"white","ticks":"","title":{"standoff":15},"zerolinecolor":"white","automargin":true,"zerolinewidth":2},"scene":{"xaxis":{"backgroundcolor":"#E5ECF6","gridcolor":"white","linecolor":"white","showbackground":true,"ticks":"","zerolinecolor":"white","gridwidth":2},"yaxis":{"backgroundcolor":"#E5ECF6","gridcolor":"white","linecolor":"white","showbackground":true,"ticks":"","zerolinecolor":"white","gridwidth":2},"zaxis":{"backgroundcolor":"#E5ECF6","gridcolor":"white","linecolor":"white","showbackground":true,"ticks":"","zerolinecolor":"white","gridwidth":2}},"shapedefaults":{"line":{"color":"#2a3f5f"}},"annotationdefaults":{"arrowcolor":"#2a3f5f","arrowhead":0,"arrowwidth":1},"geo":{"bgcolor":"white","landcolor":"#E5ECF6","subunitcolor":"white","showland":true,"showlakes":true,"lakecolor":"white"},"title":{"x":0.05},"mapbox":{"style":"light"}}}},                        {"responsive": true}                    )                };                            </script>        </div></div><h5>xrefs</h5><div><table class="table table-sm table-dark table-hover table-bordered "><thead><tr><th scope="col">#</th><th scope="col">symbol</th><th scope="col">xChange</th><th scope="col">𝜋(div.com)</th><th scope="col">𝜋(tv.com)</th><th scope="col">𝜋(NASDAQ:DH)</th><th scope="col">𝜋(NASDAQ:SUM)</th><th scope="col">𝜋(self-analysis)</th></tr></thead><tbody><tr><th scope="row">0</th><td>ADTN</td><td>NASDAQ</td><td><a target="_blank" href="https://www.dividend.com/search/?q=ADTN">ADTN:div</a></td><td><a target="_blank" href="https://www.tradingview.com/chart/?symbol=NASDAQ%3AADTN">ADTN:tv</a></td><td><a target="_blank" href="https://www.nasdaq.com/market-activity/stocks/ADTN/dividend-history">ADTN:d_history</a></td><td><a target="_blank" href="https://www.nasdaq.com/market-activity/stocks/ADTN">ADTN:summary</a></td><td><a target="_blank" href="/mike/v/ADTN.v">ADTN:analysis</a></td></tr><tr><th scope="row">1</th><td>AMX</td><td>NYSE</td><td><a target="_blank" href="https://www.dividend.com/search/?q=AMX">AMX:div</a></td><td><a target="_blank" href="https://www.tradingview.com/chart/?symbol=NYSE%3AAMX">AMX:tv</a></td><td><a target="_blank" href="https://www.nasdaq.com/market-activity/stocks/AMX/dividend-history">AMX:d_history</a></td><td><a target="_blank" href="https://www.nasdaq.com/market-activity/stocks/AMX">AMX:summary</a></td><td><a target="_blank" href="/mike/v/AMX.v">AMX:analysis</a></td></tr><tr><th scope="row">2</th><td>CMCSA</td><td>NASDAQ</td><td><a target="_blank" href="https://www.dividend.com/search/?q=CMCSA">CMCSA:div</a></td><td><a target="_blank" href="https://www.tradingview.com/chart/?symbol=NASDAQ%3ACMCSA">CMCSA:tv</a></td><td><a target="_blank" href="https://www.nasdaq.com/market-activity/stocks/CMCSA/dividend-history">CMCSA:d_history</a></td><td><a target="_blank" href="https://www.nasdaq.com/market-activity/stocks/CMCSA">CMCSA:summary</a></td><td><a target="_blank" href="/mike/v/CMCSA.v">CMCSA:analysis</a></td></tr><tr><th scope="row">3</th><td>CSCO</td><td>NASDAQ</td><td><a target="_blank" href="https://www.dividend.com/search/?q=CSCO">CSCO:div</a></td><td><a target="_blank" href="https://www.tradingview.com/chart/?symbol=NASDAQ%3ACSCO">CSCO:tv</a></td><td><a target="_blank" href="https://www.nasdaq.com/market-activity/stocks/CSCO/dividend-history">CSCO:d_history</a></td><td><a target="_blank" href="https://www.nasdaq.com/market-activity/stocks/CSCO">CSCO:summary</a></td><td><a target="_blank" href="/mike/v/CSCO.v">CSCO:analysis</a></td></tr><tr><th scope="row">4</th><td>IRDM</td><td>NASDAQ</td><td><a target="_blank" href="https://www.dividend.com/search/?q=IRDM">IRDM:div</a></td><td><a target="_blank" href="https://www.tradingview.com/chart/?symbol=NASDAQ%3AIRDM">IRDM:tv</a></td><td><a target="_blank" href="https://www.nasdaq.com/market-activity/stocks/IRDM/dividend-history">IRDM:d_history</a></td><td><a target="_blank" href="https://www.nasdaq.com/market-activity/stocks/IRDM">IRDM:summary</a></td><td><a target="_blank" href="/mike/v/IRDM.v">IRDM:analysis</a></td></tr><tr><th scope="row">5</th><td>JNPR</td><td>NYSE</td><td><a target="_blank" href="https://www.dividend.com/search/?q=JNPR">JNPR:div</a></td><td><a target="_blank" href="https://www.tradingview.com/chart/?symbol=NYSE%3AJNPR">JNPR:tv</a></td><td><a target="_blank" href="https://www.nasdaq.com/market-activity/stocks/JNPR/dividend-history">JNPR:d_history</a></td><td><a target="_blank" href="https://www.nasdaq.com/market-activity/stocks/JNPR">JNPR:summary</a></td><td><a target="_blank" href="/mike/v/JNPR.v">JNPR:analysis</a></td></tr><tr><th scope="row">6</th><td>T</td><td>NYSE</td><td><a target="_blank" href="https://www.dividend.com/search/?q=T">T:div</a></td><td><a target="_blank" href="https://www.tradingview.com/chart/?symbol=NYSE%3AT">T:tv</a></td><td><a target="_blank" href="https://www.nasdaq.com/market-activity/stocks/T/dividend-history">T:d_history</a></td><td><a target="_blank" href="https://www.nasdaq.com/market-activity/stocks/T">T:summary</a></td><td><a target="_blank" href="/mike/v/T.v">T:analysis</a></td></tr><tr><th scope="row">7</th><td>TDS</td><td>NYSE</td><td><a target="_blank" href="https://www.dividend.com/search/?q=TDS">TDS:div</a></td><td><a target="_blank" href="https://www.tradingview.com/chart/?symbol=NYSE%3ATDS">TDS:tv</a></td><td><a target="_blank" href="https://www.nasdaq.com/market-activity/stocks/TDS/dividend-history">TDS:d_history</a></td><td><a target="_blank" href="https://www.nasdaq.com/market-activity/stocks/TDS">TDS:summary</a></td><td><a target="_blank" href="/mike/v/TDS.v">TDS:analysis</a></td></tr><tr><th scope="row">8</th><td>TLK</td><td>NYSE</td><td><a target="_blank" href="https://www.dividend.com/search/?q=TLK">TLK:div</a></td><td><a target="_blank" href="https://www.tradingview.com/chart/?symbol=NYSE%3ATLK">TLK:tv</a></td><td><a target="_blank" href="https://www.nasdaq.com/market-activity/stocks/TLK/dividend-history">TLK:d_history</a></td><td><a target="_blank" href="https://www.nasdaq.com/market-activity/stocks/TLK">TLK:summary</a></td><td><a target="_blank" href="/mike/v/TLK.v">TLK:analysis</a></td></tr><tr><th scope="row">9</th><td>TMUS</td><td>NASDAQ</td><td><a target="_blank" href="https://www.dividend.com/search/?q=TMUS">TMUS:div</a></td><td><a target="_blank" href="https://www.tradingview.com/chart/?symbol=NASDAQ%3ATMUS">TMUS:tv</a></td><td><a target="_blank" href="https://www.nasdaq.com/market-activity/stocks/TMUS/dividend-history">TMUS:d_history</a></td><td><a target="_blank" href="https://www.nasdaq.com/market-activity/stocks/TMUS">TMUS:summary</a></td><td><a target="_blank" href="/mike/v/TMUS.v">TMUS:analysis</a></td></tr><tr><th scope="row">10</th><td>VOD</td><td>NASDAQ</td><td><a target="_blank" href="https://www.dividend.com/search/?q=VOD">VOD:div</a></td><td><a target="_blank" href="https://www.tradingview.com/chart/?symbol=NASDAQ%3AVOD">VOD:tv</a></td><td><a target="_blank" href="https://www.nasdaq.com/market-activity/stocks/VOD/dividend-history">VOD:d_history</a></td><td><a target="_blank" href="https://www.nasdaq.com/market-activity/stocks/VOD">VOD:summary</a></td><td><a target="_blank" href="/mike/v/VOD.v">VOD:analysis</a></td></tr><tr><th scope="row">11</th><td>VZ</td><td>NYSE</td><td><a target="_blank" href="https://www.dividend.com/search/?q=VZ">VZ:div</a></td><td><a target="_blank" href="https://www.tradingview.com/chart/?symbol=NYSE%3AVZ">VZ:tv</a></td><td><a target="_blank" href="https://www.nasdaq.com/market-activity/stocks/VZ/dividend-history">VZ:d_history</a></td><td><a target="_blank" href="https://www.nasdaq.com/market-activity/stocks/VZ">VZ:summary</a></td><td><a target="_blank" href="/mike/v/VZ.v">VZ:analysis</a></td></tr></tbody></table></div><h5>html_fn_3yr_dividend_history</h5><div><div>                        <script type="text/javascript">window.PlotlyConfig = {MathJaxConfig: 'local'};</script>
        <script charset="utf-8" src="https://cdn.plot.ly/plotly-2.27.0.min.js"></script>                <div id="a34a9b54-254e-4e9a-b8d3-014824adf8aa" class="plotly-graph-div" style="height:100%; width:100%;"></div>            <script type="text/javascript">                                    window.PLOTLYENV=window.PLOTLYENV || {};                                    if (document.getElementById("a34a9b54-254e-4e9a-b8d3-014824adf8aa")) {                    Plotly.newPlot(                        "a34a9b54-254e-4e9a-b8d3-014824adf8aa",                        [{"alignmentgroup":"True","base":["2021-05-19T00:00:00","2021-11-16T00:00:00","2023-05-16T00:00:00","2023-11-14T00:00:00","2022-05-18T00:00:00","2022-11-15T00:00:00","2023-06-05T00:00:00","2022-06-03T00:00:00","2021-12-16T00:00:00","2021-09-23T00:00:00","2021-06-25T00:00:00","2021-03-26T00:00:00","2023-12-13T00:00:00","2023-09-29T00:00:00","2023-06-29T00:00:00","2023-03-31T00:00:00","2022-12-15T00:00:00","2022-09-30T00:00:00","2022-06-28T00:00:00","2022-03-25T00:00:00","2023-12-07T00:00:00","2023-09-07T00:00:00","2023-06-01T00:00:00","2023-03-02T00:00:00","2022-12-01T00:00:00","2022-09-06T00:00:00","2022-05-31T00:00:00","2022-02-28T00:00:00","2021-12-02T00:00:00","2021-09-02T00:00:00","2021-06-02T00:00:00","2021-03-03T00:00:00","2023-10-16T00:00:00","2023-06-29T00:00:00","2023-08-06T00:00:00","2023-05-08T00:00:00","2023-02-20T00:00:00","2022-11-07T00:00:00","2022-08-03T00:00:00","2022-05-04T00:00:00","2022-02-02T00:00:00","2021-11-01T00:00:00","2021-08-04T00:00:00","2021-05-05T00:00:00","2021-02-03T00:00:00","2021-06-04T00:00:00","2021-10-21T00:00:00","2023-12-01T00:00:00","2023-08-11T00:00:00","2023-05-19T00:00:00","2023-02-16T00:00:00","2022-11-18T00:00:00","2022-08-11T00:00:00","2022-02-17T00:00:00","2021-11-29T00:00:00","2021-08-12T00:00:00","2021-05-21T00:00:00","2021-02-18T00:00:00","2023-11-15T00:00:00","2023-08-16T00:00:00","2023-05-17T00:00:00","2023-02-15T00:00:00","2022-12-07T00:00:00","2022-08-23T00:00:00","2022-06-06T00:00:00","2022-02-16T00:00:00","2023-10-03T00:00:00","2023-07-11T00:00:00","2023-05-17T00:00:00","2023-01-21T00:00:00","2021-12-12T00:00:00","2021-09-22T00:00:00","2021-05-26T00:00:00","2021-02-09T00:00:00","2022-10-11T00:00:00","2022-07-14T00:00:00","2022-05-10T00:00:00","2022-01-24T00:00:00","2021-10-12T00:00:00","2021-07-14T00:00:00","2021-05-25T00:00:00","2021-01-26T00:00:00","2023-02-01T00:00:00","2023-09-25T00:00:00","2023-12-01T00:00:00","2023-09-05T00:00:00","2023-05-04T00:00:00","2022-12-07T00:00:00"],"customdata":[[972,972,-937,-937,36,"NASDAQ-GS","Telecommunications","Telecommunications Equipment",8.66,0.532412,6.147944572748267,16.265598821964947,6.1],[791,791,-784,-784,8,"NASDAQ-GS","Telecommunications","Telecommunications Equipment",8.66,0.514206,5.937713625866052,16.841499321283685,5.9],[245,245,-223,-223,23,"NASDAQ-GS","Telecommunications","Telecommunications Equipment",8.66,0.4969395,5.738331408775982,17.426668638737716,5.7],[63,63,-56,-56,8,"NASDAQ-GS","Telecommunications","Telecommunications Equipment",8.66,0.481455,5.559526558891456,17.987143139026493,5.6],[608,608,-593,-593,16,"NASDAQ-GS","Telecommunications","Telecommunications Equipment",8.66,0.472455,5.455600461893765,18.329788022139674,5.5],[427,427,-420,-420,8,"NASDAQ-GS","Telecommunications","Telecommunications Equipment",8.66,0.46575,5.378175519630485,18.593666129898015,5.4],[225,225,-217,-217,9,"NYSE","Telecommunications","Telecommunications Equipment",25.93,1.129561,4.356193598148862,22.95582088970848,4.4],[592,592,-586,-586,7,"NYSE","Telecommunications","Telecommunications Equipment",25.93,1.001271,3.8614384882375625,25.897084805212575,3.9],[761,761,-740,-740,22,"NYSE","Telecommunications","Telecommunications Equipment",16.48,0.52,3.1553398058252426,31.692307692307693,3.2],[845,845,-832,-832,14,"NYSE","Telecommunications","Telecommunications Equipment",16.48,0.52,3.1553398058252426,31.692307692307693,3.2],[935,935,-923,-923,13,"NYSE","Telecommunications","Telecommunications Equipment",16.48,0.52,3.1553398058252426,31.692307692307693,3.2],[1026,1026,-1014,-1014,13,"NYSE","Telecommunications","Telecommunications Equipment",16.48,0.52,3.1553398058252426,31.692307692307693,3.2],[34,34,-8,-8,27,"NYSE","Telecommunications","Telecommunications Equipment",16.48,0.2775,1.683859223300971,59.387387387387385,1.7],[109,109,-103,-103,7,"NYSE","Telecommunications","Telecommunications Equipment",16.48,0.2775,1.683859223300971,59.387387387387385,1.7],[201,201,-194,-194,8,"NYSE","Telecommunications","Telecommunications Equipment",16.48,0.2775,1.683859223300971,59.387387387387385,1.7],[291,291,-286,-286,6,"NYSE","Telecommunications","Telecommunications Equipment",16.48,0.2775,1.683859223300971,59.387387387387385,1.7],[397,397,-373,-373,25,"NYSE","Telecommunications","Telecommunications Equipment",16.48,0.2775,1.683859223300971,59.387387387387385,1.7],[473,473,-468,-468,6,"NYSE","Telecommunications","Telecommunications Equipment",16.48,0.2775,1.683859223300971,59.387387387387385,1.7],[567,567,-558,-558,10,"NYSE","Telecommunications","Telecommunications Equipment",16.48,0.2775,1.683859223300971,59.387387387387385,1.7],[662,662,-644,-644,19,"NYSE","Telecommunications","Telecommunications Equipment",16.48,0.2775,1.683859223300971,59.387387387387385,1.7],[40,40,-8,-8,33,"NYSE","Telecommunications","Telecommunications Equipment",38.56,0.665,1.7245850622406638,57.984962406015036,1.7],[131,131,-103,-103,29,"NYSE","Telecommunications","Telecommunications Equipment",38.56,0.665,1.7245850622406638,57.984962406015036,1.7],[229,229,-194,-194,36,"NYSE","Telecommunications","Telecommunications Equipment",38.56,0.6525,1.692168049792531,59.095785440613035,1.7],[320,320,-286,-286,35,"NYSE","Telecommunications","Telecommunications Equipment",38.56,0.6525,1.692168049792531,59.095785440613035,1.7],[411,411,-373,-373,39,"NYSE","Telecommunications","Telecommunications Equipment",38.56,0.6525,1.692168049792531,59.095785440613035,1.7],[497,497,-468,-468,30,"NYSE","Telecommunications","Telecommunications Equipment",38.56,0.6525,1.692168049792531,59.095785440613035,1.7],[595,595,-559,-559,37,"NYSE","Telecommunications","Telecommunications Equipment",38.56,0.64,1.6597510373443982,60.25,1.7],[687,687,-650,-650,38,"NYSE","Telecommunications","Telecommunications Equipment",38.56,0.64,1.6597510373443982,60.25,1.7],[775,775,-740,-740,36,"NYSE","Telecommunications","Telecommunications Equipment",38.56,0.64,1.6597510373443982,60.25,1.7],[866,866,-832,-832,35,"NYSE","Telecommunications","Telecommunications Equipment",38.56,0.64,1.6597510373443982,60.25,1.7],[958,958,-923,-923,36,"NYSE","Telecommunications","Telecommunications Equipment",38.56,0.6275,1.6273340248962653,61.45019920318726,1.6],[1049,1049,-1014,-1014,36,"NYSE","Telecommunications","Telecommunications Equipment",38.56,0.6275,1.6273340248962653,61.45019920318726,1.6],[92,92,-69,-69,24,"NYSE","Telecommunications","Telecommunications Equipment",18.79,0.256081,1.3628579031399681,73.37522112144204,1.4],[201,201,-188,-188,14,"NYSE","Telecommunications","Telecommunications Equipment",18.79,0.26873,1.4301756253326239,69.92148252893237,1.4],[163,163,-152,-152,12,"NASDAQ-GS","Telecommunications","Telecommunications Equipment",7.14,0.09,1.2605042016806722,79.33333333333333,1.3],[253,253,-240,-240,14,"NASDAQ-GS","Telecommunications","Telecommunications Equipment",7.14,0.09,1.2605042016806722,79.33333333333333,1.3],[330,330,-317,-317,14,"NASDAQ-GS","Telecommunications","Telecommunications Equipment",7.14,0.09,1.2605042016806722,79.33333333333333,1.3],[435,435,-422,-422,14,"NASDAQ-GS","Telecommunications","Telecommunications Equipment",7.14,0.09,1.2605042016806722,79.33333333333333,1.3],[531,531,-518,-518,14,"NASDAQ-GS","Telecommunications","Telecommunications Equipment",7.14,0.09,1.2605042016806722,79.33333333333333,1.3],[622,622,-609,-609,14,"NASDAQ-GS","Telecommunications","Telecommunications Equipment",7.14,0.09,1.2605042016806722,79.33333333333333,1.3],[713,713,-700,-700,14,"NASDAQ-GS","Telecommunications","Telecommunications Equipment",7.14,0.09,1.2605042016806722,79.33333333333333,1.3],[806,806,-793,-793,14,"NASDAQ-GS","Telecommunications","Telecommunications Equipment",7.14,0.09,1.2605042016806722,79.33333333333333,1.3],[895,895,-882,-882,14,"NASDAQ-GS","Telecommunications","Telecommunications Equipment",7.14,0.09,1.2605042016806722,79.33333333333333,1.3],[986,986,-973,-973,14,"NASDAQ-GS","Telecommunications","Telecommunications Equipment",7.14,0.09,1.2605042016806722,79.33333333333333,1.3],[1077,1077,-1064,-1064,14,"NASDAQ-GS","Telecommunications","Telecommunications Equipment",7.14,0.09,1.2605042016806722,79.33333333333333,1.3],[956,956,-950,-950,7,"NYSE","Telecommunications","Telecommunications Equipment",25.93,0.288379,1.1121442344774393,89.91639474441621,1.1],[817,817,-804,-804,14,"NYSE","Telecommunications","Telecommunications Equipment",18.79,0.196367,1.0450612027674295,95.68817571180493,1.0],[46,46,-34,-34,13,"NYSE","Telecommunications","Telecommunications Equipment",18.33,0.185,1.0092744135297327,99.08108108108107,1.0],[158,158,-125,-125,34,"NYSE","Telecommunications","Telecommunications Equipment",18.33,0.185,1.0092744135297327,99.08108108108107,1.0],[242,242,-217,-217,26,"NYSE","Telecommunications","Telecommunications Equipment",18.33,0.185,1.0092744135297327,99.08108108108107,1.0],[334,334,-309,-309,26,"NYSE","Telecommunications","Telecommunications Equipment",18.33,0.185,1.0092744135297327,99.08108108108107,1.0],[424,424,-399,-399,26,"NYSE","Telecommunications","Telecommunications Equipment",18.33,0.18,0.9819967266775779,101.83333333333333,1.0],[523,523,-490,-490,34,"NYSE","Telecommunications","Telecommunications Equipment",18.33,0.18,0.9819967266775779,101.83333333333333,1.0],[698,698,-674,-674,25,"NYSE","Telecommunications","Telecommunications Equipment",18.33,0.18,0.9819967266775779,101.83333333333333,1.0],[778,778,-764,-764,15,"NYSE","Telecommunications","Telecommunications Equipment",18.33,0.175,0.9547190398254229,104.74285714285713,1.0],[887,887,-855,-855,33,"NYSE","Telecommunications","Telecommunications Equipment",18.33,0.175,0.9547190398254229,104.74285714285713,1.0],[970,970,-947,-947,24,"NYSE","Telecommunications","Telecommunications Equipment",18.33,0.175,0.9547190398254229,104.74285714285713,1.0],[1062,1062,-1037,-1037,26,"NYSE","Telecommunications","Telecommunications Equipment",18.33,0.175,0.9547190398254229,104.74285714285713,1.0],[62,62,-14,-14,49,"NASDAQ-GS","Telecommunications","Computer Communications Equipment",50.34,0.39,0.7747318235995232,129.0769230769231,0.8],[153,153,-106,-106,48,"NASDAQ-GS","Telecommunications","Computer Communications Equipment",50.34,0.39,0.7747318235995232,129.0769230769231,0.8],[244,244,-196,-196,49,"NASDAQ-GS","Telecommunications","Computer Communications Equipment",50.34,0.39,0.7747318235995232,129.0769230769231,0.8],[335,335,-288,-288,48,"NASDAQ-GS","Telecommunications","Computer Communications Equipment",50.34,0.39,0.7747318235995232,129.0769230769231,0.8],[405,405,-378,-378,28,"NASDAQ-GS","Telecommunications","Computer Communications Equipment",50.34,0.38,0.7548669050456892,132.47368421052633,0.8],[511,511,-470,-470,42,"NASDAQ-GS","Telecommunications","Computer Communications Equipment",50.34,0.38,0.7548669050456892,132.47368421052633,0.8],[589,589,-561,-561,29,"NASDAQ-GS","Telecommunications","Computer Communications Equipment",50.34,0.38,0.7548669050456892,132.47368421052633,0.8],[699,699,-652,-652,48,"NASDAQ-GS","Telecommunications","Computer Communications Equipment",50.34,0.38,0.7548669050456892,132.47368421052633,0.8],[105,105,-15,-15,91,"NASDAQ-GS","Telecommunications","Cable & Other Pay Television Services",42.99,0.29,0.6745754826703884,148.24137931034485,0.7],[189,189,-106,-106,84,"NASDAQ-GS","Telecommunications","Cable & Other Pay Television Services",42.99,0.29,0.6745754826703884,148.24137931034485,0.7],[244,244,-198,-198,47,"NASDAQ-GS","Telecommunications","Cable & Other Pay Television Services",42.99,0.29,0.6745754826703884,148.24137931034485,0.7],[360,360,-288,-288,73,"NASDAQ-GS","Telecommunications","Cable & Other Pay Television Services",42.99,0.29,0.6745754826703884,148.24137931034485,0.7],[765,765,-743,-743,23,"NASDAQ-GS","Telecommunications","Computer Communications Equipment",50.34,0.37,0.7350019864918553,136.05405405405406,0.7],[846,846,-835,-835,12,"NASDAQ-GS","Telecommunications","Computer Communications Equipment",50.34,0.37,0.7350019864918553,136.05405405405406,0.7],[965,965,-929,-929,37,"NASDAQ-GS","Telecommunications","Computer Communications Equipment",50.34,0.37,0.7350019864918553,136.05405405405406,0.7],[1071,1071,-1017,-1017,55,"NASDAQ-GS","Telecommunications","Computer Communications Equipment",50.34,0.37,0.7350019864918553,136.05405405405406,0.7],[462,462,-379,-379,84,"NASDAQ-GS","Telecommunications","Cable & Other Pay Television Services",42.99,0.27,0.628053035589672,159.22222222222223,0.6],[551,551,-470,-470,82,"NASDAQ-GS","Telecommunications","Cable & Other Pay Television Services",42.99,0.27,0.628053035589672,159.22222222222223,0.6],[616,616,-561,-561,56,"NASDAQ-GS","Telecommunications","Cable & Other Pay Television Services",42.99,0.27,0.628053035589672,159.22222222222223,0.6],[722,722,-652,-652,71,"NASDAQ-GS","Telecommunications","Cable & Other Pay Television Services",42.99,0.27,0.628053035589672,159.22222222222223,0.6],[826,826,-743,-743,84,"NASDAQ-GS","Telecommunications","Cable & Other Pay Television Services",42.99,0.25,0.5815305885089556,171.96,0.6],[916,916,-834,-834,83,"NASDAQ-GS","Telecommunications","Cable & Other Pay Television Services",42.99,0.25,0.5815305885089556,171.96,0.6],[966,966,-925,-925,42,"NASDAQ-GS","Telecommunications","Cable & Other Pay Television Services",42.99,0.25,0.5815305885089556,171.96,0.6],[1085,1085,-1016,-1016,70,"NASDAQ-GS","Telecommunications","Cable & Other Pay Television Services",42.99,0.25,0.5815305885089556,171.96,0.6],[349,349,-323,-323,27,"NYSE","Telecommunications","Computer Communications Equipment",37.51,0.22,0.5865102639296188,170.5,0.6],[113,113,-48,-48,66,"NASDAQ-GS","Telecommunications","Telecommunications Equipment",162.54,0.65,0.3999015626922604,250.06153846153845,0.4],[46,46,-34,-34,13,"NASDAQ-GS","Telecommunications","Telecommunications Equipment",38.34,0.13,0.3390714658320292,294.92307692307696,0.3],[133,133,-125,-125,9,"NASDAQ-GS","Telecommunications","Telecommunications Equipment",38.34,0.13,0.3390714658320292,294.92307692307696,0.3],[257,257,-217,-217,41,"NASDAQ-GS","Telecommunications","Telecommunications Equipment",38.34,0.13,0.3390714658320292,294.92307692307696,0.3],[405,405,-309,-309,97,"NASDAQ-GS","Telecommunications","Telecommunications Equipment",38.34,0.13,0.3390714658320292,294.92307692307696,0.3]],"hovertemplate":"x_start=%{base}\u003cbr\u003ex_end=%{x}\u003cbr\u003estr_symbol=%{y}\u003cbr\u003edt_declarationDate_past=%{customdata[0]}\u003cbr\u003ed_past=%{customdata[1]}\u003cbr\u003edt_exOrEffDate_until=%{customdata[2]}\u003cbr\u003ed_until=%{customdata[3]}\u003cbr\u003eTTL=%{customdata[4]}\u003cbr\u003estr_Exchange=%{customdata[5]}\u003cbr\u003estr_Sector=%{customdata[6]}\u003cbr\u003estr_Industry=%{customdata[7]}\u003cbr\u003enum_PreviousClose=%{customdata[8]}\u003cbr\u003enum_amount=%{customdata[9]}\u003cbr\u003enum_CpD=%{customdata[10]}\u003cbr\u003enum_times=%{customdata[11]}\u003cbr\u003eROI=%{marker.color}\u003cextra\u003e\u003c\u002fextra\u003e","legendgroup":"","marker":{"color":[6.1,5.9,5.7,5.6,5.5,5.4,4.4,3.9,3.2,3.2,3.2,3.2,1.7,1.7,1.7,1.7,1.7,1.7,1.7,1.7,1.7,1.7,1.7,1.7,1.7,1.7,1.7,1.7,1.7,1.7,1.6,1.6,1.4,1.4,1.3,1.3,1.3,1.3,1.3,1.3,1.3,1.3,1.3,1.3,1.3,1.1,1.0,1.0,1.0,1.0,1.0,1.0,1.0,1.0,1.0,1.0,1.0,1.0,0.8,0.8,0.8,0.8,0.8,0.8,0.8,0.8,0.7,0.7,0.7,0.7,0.7,0.7,0.7,0.7,0.6,0.6,0.6,0.6,0.6,0.6,0.6,0.6,0.6,0.4,0.3,0.3,0.3,0.3],"coloraxis":"coloraxis","pattern":{"shape":""}},"name":"","offsetgroup":"","orientation":"h","showlegend":false,"textposition":"auto","x":[3110400000.0,691200000.0,1987200000.0,691200000.0,1382400000.0,691200000.0,777600000.0,604800000.0,1900800000.0,1209600000.0,1123200000.0,1123200000.0,2332800000.0,604800000.0,691200000.0,518400000.0,2160000000.0,518400000.0,864000000.0,1641600000.0,2851200000.0,2505600000.0,3110400000.0,3024000000.0,3369600000.0,2592000000.0,3196800000.0,3283200000.0,3110400000.0,3024000000.0,3110400000.0,3110400000.0,2073600000.0,1209600000.0,1036800000.0,1209600000.0,1209600000.0,1209600000.0,1209600000.0,1209600000.0,1209600000.0,1209600000.0,1209600000.0,1209600000.0,1209600000.0,604800000.0,1209600000.0,1123200000.0,2937600000.0,2246400000.0,2246400000.0,2246400000.0,2937600000.0,2160000000.0,1296000000.0,2851200000.0,2073600000.0,2246400000.0,4233600000.0,4147200000.0,4233600000.0,4147200000.0,2419200000.0,3628800000.0,2505600000.0,4147200000.0,7862400000.0,7257600000.0,4060800000.0,6307200000.0,1987200000.0,1036800000.0,3196800000.0,4752000000.0,7257600000.0,7084800000.0,4838400000.0,6134400000.0,7257600000.0,7171200000.0,3628800000.0,6048000000.0,2332800000.0,5702400000.0,1123200000.0,777600000.0,3542400000.0,8380800000.0],"xaxis":"x","y":["VOD","VOD","VOD","VOD","VOD","VOD","TLK","TLK","T","T","T","T","T","T","T","T","T","T","T","T","VZ","VZ","VZ","VZ","VZ","VZ","VZ","VZ","VZ","VZ","VZ","VZ","AMX","AMX","ADTN","ADTN","ADTN","ADTN","ADTN","ADTN","ADTN","ADTN","ADTN","ADTN","ADTN","TLK","AMX","TDS","TDS","TDS","TDS","TDS","TDS","TDS","TDS","TDS","TDS","TDS","CSCO","CSCO","CSCO","CSCO","CSCO","CSCO","CSCO","CSCO","CMCSA","CMCSA","CMCSA","CMCSA","CSCO","CSCO","CSCO","CSCO","CMCSA","CMCSA","CMCSA","CMCSA","CMCSA","CMCSA","CMCSA","CMCSA","JNPR","TMUS","IRDM","IRDM","IRDM","IRDM"],"yaxis":"y","type":"bar"}],                        {"template":{"data":{"histogram2dcontour":[{"type":"histogram2dcontour","colorbar":{"outlinewidth":0,"ticks":""},"colorscale":[[0.0,"#0d0887"],[0.1111111111111111,"#46039f"],[0.2222222222222222,"#7201a8"],[0.3333333333333333,"#9c179e"],[0.4444444444444444,"#bd3786"],[0.5555555555555556,"#d8576b"],[0.6666666666666666,"#ed7953"],[0.7777777777777778,"#fb9f3a"],[0.8888888888888888,"#fdca26"],[1.0,"#f0f921"]]}],"choropleth":[{"type":"choropleth","colorbar":{"outlinewidth":0,"ticks":""}}],"histogram2d":[{"type":"histogram2d","colorbar":{"outlinewidth":0,"ticks":""},"colorscale":[[0.0,"#0d0887"],[0.1111111111111111,"#46039f"],[0.2222222222222222,"#7201a8"],[0.3333333333333333,"#9c179e"],[0.4444444444444444,"#bd3786"],[0.5555555555555556,"#d8576b"],[0.6666666666666666,"#ed7953"],[0.7777777777777778,"#fb9f3a"],[0.8888888888888888,"#fdca26"],[1.0,"#f0f921"]]}],"heatmap":[{"type":"heatmap","colorbar":{"outlinewidth":0,"ticks":""},"colorscale":[[0.0,"#0d0887"],[0.1111111111111111,"#46039f"],[0.2222222222222222,"#7201a8"],[0.3333333333333333,"#9c179e"],[0.4444444444444444,"#bd3786"],[0.5555555555555556,"#d8576b"],[0.6666666666666666,"#ed7953"],[0.7777777777777778,"#fb9f3a"],[0.8888888888888888,"#fdca26"],[1.0,"#f0f921"]]}],"heatmapgl":[{"type":"heatmapgl","colorbar":{"outlinewidth":0,"ticks":""},"colorscale":[[0.0,"#0d0887"],[0.1111111111111111,"#46039f"],[0.2222222222222222,"#7201a8"],[0.3333333333333333,"#9c179e"],[0.4444444444444444,"#bd3786"],[0.5555555555555556,"#d8576b"],[0.6666666666666666,"#ed7953"],[0.7777777777777778,"#fb9f3a"],[0.8888888888888888,"#fdca26"],[1.0,"#f0f921"]]}],"contourcarpet":[{"type":"contourcarpet","colorbar":{"outlinewidth":0,"ticks":""}}],"contour":[{"type":"contour","colorbar":{"outlinewidth":0,"ticks":""},"colorscale":[[0.0,"#0d0887"],[0.1111111111111111,"#46039f"],[0.2222222222222222,"#7201a8"],[0.3333333333333333,"#9c179e"],[0.4444444444444444,"#bd3786"],[0.5555555555555556,"#d8576b"],[0.6666666666666666,"#ed7953"],[0.7777777777777778,"#fb9f3a"],[0.8888888888888888,"#fdca26"],[1.0,"#f0f921"]]}],"surface":[{"type":"surface","colorbar":{"outlinewidth":0,"ticks":""},"colorscale":[[0.0,"#0d0887"],[0.1111111111111111,"#46039f"],[0.2222222222222222,"#7201a8"],[0.3333333333333333,"#9c179e"],[0.4444444444444444,"#bd3786"],[0.5555555555555556,"#d8576b"],[0.6666666666666666,"#ed7953"],[0.7777777777777778,"#fb9f3a"],[0.8888888888888888,"#fdca26"],[1.0,"#f0f921"]]}],"mesh3d":[{"type":"mesh3d","colorbar":{"outlinewidth":0,"ticks":""}}],"scatter":[{"fillpattern":{"fillmode":"overlay","size":10,"solidity":0.2},"type":"scatter"}],"parcoords":[{"type":"parcoords","line":{"colorbar":{"outlinewidth":0,"ticks":""}}}],"scatterpolargl":[{"type":"scatterpolargl","marker":{"colorbar":{"outlinewidth":0,"ticks":""}}}],"bar":[{"error_x":{"color":"#2a3f5f"},"error_y":{"color":"#2a3f5f"},"marker":{"line":{"color":"#E5ECF6","width":0.5},"pattern":{"fillmode":"overlay","size":10,"solidity":0.2}},"type":"bar"}],"scattergeo":[{"type":"scattergeo","marker":{"colorbar":{"outlinewidth":0,"ticks":""}}}],"scatterpolar":[{"type":"scatterpolar","marker":{"colorbar":{"outlinewidth":0,"ticks":""}}}],"histogram":[{"marker":{"pattern":{"fillmode":"overlay","size":10,"solidity":0.2}},"type":"histogram"}],"scattergl":[{"type":"scattergl","marker":{"colorbar":{"outlinewidth":0,"ticks":""}}}],"scatter3d":[{"type":"scatter3d","line":{"colorbar":{"outlinewidth":0,"ticks":""}},"marker":{"colorbar":{"outlinewidth":0,"ticks":""}}}],"scattermapbox":[{"type":"scattermapbox","marker":{"colorbar":{"outlinewidth":0,"ticks":""}}}],"scatterternary":[{"type":"scatterternary","marker":{"colorbar":{"outlinewidth":0,"ticks":""}}}],"scattercarpet":[{"type":"scattercarpet","marker":{"colorbar":{"outlinewidth":0,"ticks":""}}}],"carpet":[{"aaxis":{"endlinecolor":"#2a3f5f","gridcolor":"white","linecolor":"white","minorgridcolor":"white","startlinecolor":"#2a3f5f"},"baxis":{"endlinecolor":"#2a3f5f","gridcolor":"white","linecolor":"white","minorgridcolor":"white","startlinecolor":"#2a3f5f"},"type":"carpet"}],"table":[{"cells":{"fill":{"color":"#EBF0F8"},"line":{"color":"white"}},"header":{"fill":{"color":"#C8D4E3"},"line":{"co