<!DOCTYPE html><html lang="en"><h5>fn_build_correlation_mx</h5><div><div>                        <script type="text/javascript">window.PlotlyConfig = {MathJaxConfig: 'local'};</script>
        <script charset="utf-8" src="https://cdn.plot.ly/plotly-2.27.0.min.js"></script>                <div id="f1d5b6ee-701f-4684-9b5d-e41948e45c65" class="plotly-graph-div" style="height:100%; width:100%;"></div>            <script type="text/javascript">                                    window.PLOTLYENV=window.PLOTLYENV || {};                                    if (document.getElementById("f1d5b6ee-701f-4684-9b5d-e41948e45c65")) {                    Plotly.newPlot(                        "f1d5b6ee-701f-4684-9b5d-e41948e45c65",                        [{"colorscale":[[0.0,"rgb(103,0,31)"],[0.1,"rgb(178,24,43)"],[0.2,"rgb(214,96,77)"],[0.3,"rgb(244,165,130)"],[0.4,"rgb(253,219,199)"],[0.5,"rgb(247,247,247)"],[0.6,"rgb(209,229,240)"],[0.7,"rgb(146,197,222)"],[0.8,"rgb(67,147,195)"],[0.9,"rgb(33,102,172)"],[1.0,"rgb(5,48,97)"]],"texttemplate":"%{z:.1f}","x":["AMX","CMCSA","CSCO","IRDM","T","TDS","TLK","TMUS","VOD","VZ","ZD"],"y":["AMX","CMCSA","CSCO","IRDM","T","TDS","TLK","TMUS","VOD","VZ","ZD"],"z":[[1.0,0.25829537447313583,0.06765098833781091,0.44518911809520534,0.25725329046857426,0.33253040929928496,0.44502240280588157,-0.0688606093831073,0.6124199657699329,0.5250436718911355,0.3776836166268799],[0.25829537447313583,1.0,0.1742527398220089,0.11858609997783034,-0.1986770691518761,0.28554593197763467,0.045495667004083584,-0.1257495985609518,0.0655068236097714,-0.054509168517867,0.6518991832136274],[0.06765098833781091,0.1742527398220089,1.0,-0.02324778430928241,-0.1030995513951836,0.09010898786071901,0.22022334259240825,0.13773364139722227,-0.07302364061862589,-0.1146277577252161,0.365388540581531],[0.44518911809520534,0.11858609997783034,-0.02324778430928241,1.0,0.30798707997584235,0.32681196892964015,0.2327842370212143,-0.0787690935798451,0.23063897753276386,0.15458633437509212,0.3516412895228272],[0.25725329046857426,-0.1986770691518761,-0.1030995513951836,0.30798707997584235,1.0,0.2669959640491246,0.2995861461514515,-0.05623741211926314,0.3151214986393246,0.6936807118670153,-0.07064145082797356],[0.33253040929928496,0.28554593197763467,0.09010898786071901,0.32681196892964015,0.2669959640491246,1.0,0.23293020762779398,0.11847148119637026,0.42058745203262154,0.19834325613373147,0.36389119973484535],[0.44502240280588157,0.045495667004083584,0.22022334259240825,0.2327842370212143,0.2995861461514515,0.23293020762779398,1.0,-0.11866242864435572,0.48185283598094486,0.3884972211366751,0.28693481183608127],[-0.0688606093831073,-0.1257495985609518,0.13773364139722227,-0.0787690935798451,-0.05623741211926314,0.11847148119637026,-0.11866242864435572,1.0,-0.07330923354837747,-0.17060668981606045,-0.22416285347524617],[0.6124199657699329,0.0655068236097714,-0.07302364061862589,0.23063897753276386,0.3151214986393246,0.42058745203262154,0.48185283598094486,-0.07330923354837747,1.0,0.4374751337041826,0.249669898235361],[0.5250436718911355,-0.054509168517867,-0.1146277577252161,0.15458633437509212,0.6936807118670153,0.19834325613373147,0.3884972211366751,-0.17060668981606045,0.4374751337041826,1.0,-0.026958084672969274],[0.3776836166268799,0.6518991832136274,0.365388540581531,0.3516412895228272,-0.07064145082797356,0.36389119973484535,0.28693481183608127,-0.22416285347524617,0.249669898235361,-0.026958084672969274,1.0]],"zmax":1,"zmin":-1,"type":"heatmap"}],                        {"template":{"data":{"histogram2dcontour":[{"type":"histogram2dcontour","colorbar":{"outlinewidth":0,"ticks":""},"colorscale":[[0.0,"#0d0887"],[0.1111111111111111,"#46039f"],[0.2222222222222222,"#7201a8"],[0.3333333333333333,"#9c179e"],[0.4444444444444444,"#bd3786"],[0.5555555555555556,"#d8576b"],[0.6666666666666666,"#ed7953"],[0.7777777777777778,"#fb9f3a"],[0.8888888888888888,"#fdca26"],[1.0,"#f0f921"]]}],"choropleth":[{"type":"choropleth","colorbar":{"outlinewidth":0,"ticks":""}}],"histogram2d":[{"type":"histogram2d","colorbar":{"outlinewidth":0,"ticks":""},"colorscale":[[0.0,"#0d0887"],[0.1111111111111111,"#46039f"],[0.2222222222222222,"#7201a8"],[0.3333333333333333,"#9c179e"],[0.4444444444444444,"#bd3786"],[0.5555555555555556,"#d8576b"],[0.6666666666666666,"#ed7953"],[0.7777777777777778,"#fb9f3a"],[0.8888888888888888,"#fdca26"],[1.0,"#f0f921"]]}],"heatmap":[{"type":"heatmap","colorbar":{"outlinewidth":0,"ticks":""},"colorscale":[[0.0,"#0d0887"],[0.1111111111111111,"#46039f"],[0.2222222222222222,"#7201a8"],[0.3333333333333333,"#9c179e"],[0.4444444444444444,"#bd3786"],[0.5555555555555556,"#d8576b"],[0.6666666666666666,"#ed7953"],[0.7777777777777778,"#fb9f3a"],[0.8888888888888888,"#fdca26"],[1.0,"#f0f921"]]}],"heatmapgl":[{"type":"heatmapgl","colorbar":{"outlinewidth":0,"ticks":""},"colorscale":[[0.0,"#0d0887"],[0.1111111111111111,"#46039f"],[0.2222222222222222,"#7201a8"],[0.3333333333333333,"#9c179e"],[0.4444444444444444,"#bd3786"],[0.5555555555555556,"#d8576b"],[0.6666666666666666,"#ed7953"],[0.7777777777777778,"#fb9f3a"],[0.8888888888888888,"#fdca26"],[1.0,"#f0f921"]]}],"contourcarpet":[{"type":"contourcarpet","colorbar":{"outlinewidth":0,"ticks":""}}],"contour":[{"type":"contour","colorbar":{"outlinewidth":0,"ticks":""},"colorscale":[[0.0,"#0d0887"],[0.1111111111111111,"#46039f"],[0.2222222222222222,"#7201a8"],[0.3333333333333333,"#9c179e"],[0.4444444444444444,"#bd3786"],[0.5555555555555556,"#d8576b"],[0.6666666666666666,"#ed7953"],[0.7777777777777778,"#fb9f3a"],[0.8888888888888888,"#fdca26"],[1.0,"#f0f921"]]}],"surface":[{"type":"surface","colorbar":{"outlinewidth":0,"ticks":""},"colorscale":[[0.0,"#0d0887"],[0.1111111111111111,"#46039f"],[0.2222222222222222,"#7201a8"],[0.3333333333333333,"#9c179e"],[0.4444444444444444,"#bd3786"],[0.5555555555555556,"#d8576b"],[0.6666666666666666,"#ed7953"],[0.7777777777777778,"#fb9f3a"],[0.8888888888888888,"#fdca26"],[1.0,"#f0f921"]]}],"mesh3d":[{"type":"mesh3d","colorbar":{"outlinewidth":0,"ticks":""}}],"scatter":[{"fillpattern":{"fillmode":"overlay","size":10,"solidity":0.2},"type":"scatter"}],"parcoords":[{"type":"parcoords","line":{"colorbar":{"outlinewidth":0,"ticks":""}}}],"scatterpolargl":[{"type":"scatterpolargl","marker":{"colorbar":{"outlinewidth":0,"ticks":""}}}],"bar":[{"error_x":{"color":"#2a3f5f"},"error_y":{"color":"#2a3f5f"},"marker":{"line":{"color":"#E5ECF6","width":0.5},"pattern":{"fillmode":"overlay","size":10,"solidity":0.2}},"type":"bar"}],"scattergeo":[{"type":"scattergeo","marker":{"colorbar":{"outlinewidth":0,"ticks":""}}}],"scatterpolar":[{"type":"scatterpolar","marker":{"colorbar":{"outlinewidth":0,"ticks":""}}}],"histogram":[{"marker":{"pattern":{"fillmode":"overlay","size":10,"solidity":0.2}},"type":"histogram"}],"scattergl":[{"type":"scattergl","marker":{"colorbar":{"outlinewidth":0,"ticks":""}}}],"scatter3d":[{"type":"scatter3d","line":{"colorbar":{"outlinewidth":0,"ticks":""}},"marker":{"colorbar":{"outlinewidth":0,"ticks":""}}}],"scattermapbox":[{"type":"scattermapbox","marker":{"colorbar":{"outlinewidth":0,"ticks":""}}}],"scatterternary":[{"type":"scatterternary","marker":{"colorbar":{"outlinewidth":0,"ticks":""}}}],"scattercarpet":[{"type":"scattercarpet","marker":{"colorbar":{"outlinewidth":0,"ticks":""}}}],"carpet":[{"aaxis":{"endlinecolor":"#2a3f5f","gridcolor":"white","linecolor":"white","minorgridcolor":"white","startlinecolor":"#2a3f5f"},"baxis":{"endlinecolor":"#2a3f5f","gridcolor":"white","linecolor":"white","minorgridcolor":"white","startlinecolor":"#2a3f5f"},"type":"carpet"}],"table":[{"cells":{"fill":{"color":"#EBF0F8"},"line":{"color":"white"}},"header":{"fill":{"color":"#C8D4E3"},"line":{"color":"white"}},"type":"table"}],"barpolar":[{"marker":{"line":{"color":"#E5ECF6","width":0.5},"pattern":{"fillmode":"overlay","size":10,"solidity":0.2}},"type":"barpolar"}],"pie":[{"automargin":true,"type":"pie"}]},"layout":{"autotypenumbers":"strict","colorway":["#636efa","#EF553B","#00cc96","#ab63fa","#FFA15A","#19d3f3","#FF6692","#B6E880","#FF97FF","#FECB52"],"font":{"color":"#2a3f5f"},"hovermode":"closest","hoverlabel":{"align":"left"},"paper_bgcolor":"white","plot_bgcolor":"#E5ECF6","polar":{"bgcolor":"#E5ECF6","angularaxis":{"gridcolor":"white","linecolor":"white","ticks":""},"radialaxis":{"gridcolor":"white","linecolor":"white","ticks":""}},"ternary":{"bgcolor":"#E5ECF6","aaxis":{"gridcolor":"white","linecolor":"white","ticks":""},"baxis":{"gridcolor":"white","linecolor":"white","ticks":""},"caxis":{"gridcolor":"white","linecolor":"white","ticks":""}},"coloraxis":{"colorbar":{"outlinewidth":0,"ticks":""}},"colorscale":{"sequential":[[0.0,"#0d0887"],[0.1111111111111111,"#46039f"],[0.2222222222222222,"#7201a8"],[0.3333333333333333,"#9c179e"],[0.4444444444444444,"#bd3786"],[0.5555555555555556,"#d8576b"],[0.6666666666666666,"#ed7953"],[0.7777777777777778,"#fb9f3a"],[0.8888888888888888,"#fdca26"],[1.0,"#f0f921"]],"sequentialminus":[[0.0,"#0d0887"],[0.1111111111111111,"#46039f"],[0.2222222222222222,"#7201a8"],[0.3333333333333333,"#9c179e"],[0.4444444444444444,"#bd3786"],[0.5555555555555556,"#d8576b"],[0.6666666666666666,"#ed7953"],[0.7777777777777778,"#fb9f3a"],[0.8888888888888888,"#fdca26"],[1.0,"#f0f921"]],"diverging":[[0,"#8e0152"],[0.1,"#c51b7d"],[0.2,"#de77ae"],[0.3,"#f1b6da"],[0.4,"#fde0ef"],[0.5,"#f7f7f7"],[0.6,"#e6f5d0"],[0.7,"#b8e186"],[0.8,"#7fbc41"],[0.9,"#4d9221"],[1,"#276419"]]},"xaxis":{"gridcolor":"white","linecolor":"white","ticks":"","title":{"standoff":15},"zerolinecolor":"white","automargin":true,"zerolinewidth":2},"yaxis":{"gridcolor":"white","linecolor":"white","ticks":"","title":{"standoff":15},"zerolinecolor":"white","automargin":true,"zerolinewidth":2},"scene":{"xaxis":{"backgroundcolor":"#E5ECF6","gridcolor":"white","linecolor":"white","showbackground":true,"ticks":"","zerolinecolor":"white","gridwidth":2},"yaxis":{"backgroundcolor":"#E5ECF6","gridcolor":"white","linecolor":"white","showbackground":true,"ticks":"","zerolinecolor":"white","gridwidth":2},"zaxis":{"backgroundcolor":"#E5ECF6","gridcolor":"white","linecolor":"white","showbackground":true,"ticks":"","zerolinecolor":"white","gridwidth":2}},"shapedefaults":{"line":{"color":"#2a3f5f"}},"annotationdefaults":{"arrowcolor":"#2a3f5f","arrowhead":0,"arrowwidth":1},"geo":{"bgcolor":"white","landcolor":"#E5ECF6","subunitcolor":"white","showland":true,"showlakes":true,"lakecolor":"white"},"title":{"x":0.05},"mapbox":{"style":"light"}}}},                        {"responsive": true}                    )                };                            </script>        </div></div><h5>xrefs</h5><table class="table table-sm table-dark table-hover table-bordered"><thead><tr><th scope="col">#</th><th scope="col">symbol</th><th scope="col">div.com</th><th scope="col">tv</th><th scope="col">DH</th><th scope="col">S</th></tr></thead><tbody><tr><th scope="row">0</th><td>AMX</td><td><a target="_blank" href="https://www.dividend.com/search/?q=AMX">AMX:div</a></td><td><a target="_blank" href="https://www.tradingview.com/chart/?symbol=NYSE%3AAMX">AMX:tv</a></td></tr><tr><th scope="row">1</th><td>CMCSA</td><td><a target="_blank" href="https://www.dividend.com/search/?q=CMCSA">CMCSA:div</a></td><td><a target="_blank" href="https://www.tradingview.com/chart/?symbol=NYSE%3ACMCSA">CMCSA:tv</a></td></tr><tr><th scope="row">2</th><td>CSCO</td><td><a target="_blank" href="https://www.dividend.com/search/?q=CSCO">CSCO:div</a></td><td><a target="_blank" href="https://www.tradingview.com/chart/?symbol=NYSE%3ACSCO">CSCO:tv</a></td></tr><tr><th scope="row">3</th><td>IRDM</td><td><a target="_blank" href="https://www.dividend.com/search/?q=IRDM">IRDM:div</a></td><td><a target="_blank" href="https://www.tradingview.com/chart/?symbol=NYSE%3AIRDM">IRDM:tv</a></td></tr><tr><th scope="row">4</th><td>T</td><td><a target="_blank" href="https://www.dividend.com/search/?q=T">T:div</a></td><td><a target="_blank" href="https://www.tradingview.com/chart/?symbol=NYSE%3AT">T:tv</a></td></tr><tr><th scope="row">5</th><td>TDS</td><td><a target="_blank" href="https://www.dividend.com/search/?q=TDS">TDS:div</a></td><td><a target="_blank" href="https://www.tradingview.com/chart/?symbol=NYSE%3ATDS">TDS:tv</a></td></tr><tr><th scope="row">6</th><td>TLK</td><td><a target="_blank" href="https://www.dividend.com/search/?q=TLK">TLK:div</a></td><td><a target="_blank" href="https://www.tradingview.com/chart/?symbol=NYSE%3ATLK">TLK:tv</a></td></tr><tr><th scope="row">7</th><td>TMUS</td><td><a target="_blank" href="https://www.dividend.com/search/?q=TMUS">TMUS:div</a></td><td><a target="_blank" href="https://www.tradingview.com/chart/?symbol=NYSE%3ATMUS">TMUS:tv</a></td></tr><tr><th scope="row">8</th><td>VOD</td><td><a target="_blank" href="https://www.dividend.com/search/?q=VOD">VOD:div</a></td><td><a target="_blank" href="https://www.tradingview.com/chart/?symbol=NYSE%3AVOD">VOD:tv</a></td></tr><tr><th scope="row">9</th><td>VZ</td><td><a target="_blank" href="https://www.dividend.com/search/?q=VZ">VZ:div</a></td><td><a target="_blank" href="https://www.tradingview.com/chart/?symbol=NYSE%3AVZ">VZ:tv</a></td></tr><tr><th scope="row">10</th><td>ZD</td><td><a target="_blank" href="https://www.dividend.com/search/?q=ZD">ZD:div</a></td><td><a target="_blank" href="https://www.tradingview.com/chart/?symbol=NYSE%3AZD">ZD:tv</a></td></tr></tbody></table></html>