---
layout: detail
title: StockReport(telecommunications.ss.html)
---
<h5>fn_build_correlation_mx</h5><div><div>                        <script type="text/javascript">window.PlotlyConfig = {MathJaxConfig: 'local'};</script>
        <script charset="utf-8" src="https://cdn.plot.ly/plotly-2.27.0.min.js"></script>                <div id="159ba2dc-feb2-418a-b213-558ebad8c45e" class="plotly-graph-div" style="height:100%; width:100%;"></div>            <script type="text/javascript">                                    window.PLOTLYENV=window.PLOTLYENV || {};                                    if (document.getElementById("159ba2dc-feb2-418a-b213-558ebad8c45e")) {                    Plotly.newPlot(                        "159ba2dc-feb2-418a-b213-558ebad8c45e",                        [{"colorscale":[[0.0,"rgb(103,0,31)"],[0.1,"rgb(178,24,43)"],[0.2,"rgb(214,96,77)"],[0.3,"rgb(244,165,130)"],[0.4,"rgb(253,219,199)"],[0.5,"rgb(247,247,247)"],[0.6,"rgb(209,229,240)"],[0.7,"rgb(146,197,222)"],[0.8,"rgb(67,147,195)"],[0.9,"rgb(33,102,172)"],[1.0,"rgb(5,48,97)"]],"texttemplate":"%{z:.1f}","x":["ADTN","AMX","CMCSA","CSCO","IDCC","IRDM","T","TDS","TLK","TMUS","VOD","VZ","ZD"],"y":["ADTN","AMX","CMCSA","CSCO","IDCC","IRDM","T","TDS","TLK","TMUS","VOD","VZ","ZD"],"z":[[1.0,0.27749189053225326,0.6005400322149245,0.1695845690086916,0.32570908311193747,0.45431319105648327,0.0071318269018881214,0.042999518772649396,-0.023053171296196436,-0.18078015386324195,0.06742395786203914,-0.114315053073437,0.6199690576773195],[0.27749189053225326,1.0,0.25829537447313583,0.06765098833781091,0.04657827388319798,0.44518911809520534,0.25725329046857426,0.33253040929928496,0.44502240280588157,-0.0688606093831073,0.6124199657699329,0.5250436718911355,0.3776836166268799],[0.6005400322149245,0.25829537447313583,1.0,0.1742527398220089,0.24804709104675463,0.11858609997783034,-0.1986770691518761,0.28554593197763467,0.045495667004083584,-0.1257495985609518,0.0655068236097714,-0.054509168517867,0.6518991832136274],[0.1695845690086916,0.06765098833781091,0.1742527398220089,1.0,-0.23595225140550455,-0.02324778430928241,-0.1030995513951836,0.09010898786071901,0.22022334259240825,0.13773364139722227,-0.07302364061862589,-0.1146277577252161,0.365388540581531],[0.32570908311193747,0.04657827388319798,0.24804709104675463,-0.23595225140550455,1.0,0.17449061057824045,0.3127135049734883,0.16918343333978297,-0.11355285701481557,-0.21053132477512304,0.03592885728796047,0.2190376655319664,0.08410853375704902],[0.45431319105648327,0.44518911809520534,0.11858609997783034,-0.02324778430928241,0.17449061057824045,1.0,0.30798707997584235,0.32681196892964015,0.2327842370212143,-0.0787690935798451,0.23063897753276386,0.15458633437509212,0.3516412895228272],[0.0071318269018881214,0.25725329046857426,-0.1986770691518761,-0.1030995513951836,0.3127135049734883,0.30798707997584235,1.0,0.2669959640491246,0.2995861461514515,-0.05623741211926314,0.3151214986393246,0.6936807118670153,-0.07064145082797356],[0.042999518772649396,0.33253040929928496,0.28554593197763467,0.09010898786071901,0.16918343333978297,0.32681196892964015,0.2669959640491246,1.0,0.23293020762779398,0.11847148119637026,0.42058745203262154,0.19834325613373147,0.36389119973484535],[-0.023053171296196436,0.44502240280588157,0.045495667004083584,0.22022334259240825,-0.11355285701481557,0.2327842370212143,0.2995861461514515,0.23293020762779398,1.0,-0.11866242864435572,0.48185283598094486,0.3884972211366751,0.28693481183608127],[-0.18078015386324195,-0.0688606093831073,-0.1257495985609518,0.13773364139722227,-0.21053132477512304,-0.0787690935798451,-0.05623741211926314,0.11847148119637026,-0.11866242864435572,1.0,-0.07330923354837747,-0.17060668981606045,-0.22416285347524617],[0.06742395786203914,0.6124199657699329,0.0655068236097714,-0.07302364061862589,0.03592885728796047,0.23063897753276386,0.3151214986393246,0.42058745203262154,0.48185283598094486,-0.07330923354837747,1.0,0.4374751337041826,0.249669898235361],[-0.114315053073437,0.5250436718911355,-0.054509168517867,-0.1146277577252161,0.2190376655319664,0.15458633437509212,0.6936807118670153,0.19834325613373147,0.3884972211366751,-0.17060668981606045,0.4374751337041826,1.0,-0.026958084672969274],[0.6199690576773195,0.3776836166268799,0.6518991832136274,0.365388540581531,0.08410853375704902,0.3516412895228272,-0.07064145082797356,0.36389119973484535,0.28693481183608127,-0.22416285347524617,0.249669898235361,-0.026958084672969274,1.0]],"zmax":1,"zmin":-1,"type":"heatmap"}],                        {"template":{"data":{"histogram2dcontour":[{"type":"histogram2dcontour","colorbar":{"outlinewidth":0,"ticks":""},"colorscale":[[0.0,"#0d0887"],[0.1111111111111111,"#46039f"],[0.2222222222222222,"#7201a8"],[0.3333333333333333,"#9c179e"],[0.4444444444444444,"#bd3786"],[0.5555555555555556,"#d8576b"],[0.6666666666666666,"#ed7953"],[0.7777777777777778,"#fb9f3a"],[0.8888888888888888,"#fdca26"],[1.0,"#f0f921"]]}],"choropleth":[{"type":"choropleth","colorbar":{"outlinewidth":0,"ticks":""}}],"histogram2d":[{"type":"histogram2d","colorbar":{"outlinewidth":0,"ticks":""},"colorscale":[[0.0,"#0d0887"],[0.1111111111111111,"#46039f"],[0.2222222222222222,"#7201a8"],[0.3333333333333333,"#9c179e"],[0.4444444444444444,"#bd3786"],[0.5555555555555556,"#d8576b"],[0.6666666666666666,"#ed7953"],[0.7777777777777778,"#fb9f3a"],[0.8888888888888888,"#fdca26"],[1.0,"#f0f921"]]}],"heatmap":[{"type":"heatmap","colorbar":{"outlinewidth":0,"ticks":""},"colorscale":[[0.0,"#0d0887"],[0.1111111111111111,"#46039f"],[0.2222222222222222,"#7201a8"],[0.3333333333333333,"#9c179e"],[0.4444444444444444,"#bd3786"],[0.5555555555555556,"#d8576b"],[0.6666666666666666,"#ed7953"],[0.7777777777777778,"#fb9f3a"],[0.8888888888888888,"#fdca26"],[1.0,"#f0f921"]]}],"heatmapgl":[{"type":"heatmapgl","colorbar":{"outlinewidth":0,"ticks":""},"colorscale":[[0.0,"#0d0887"],[0.1111111111111111,"#46039f"],[0.2222222222222222,"#7201a8"],[0.3333333333333333,"#9c179e"],[0.4444444444444444,"#bd3786"],[0.5555555555555556,"#d8576b"],[0.6666666666666666,"#ed7953"],[0.7777777777777778,"#fb9f3a"],[0.8888888888888888,"#fdca26"],[1.0,"#f0f921"]]}],"contourcarpet":[{"type":"contourcarpet","colorbar":{"outlinewidth":0,"ticks":""}}],"contour":[{"type":"contour","colorbar":{"outlinewidth":0,"ticks":""},"colorscale":[[0.0,"#0d0887"],[0.1111111111111111,"#46039f"],[0.2222222222222222,"#7201a8"],[0.3333333333333333,"#9c179e"],[0.4444444444444444,"#bd3786"],[0.5555555555555556,"#d8576b"],[0.6666666666666666,"#ed7953"],[0.7777777777777778,"#fb9f3a"],[0.8888888888888888,"#fdca26"],[1.0,"#f0f921"]]}],"surface":[{"type":"surface","colorbar":{"outlinewidth":0,"ticks":""},"colorscale":[[0.0,"#0d0887"],[0.1111111111111111,"#46039f"],[0.2222222222222222,"#7201a8"],[0.3333333333333333,"#9c179e"],[0.4444444444444444,"#bd3786"],[0.5555555555555556,"#d8576b"],[0.6666666666666666,"#ed7953"],[0.7777777777777778,"#fb9f3a"],[0.8888888888888888,"#fdca26"],[1.0,"#f0f921"]]}],"mesh3d":[{"type":"mesh3d","colorbar":{"outlinewidth":0,"ticks":""}}],"scatter":[{"fillpattern":{"fillmode":"overlay","size":10,"solidity":0.2},"type":"scatter"}],"parcoords":[{"type":"parcoords","line":{"colorbar":{"outlinewidth":0,"ticks":""}}}],"scatterpolargl":[{"type":"scatterpolargl","marker":{"colorbar":{"outlinewidth":0,"ticks":""}}}],"bar":[{"error_x":{"color":"#2a3f5f"},"error_y":{"color":"#2a3f5f"},"marker":{"line":{"color":"#E5ECF6","width":0.5},"pattern":{"fillmode":"overlay","size":10,"solidity":0.2}},"type":"bar"}],"scattergeo":[{"type":"scattergeo","marker":{"colorbar":{"outlinewidth":0,"ticks":""}}}],"scatterpolar":[{"type":"scatterpolar","marker":{"colorbar":{"outlinewidth":0,"ticks":""}}}],"histogram":[{"marker":{"pattern":{"fillmode":"overlay","size":10,"solidity":0.2}},"type":"histogram"}],"scattergl":[{"type":"scattergl","marker":{"colorbar":{"outlinewidth":0,"ticks":""}}}],"scatter3d":[{"type":"scatter3d","line":{"colorbar":{"outlinewidth":0,"ticks":""}},"marker":{"colorbar":{"outlinewidth":0,"ticks":""}}}],"scattermapbox":[{"type":"scattermapbox","marker":{"colorbar":{"outlinewidth":0,"ticks":""}}}],"scatterternary":[{"type":"scatterternary","marker":{"colorbar":{"outlinewidth":0,"ticks":""}}}],"scattercarpet":[{"type":"scattercarpet","marker":{"colorbar":{"outlinewidth":0,"ticks":""}}}],"carpet":[{"aaxis":{"endlinecolor":"#2a3f5f","gridcolor":"white","linecolor":"white","minorgridcolor":"white","startlinecolor":"#2a3f5f"},"baxis":{"endlinecolor":"#2a3f5f","gridcolor":"white","linecolor":"white","minorgridcolor":"white","startlinecolor":"#2a3f5f"},"type":"carpet"}],"table":[{"cells":{"fill":{"color":"#EBF0F8"},"line":{"color":"white"}},"header":{"fill":{"color":"#C8D4E3"},"line":{"color":"white"}},"type":"table"}],"barpolar":[{"marker":{"line":{"color":"#E5ECF6","width":0.5},"pattern":{"fillmode":"overlay","size":10,"solidity":0.2}},"type":"barpolar"}],"pie":[{"automargin":true,"type":"pie"}]},"layout":{"autotypenumbers":"strict","colorway":["#636efa","#EF553B","#00cc96","#ab63fa","#FFA15A","#19d3f3","#FF6692","#B6E880","#FF97FF","#FECB52"],"font":{"color":"#2a3f5f"},"hovermode":"closest","hoverlabel":{"align":"left"},"paper_bgcolor":"white","plot_bgcolor":"#E5ECF6","polar":{"bgcolor":"#E5ECF6","angularaxis":{"gridcolor":"white","linecolor":"white","ticks":""},"radialaxis":{"gridcolor":"white","linecolor":"white","ticks":""}},"ternary":{"bgcolor":"#E5ECF6","aaxis":{"gridcolor":"white","linecolor":"white","ticks":""},"baxis":{"gridcolor":"white","linecolor":"white","ticks":""},"caxis":{"gridcolor":"white","linecolor":"white","ticks":""}},"coloraxis":{"colorbar":{"outlinewidth":0,"ticks":""}},"colorscale":{"sequential":[[0.0,"#0d0887"],[0.1111111111111111,"#46039f"],[0.2222222222222222,"#7201a8"],[0.3333333333333333,"#9c179e"],[0.4444444444444444,"#bd3786"],[0.5555555555555556,"#d8576b"],[0.6666666666666666,"#ed7953"],[0.7777777777777778,"#fb9f3a"],[0.8888888888888888,"#fdca26"],[1.0,"#f0f921"]],"sequentialminus":[[0.0,"#0d0887"],[0.1111111111111111,"#46039f"],[0.2222222222222222,"#7201a8"],[0.3333333333333333,"#9c179e"],[0.4444444444444444,"#bd3786"],[0.5555555555555556,"#d8576b"],[0.6666666666666666,"#ed7953"],[0.7777777777777778,"#fb9f3a"],[0.8888888888888888,"#fdca26"],[1.0,"#f0f921"]],"diverging":[[0,"#8e0152"],[0.1,"#c51b7d"],[0.2,"#de77ae"],[0.3,"#f1b6da"],[0.4,"#fde0ef"],[0.5,"#f7f7f7"],[0.6,"#e6f5d0"],[0.7,"#b8e186"],[0.8,"#7fbc41"],[0.9,"#4d9221"],[1,"#276419"]]},"xaxis":{"gridcolor":"white","linecolor":"white","ticks":"","title":{"standoff":15},"zerolinecolor":"white","automargin":true,"zerolinewidth":2},"yaxis":{"gridcolor":"white","linecolor":"white","ticks":"","title":{"standoff":15},"zerolinecolor":"white","automargin":true,"zerolinewidth":2},"scene":{"xaxis":{"backgroundcolor":"#E5ECF6","gridcolor":"white","linecolor":"white","showbackground":true,"ticks":"","zerolinecolor":"white","gridwidth":2},"yaxis":{"backgroundcolor":"#E5ECF6","gridcolor":"white","linecolor":"white","showbackground":true,"ticks":"","zerolinecolor":"white","gridwidth":2},"zaxis":{"backgroundcolor":"#E5ECF6","gridcolor":"white","linecolor":"white","showbackground":true,"ticks":"","zerolinecolor":"white","gridwidth":2}},"shapedefaults":{"line":{"color":"#2a3f5f"}},"annotationdefaults":{"arrowcolor":"#2a3f5f","arrowhead":0,"arrowwidth":1},"geo":{"bgcolor":"white","landcolor":"#E5ECF6","subunitcolor":"white","showland":true,"showlakes":true,"lakecolor":"white"},"title":{"x":0.05},"mapbox":{"style":"light"}}}},                        {"responsive": true}                    )                };                            </script>        </div></div><h5>xrefs</h5><div><table class="table table-sm table-dark table-hover table-bordered"><thead><tr><th scope="col">#</th><th scope="col">symbol</th><th scope="col">xChange</th><th scope="col">div.com</th><th scope="col">tv</th><th scope="col">DH</th><th scope="col">S</th><th scope="col">analysis</th></tr></thead><tbody><tr><th scope="row">0</th><td>ADTN</td><td>NASDAQ</td><td><a target="_blank" href="https://www.dividend.com/search/?q=ADTN">ADTN:div</a></td><td><a target="_blank" href="https://www.tradingview.com/chart/?symbol=NASDAQ%3AADTN">ADTN:tv</a></td><td><a target="_blank" href="https://www.nasdaq.com/market-activity/stocks/ADTN/dividend-history">ADTN:d_history</a></td><td><a target="_blank" href="https://www.nasdaq.com/market-activity/stocks/ADTN">ADTN:summary</a></td><td><a target="_blank" href="/mike/v/ADTN.v">ADTN:analysis</a></td></tr><tr><th scope="row">1</th><td>AMX</td><td>NYSE</td><td><a target="_blank" href="https://www.dividend.com/search/?q=AMX">AMX:div</a></td><td><a target="_blank" href="https://www.tradingview.com/chart/?symbol=NYSE%3AAMX">AMX:tv</a></td><td><a target="_blank" href="https://www.nasdaq.com/market-activity/stocks/AMX/dividend-history">AMX:d_history</a></td><td><a target="_blank" href="https://www.nasdaq.com/market-activity/stocks/AMX">AMX:summary</a></td><td><a target="_blank" href="/mike/v/AMX.v">AMX:analysis</a></td></tr><tr><th scope="row">2</th><td>CMCSA</td><td>NASDAQ</td><td><a target="_blank" href="https://www.dividend.com/search/?q=CMCSA">CMCSA:div</a></td><td><a target="_blank" href="https://www.tradingview.com/chart/?symbol=NASDAQ%3ACMCSA">CMCSA:tv</a></td><td><a target="_blank" href="https://www.nasdaq.com/market-activity/stocks/CMCSA/dividend-history">CMCSA:d_history</a></td><td><a target="_blank" href="https://www.nasdaq.com/market-activity/stocks/CMCSA">CMCSA:summary</a></td><td><a target="_blank" href="/mike/v/CMCSA.v">CMCSA:analysis</a></td></tr><tr><th scope="row">3</th><td>CSCO</td><td>NASDAQ</td><td><a target="_blank" href="https://www.dividend.com/search/?q=CSCO">CSCO:div</a></td><td><a target="_blank" href="https://www.tradingview.com/chart/?symbol=NASDAQ%3ACSCO">CSCO:tv</a></td><td><a target="_blank" href="https://www.nasdaq.com/market-activity/stocks/CSCO/dividend-history">CSCO:d_history</a></td><td><a target="_blank" href="https://www.nasdaq.com/market-activity/stocks/CSCO">CSCO:summary</a></td><td><a target="_blank" href="/mike/v/CSCO.v">CSCO:analysis</a></td></tr><tr><th scope="row">4</th><td>IDCC</td><td>NASDAQ</td><td><a target="_blank" href="https://www.dividend.com/search/?q=IDCC">IDCC:div</a></td><td><a target="_blank" href="https://www.tradingview.com/chart/?symbol=NASDAQ%3AIDCC">IDCC:tv</a></td><td><a target="_blank" href="https://www.nasdaq.com/market-activity/stocks/IDCC/dividend-history">IDCC:d_history</a></td><td><a target="_blank" href="https://www.nasdaq.com/market-activity/stocks/IDCC">IDCC:summary</a></td><td><a target="_blank" href="/mike/v/IDCC.v">IDCC:analysis</a></td></tr><tr><th scope="row">5</th><td>IRDM</td><td>NASDAQ</td><td><a target="_blank" href="https://www.dividend.com/search/?q=IRDM">IRDM:div</a></td><td><a target="_blank" href="https://www.tradingview.com/chart/?symbol=NASDAQ%3AIRDM">IRDM:tv</a></td><td><a target="_blank" href="https://www.nasdaq.com/market-activity/stocks/IRDM/dividend-history">IRDM:d_history</a></td><td><a target="_blank" href="https://www.nasdaq.com/market-activity/stocks/IRDM">IRDM:summary</a></td><td><a target="_blank" href="/mike/v/IRDM.v">IRDM:analysis</a></td></tr><tr><th scope="row">6</th><td>T</td><td>NYSE</td><td><a target="_blank" href="https://www.dividend.com/search/?q=T">T:div</a></td><td><a target="_blank" href="https://www.tradingview.com/chart/?symbol=NYSE%3AT">T:tv</a></td><td><a target="_blank" href="https://www.nasdaq.com/market-activity/stocks/T/dividend-history">T:d_history</a></td><td><a target="_blank" href="https://www.nasdaq.com/market-activity/stocks/T">T:summary</a></td><td><a target="_blank" href="/mike/v/T.v">T:analysis</a></td></tr><tr><th scope="row">7</th><td>TDS</td><td>NYSE</td><td><a target="_blank" href="https://www.dividend.com/search/?q=TDS">TDS:div</a></td><td><a target="_blank" href="https://www.tradingview.com/chart/?symbol=NYSE%3ATDS">TDS:tv</a></td><td><a target="_blank" href="https://www.nasdaq.com/market-activity/stocks/TDS/dividend-history">TDS:d_history</a></td><td><a target="_blank" href="https://www.nasdaq.com/market-activity/stocks/TDS">TDS:summary</a></td><td><a target="_blank" href="/mike/v/TDS.v">TDS:analysis</a></td></tr><tr><th scope="row">8</th><td>TLK</td><td>NYSE</td><td><a target="_blank" href="https://www.dividend.com/search/?q=TLK">TLK:div</a></td><td><a target="_blank" href="https://www.tradingview.com/chart/?symbol=NYSE%3ATLK">TLK:tv</a></td><td><a target="_blank" href="https://www.nasdaq.com/market-activity/stocks/TLK/dividend-history">TLK:d_history</a></td><td><a target="_blank" href="https://www.nasdaq.com/market-activity/stocks/TLK">TLK:summary</a></td><td><a target="_blank" href="/mike/v/TLK.v">TLK:analysis</a></td></tr><tr><th scope="row">9</th><td>TMUS</td><td>NASDAQ</td><td><a target="_blank" href="https://www.dividend.com/search/?q=TMUS">TMUS:div</a></td><td><a target="_blank" href="https://www.tradingview.com/chart/?symbol=NASDAQ%3ATMUS">TMUS:tv</a></td><td><a target="_blank" href="https://www.nasdaq.com/market-activity/stocks/TMUS/dividend-history">TMUS:d_history</a></td><td><a target="_blank" href="https://www.nasdaq.com/market-activity/stocks/TMUS">TMUS:summary</a></td><td><a target="_blank" href="/mike/v/TMUS.v">TMUS:analysis</a></td></tr><tr><th scope="row">10</th><td>VOD</td><td>NASDAQ</td><td><a target="_blank" href="https://www.dividend.com/search/?q=VOD">VOD:div</a></td><td><a target="_blank" href="https://www.tradingview.com/chart/?symbol=NASDAQ%3AVOD">VOD:tv</a></td><td><a target="_blank" href="https://www.nasdaq.com/market-activity/stocks/VOD/dividend-history">VOD:d_history</a></td><td><a target="_blank" href="https://www.nasdaq.com/market-activity/stocks/VOD">VOD:summary</a></td><td><a target="_blank" href="/mike/v/VOD.v">VOD:analysis</a></td></tr><tr><th scope="row">11</th><td>VZ</td><td>NYSE</td><td><a target="_blank" href="https://www.dividend.com/search/?q=VZ">VZ:div</a></td><td><a target="_blank" href="https://www.tradingview.com/chart/?symbol=NYSE%3AVZ">VZ:tv</a></td><td><a target="_blank" href="https://www.nasdaq.com/market-activity/stocks/VZ/dividend-history">VZ:d_history</a></td><td><a target="_blank" href="https://www.nasdaq.com/market-activity/stocks/VZ">VZ:summary</a></td><td><a target="_blank" href="/mike/v/VZ.v">VZ:analysis</a></td></tr><tr><th scope="row">12</th><td>ZD</td><td>NASDAQ</td><td><a target="_blank" href="https://www.dividend.com/search/?q=ZD">ZD:div</a></td><td><a target="_blank" href="https://www.tradingview.com/chart/?symbol=NASDAQ%3AZD">ZD:tv</a></td><td><a target="_blank" href="https://www.nasdaq.com/market-activity/stocks/ZD/dividend-history">ZD:d_history</a></td><td><a target="_blank" href="https://www.nasdaq.com/market-activity/stocks/ZD">ZD:summary</a></td><td><a target="_blank" href="/mike/v/ZD.v">ZD:analysis</a></td></tr></tbody></table></div><h5>xrefs</h5><div><div>                        <script type="text/javascript">window.PlotlyConfig = {MathJaxConfig: 'local'};</script>
        <script charset="utf-8" src="https://cdn.plot.ly/plotly-2.27.0.min.js"></script>                <div id="4a2a7a6e-7bcb-4944-922b-e0e3821f317a" class="plotly-graph-div" style="height:100%; width:100%;"></div>            <script type="text/javascript">                                    window.PLOTLYENV=window.PLOTLYENV || {};                                    if (document.getElementById("4a2a7a6e-7bcb-4944-922b-e0e3821f317a")) {                    Plotly.newPlot(                        "4a2a7a6e-7bcb-4944-922b-e0e3821f317a",                        [{"alignmentgroup":"True","base":["2021-05-19T00:00:00","2021-11-16T00:00:00","2023-05-16T00:00:00","2023-11-14T00:00:00","2022-05-18T00:00:00","2022-11-15T00:00:00","2023-06-05T00:00:00","2022-06-03T00:00:00","2021-12-16T00:00:00","2021-09-23T00:00:00","2021-06-25T00:00:00","2021-03-26T00:00:00","2020-12-11T00:00:00","2023-12-07T00:00:00","2023-09-07T00:00:00","2023-12-13T00:00:00","2023-09-29T00:00:00","2023-06-29T00:00:00","2023-03-31T00:00:00","2022-12-15T00:00:00","2022-09-30T00:00:00","2022-06-28T00:00:00","2022-03-25T00:00:00","2023-06-01T00:00:00","2023-03-02T00:00:00","2022-12-01T00:00:00","2022-09-06T00:00:00","2022-05-31T00:00:00","2022-02-28T00:00:00","2021-12-02T00:00:00","2021-09-02T00:00:00","2021-06-02T00:00:00","2021-03-03T00:00:00","2020-12-03T00:00:00","2023-06-29T00:00:00","2023-10-16T00:00:00","2023-08-06T00:00:00","2023-05-08T00:00:00","2023-02-20T00:00:00","2022-11-07T00:00:00","2022-08-03T00:00:00","2022-05-04T00:00:00","2022-02-02T00:00:00","2021-11-01T00:00:00","2021-08-04T00:00:00","2021-05-05T00:00:00","2021-02-03T00:00:00","2021-10-21T00:00:00","2021-06-04T00:00:00","2023-08-11T00:00:00","2023-05-19T00:00:00","2023-02-16T00:00:00","2022-11-18T00:00:00","2022-08-11T00:00:00","2022-02-17T00:00:00","2021-11-29T00:00:00","2021-08-12T00:00:00","2021-05-21T00:00:00","2021-02-18T00:00:00","2023-11-15T00:00:00","2023-08-16T00:00:00","2023-05-17T00:00:00","2023-02-15T00:00:00","2022-12-07T00:00:00","2022-08-23T00:00:00","2022-06-06T00:00:00","2022-02-16T00:00:00","2023-10-03T00:00:00","2023-07-11T00:00:00","2023-05-17T00:00:00","2023-01-21T00:00:00","2021-12-12T00:00:00","2021-09-22T00:00:00","2021-05-26T00:00:00","2021-02-09T00:00:00","2020-12-09T00:00:00","2022-10-11T00:00:00","2022-07-14T00:00:00","2022-05-10T00:00:00","2022-01-24T00:00:00","2021-10-12T00:00:00","2021-07-14T00:00:00","2021-05-25T00:00:00","2021-01-26T00:00:00","2020-10-23T00:00:00","2023-11-30T00:00:00","2023-09-13T00:00:00","2023-09-25T00:00:00","2023-06-08T00:00:00","2023-03-29T00:00:00","2022-12-02T00:00:00","2022-09-08T00:00:00","2022-06-01T00:00:00","2022-03-30T00:00:00","2021-12-10T00:00:00","2021-09-10T00:00:00","2021-06-03T00:00:00","2021-03-31T00:00:00","2020-12-11T00:00:00","2023-12-01T00:00:00","2023-09-05T00:00:00","2023-05-04T00:00:00","2022-12-07T00:00:00"],"customdata":[[953,953,-918,-918,36,"NASDAQ-GS","Telecommunications","Telecommunications Equipment",8.74,0.532412,6.091670480549199,16.415858395378017,6.1],[772,772,-765,-765,8,"NASDAQ-GS","Telecommunications","Telecommunications Equipment",8.74,0.514206,5.883363844393593,16.997078991688156,5.9],[226,226,-204,-204,23,"NASDAQ-GS","Telecommunications","Telecommunications Equipment",8.74,0.4969395,5.685806636155607,17.587654030319587,5.7],[44,44,-37,-37,8,"NASDAQ-GS","Telecommunications","Telecommunications Equipment",8.74,0.481455,5.5086384439359275,18.15330612414452,5.5],[589,589,-574,-574,16,"NASDAQ-GS","Telecommunications","Telecommunications Equipment",8.74,0.472455,5.40566361556064,18.499116317956208,5.4],[408,408,-401,-401,8,"NASDAQ-GS","Telecommunications","Telecommunications Equipment",8.74,0.46575,5.328947368421053,18.765432098765434,5.3],[206,206,-198,-198,9,"NYSE","Telecommunications","Telecommunications Equipment",25.82,1.129561,4.374752130131681,22.858437924113883,4.4],[573,573,-567,-567,7,"NYSE","Telecommunications","Telecommunications Equipment",25.82,1.001271,3.8778892331525947,25.78722443773963,3.9],[742,742,-721,-721,22,"NYSE","Telecommunications","Telecommunications Equipment",16.58,0.52,3.136308805790109,31.88461538461538,3.1],[826,826,-813,-813,14,"NYSE","Telecommunications","Telecommunications Equipment",16.58,0.52,3.136308805790109,31.88461538461538,3.1],[916,916,-904,-904,13,"NYSE","Telecommunications","Telecommunications Equipment",16.58,0.52,3.136308805790109,31.88461538461538,3.1],[1007,1007,-995,-995,13,"NYSE","Telecommunications","Telecommunications Equipment",16.58,0.52,3.136308805790109,31.88461538461538,3.1],[1112,1112,-1085,-1085,28,"NYSE","Telecommunications","Telecommunications Equipment",16.58,0.52,3.136308805790109,31.88461538461538,3.1],[21,21,11,11,33,"NYSE","Telecommunications","Telecommunications Equipment",37.31,0.665,1.7823639774859286,56.10526315789474,1.8],[112,112,-84,-84,29,"NYSE","Telecommunications","Telecommunications Equipment",37.31,0.665,1.7823639774859286,56.10526315789474,1.8],[15,15,11,11,27,"NYSE","Telecommunications","Telecommunications Equipment",16.58,0.2775,1.673703256936068,59.74774774774774,1.7],[90,90,-84,-84,7,"NYSE","Telecommunications","Telecommunications Equipment",16.58,0.2775,1.673703256936068,59.74774774774774,1.7],[182,182,-175,-175,8,"NYSE","Telecommunications","Telecommunications Equipment",16.58,0.2775,1.673703256936068,59.74774774774774,1.7],[272,272,-267,-267,6,"NYSE","Telecommunications","Telecommunications Equipment",16.58,0.2775,1.673703256936068,59.74774774774774,1.7],[378,378,-354,-354,25,"NYSE","Telecommunications","Telecommunications Equipment",16.58,0.2775,1.673703256936068,59.74774774774774,1.7],[454,454,-449,-449,6,"NYSE","Telecommunications","Telecommunications Equipment",16.58,0.2775,1.673703256936068,59.74774774774774,1.7],[548,548,-539,-539,10,"NYSE","Telecommunications","Telecommunications Equipment",16.58,0.2775,1.673703256936068,59.74774774774774,1.7],[643,643,-625,-625,19,"NYSE","Telecommunications","Telecommunications Equipment",16.58,0.2775,1.673703256936068,59.74774774774774,1.7],[210,210,-175,-175,36,"NYSE","Telecommunications","Telecommunications Equipment",37.31,0.6525,1.7488608952023585,57.180076628352495,1.7],[301,301,-267,-267,35,"NYSE","Telecommunications","Telecommunications Equipment",37.31,0.6525,1.7488608952023585,57.180076628352495,1.7],[392,392,-354,-354,39,"NYSE","Telecommunications","Telecommunications Equipment",37.31,0.6525,1.7488608952023585,57.180076628352495,1.7],[478,478,-449,-449,30,"NYSE","Telecommunications","Telecommunications Equipment",37.31,0.6525,1.7488608952023585,57.180076628352495,1.7],[576,576,-540,-540,37,"NYSE","Telecommunications","Telecommunications Equipment",37.31,0.64,1.7153578129187885,58.296875,1.7],[668,668,-631,-631,38,"NYSE","Telecommunications","Telecommunications Equipment",37.31,0.64,1.7153578129187885,58.296875,1.7],[756,756,-721,-721,36,"NYSE","Telecommunications","Telecommunications Equipment",37.31,0.64,1.7153578129187885,58.296875,1.7],[847,847,-813,-813,35,"NYSE","Telecommunications","Telecommunications Equipment",37.31,0.64,1.7153578129187885,58.296875,1.7],[939,939,-904,-904,36,"NYSE","Telecommunications","Telecommunications Equipment",37.31,0.6275,1.681854730635218,59.4581673306773,1.7],[1030,1030,-995,-995,36,"NYSE","Telecommunications","Telecommunications Equipment",37.31,0.6275,1.681854730635218,59.4581673306773,1.7],[1120,1120,-1086,-1086,35,"NYSE","Telecommunications","Telecommunications Equipment",37.31,0.6275,1.681854730635218,59.4581673306773,1.7],[182,182,-169,-169,14,"NYSE","Telecommunications","Telecommunications Equipment",18.5,0.26873,1.4525945945945946,68.84233245264764,1.5],[73,73,-50,-50,24,"NYSE","Telecommunications","Telecommunications Equipment",18.5,0.256081,1.3842216216216217,72.24276693702383,1.4],[144,144,-133,-133,12,"NASDAQ-GS","Telecommunications","Telecommunications Equipment",7.3,0.09,1.2328767123287672,81.11111111111111,1.2],[234,234,-221,-221,14,"NASDAQ-GS","Telecommunications","Telecommunications Equipment",7.3,0.09,1.2328767123287672,81.11111111111111,1.2],[311,311,-298,-298,14,"NASDAQ-GS","Telecommunications","Telecommunications Equipment",7.3,0.09,1.2328767123287672,81.11111111111111,1.2],[416,416,-403,-403,14,"NASDAQ-GS","Telecommunications","Telecommunications Equipment",7.3,0.09,1.2328767123287672,81.11111111111111,1.2],[512,512,-499,-499,14,"NASDAQ-GS","Telecommunications","Telecommunications Equipment",7.3,0.09,1.2328767123287672,81.11111111111111,1.2],[603,603,-590,-590,14,"NASDAQ-GS","Telecommunications","Telecommunications Equipment",7.3,0.09,1.2328767123287672,81.11111111111111,1.2],[694,694,-681,-681,14,"NASDAQ-GS","Telecommunications","Telecommunications Equipment",7.3,0.09,1.2328767123287672,81.11111111111111,1.2],[787,787,-774,-774,14,"NASDAQ-GS","Telecommunications","Telecommunications Equipment",7.3,0.09,1.2328767123287672,81.11111111111111,1.2],[876,876,-863,-863,14,"NASDAQ-GS","Telecommunications","Telecommunications Equipment",7.3,0.09,1.2328767123287672,81.11111111111111,1.2],[967,967,-954,-954,14,"NASDAQ-GS","Telecommunications","Telecommunications Equipment",7.3,0.09,1.2328767123287672,81.11111111111111,1.2],[1058,1058,-1045,-1045,14,"NASDAQ-GS","Telecommunications","Telecommunications Equipment",7.3,0.09,1.2328767123287672,81.11111111111111,1.2],[798,798,-785,-785,14,"NYSE","Telecommunications","Telecommunications Equipment",18.5,0.196367,1.0614432432432432,94.21134915744499,1.1],[937,937,-931,-931,7,"NYSE","Telecommunications","Telecommunications Equipment",25.82,0.288379,1.1168822618125485,89.53495226767552,1.1],[139,139,-106,-106,34,"NYSE","Telecommunications","Telecommunications Equipment",18.13,0.185,1.0204081632653061,98.0,1.0],[223,223,-198,-198,26,"NYSE","Telecommunications","Telecommunications Equipment",18.13,0.185,1.0204081632653061,98.0,1.0],[315,315,-290,-290,26,"NYSE","Telecommunications","Telecommunications Equipment",18.13,0.185,1.0204081632653061,98.0,1.0],[405,405,-380,-380,26,"NYSE","Telecommunications","Telecommunications Equipment",18.13,0.18,0.9928295642581357,100.72222222222221,1.0],[504,504,-471,-471,34,"NYSE","Telecommunications","Telecommunications Equipment",18.13,0.18,0.9928295642581357,100.72222222222221,1.0],[679,679,-655,-655,25,"NYSE","Telecommunications","Telecommunications Equipment",18.13,0.18,0.9928295642581357,100.72222222222221,1.0],[759,759,-745,-745,15,"NYSE","Telecommunications","Telecommunications Equipment",18.13,0.175,0.9652509652509653,103.6,1.0],[868,868,-836,-836,33,"NYSE","Telecommunications","Telecommunications Equipment",18.13,0.175,0.9652509652509653,103.6,1.0],[951,951,-928,-928,24,"NYSE","Telecommunications","Telecommunications Equipment",18.13,0.175,0.9652509652509653,103.6,1.0],[1043,1043,-1018,-1018,26,"NYSE","Telecommunications","Telecommunications Equipment",18.13,0.175,0.9652509652509653,103.6,1.0],[43,43,5,5,49,"NASDAQ-GS","Telecommunications","Computer Communications Equipment",50.44,0.39,0.7731958762886598,129.33333333333331,0.8],[134,134,-87,-87,48,"NASDAQ-GS","Telecommunications","Computer Communications Equipment",50.44,0.39,0.7731958762886598,129.33333333333331,0.8],[225,225,-177,-177,49,"NASDAQ-GS","Telecommunications","Computer Communications Equipment",50.44,0.39,0.7731958762886598,129.33333333333331,0.8],[316,316,-269,-269,48,"NASDAQ-GS","Telecommunications","Computer Communications Equipment",50.44,0.39,0.7731958762886598,129.33333333333331,0.8],[386,386,-359,-359,28,"NASDAQ-GS","Telecommunications","Computer Communications Equipment",50.44,0.38,0.753370340999207,132.73684210526315,0.8],[492,492,-451,-451,42,"NASDAQ-GS","Telecommunications","Computer Communications Equipment",50.44,0.38,0.753370340999207,132.73684210526315,0.8],[570,570,-542,-542,29,"NASDAQ-GS","Telecommunications","Computer Communications Equipment",50.44,0.38,0.753370340999207,132.73684210526315,0.8],[680,680,-633,-633,48,"NASDAQ-GS","Telecommunications","Computer Communications Equipment",50.44,0.38,0.753370340999207,132.73684210526315,0.8],[86,86,4,4,91,"NASDAQ-GS","Telecommunications","Cable & Other Pay Television Services",43.99,0.29,0.6592407365310297,151.6896551724138,0.7],[170,170,-87,-87,84,"NASDAQ-GS","Telecommunications","Cable & Other Pay Television Services",43.99,0.29,0.6592407365310297,151.6896551724138,0.7],[225,225,-179,-179,47,"NASDAQ-GS","Telecommunications","Cable & Other Pay Television Services",43.99,0.29,0.6592407365310297,151.6896551724138,0.7],[341,341,-269,-269,73,"NASDAQ-GS","Telecommunications","Cable & Other Pay Television Services",43.99,0.29,0.6592407365310297,151.6896551724138,0.7],[746,746,-724,-724,23,"NASDAQ-GS","Telecommunications","Computer Communications Equipment",50.44,0.37,0.7335448057097542,136.32432432432432,0.7],[827,827,-816,-816,12,"NASDAQ-GS","Telecommunications","Computer Communications Equipment",50.44,0.37,0.7335448057097542,136.32432432432432,0.7],[946,946,-910,-910,37,"NASDAQ-GS","Telecommunications","Computer Communications Equipment",50.44,0.37,0.7335448057097542,136.32432432432432,0.7],[1052,1052,-998,-998,55,"NASDAQ-GS","Telecommunications","Computer Communications Equipment",50.44,0.37,0.7335448057097542,136.32432432432432,0.7],[1114,1114,-1089,-1089,26,"NASDAQ-GS","Telecommunications","Computer Communications Equipment",50.44,0.36,0.7137192704203014,140.11111111111111,0.7],[443,443,-360,-360,84,"NASDAQ-GS","Telecommunications","Cable & Other Pay Television Services",43.99,0.27,0.6137758581495795,162.92592592592592,0.6],[532,532,-451,-451,82,"NASDAQ-GS","Telecommunications","Cable & Other Pay Television Services",43.99,0.27,0.6137758581495795,162.92592592592592,0.6],[597,597,-542,-542,56,"NASDAQ-GS","Telecommunications","Cable & Other Pay Television Services",43.99,0.27,0.6137758581495795,162.92592592592592,0.6],[703,703,-633,-633,71,"NASDAQ-GS","Telecommunications","Cable & Other Pay Television Services",43.99,0.27,0.6137758581495795,162.92592592592592,0.6],[807,807,-724,-724,84,"NASDAQ-GS","Telecommunications","Cable & Other Pay Television Services",43.99,0.25,0.568310979768129,175.96,0.6],[897,897,-815,-815,83,"NASDAQ-GS","Telecommunications","Cable & Other Pay Television Services",43.99,0.25,0.568310979768129,175.96,0.6],[947,947,-906,-906,42,"NASDAQ-GS","Telecommunications","Cable & Other Pay Television Services",43.99,0.25,0.568310979768129,175.96,0.6],[1066,1066,-997,-997,70,"NASDAQ-GS","Telecommunications","Cable & Other Pay Television Services",43.99,0.25,0.568310979768129,175.96,0.6],[1161,1161,-1088,-1088,74,"NASDAQ-GS","Telecommunications","Cable & Other Pay Television Services",43.99,0.23,0.5228461013866788,191.2608695652174,0.5],[28,28,11,11,40,"NASDAQ-GS","Telecommunications","Telecommunications Equipment",110.42,0.4,0.3622532149972831,276.05,0.4],[106,106,-80,-80,27,"NASDAQ-GS","Telecommunications","Telecommunications Equipment",110.42,0.4,0.3622532149972831,276.05,0.4],[94,94,-29,-29,66,"NASDAQ-GS","Telecommunications","Telecommunications Equipment",157.94,0.65,0.4115486893757123,242.98461538461538,0.4],[203,203,-171,-171,33,"NASDAQ-GS","Telecommunications","Telecommunications Equipment",110.42,0.35,0.3169715631226227,315.4857142857143,0.3],[274,274,-262,-262,13,"NASDAQ-GS","Telecommunications","Telecommunications Equipment",110.42,0.35,0.3169715631226227,315.4857142857143,0.3],[391,391,-353,-353,39,"NASDAQ-GS","Telecommunications","Telecommunications Equipment",110.42,0.35,0.3169715631226227,315.4857142857143,0.3],[476,476,-444,-444,33,"NASDAQ-GS","Telecommunications","Telecommunications Equipment",110.42,0.35,0.3169715631226227,315.4857142857143,0.3],[575,575,-535,-535,41,"NASDAQ-GS","Telecommunications","Telecommunications Equipment",110.42,0.35,0.3169715631226227,315.4857142857143,0.3],[638,638,-626,-626,13,"NASDAQ-GS","Telecommunications","Telecommunications Equipment",110.42,0.35,0.3169715631226227,315.4857142857143,0.3],[748,748,-717,-717,32,"NASDAQ-GS","Telecommunications","Telecommunications Equipment",110.42,0.35,0.3169715631226227,315.4857142857143,0.3],[839,839,-808,-808,32,"NASDAQ-GS","Telecommunications","Telecommunications Equipment",110.42,0.35,0.3169715631226227,315.4857142857143,0.3],[938,938,-899,-899,40,"NASDAQ-GS","Telecommunications","Telecommunications Equipment",110.42,0.35,0.3169715631226227,315.4857142857143,0.3],[1002,1002,-990,-990,13,"NASDAQ-GS","Telecommunications","Telecommunications Equipment",110.42,0.35,0.3169715631226227,315.4857142857143,0.3],[1112,1112,-1081,-1081,32,"NASDAQ-GS","Telecommunications","Telecommunications Equipment",110.42,0.35,0.3169715631226227,315.4857142857143,0.3],[27,27,-15,-15,13,"NASDAQ-GS","Telecommunications","Telecommunications Equipment",40.88,0.13,0.3180039138943248,314.46153846153845,0.3],[114,114,-106,-106,9,"NASDAQ-GS","Telecommunications","Telecommunications Equipment",40.88,0.13,0.3180039138943248,314.46153846153845,0.3],[238,238,-198,-198,41,"NASDAQ-GS","Telecommunications","Telecommunications Equipment",40.88,0.13,0.3180039138943248,314.46153846153845,0.3],[386,386,-290,-290,97,"NASDAQ-GS","Telecommunications","Telecommunications Equipment",40.88,0.13,0.3180039138943248,314.46153846153845,0.3]],"hovertemplate":"x_start=%{base}\u003cbr\u003ex_end=%{x}\u003cbr\u003estr_symbol=%{y}\u003cbr\u003edt_declarationDate_past=%{customdata[0]}\u003cbr\u003ed_past=%{customdata[1]}\u003cbr\u003edt_exOrEffDate_until=%{customdata[2]}\u003cbr\u003ed_until=%{customdata[3]}\u003cbr\u003eTTL=%{customdata[4]}\u003cbr\u003estr_Exchange=%{customdata[5]}\u003cbr\u003estr_Sector=%{customdata[6]}\u003cbr\u003estr_Industry=%{customdata[7]}\u003cbr\u003enum_PreviousClose=%{customdata[8]}\u003cbr\u003enum_amount=%{customdata[9]}\u003cbr\u003enum_CpD=%{customdata[10]}\u003cbr\u003enum_times=%{customdata[11]}\u003cbr\u003eROI=%{marker.color}\u003cextra\u003e\u003c\u002fextra\u003e","legendgroup":"","marker":{"color":[6.1,5.9,5.7,5.5,5.4,5.3,4.4,3.9,3.1,3.1,3.1,3.1,3.1,1.8,1.8,1.7,1.7,1.7,1.7,1.7,1.7,1.7,1.7,1.7,1.7,1.7,1.7,1.7,1.7,1.7,1.7,1.7,1.7,1.7,1.5,1.4,1.2,1.2,1.2,1.2,1.2,1.2,1.2,1.2,1.2,1.2,1.2,1.1,1.1,1.0,1.0,1.0,1.0,1.0,1.0,1.0,1.0,1.0,1.0,0.8,0.8,0.8,0.8,0.8,0.8,0.8,0.8,0.7,0.7,0.7,0.7,0.7,0.7,0.7,0.7,0.7,0.6,0.6,0.6,0.6,0.6,0.6,0.6,0.6,0.5,0.4,0.4,0.4,0.3,0.3,0.3,0.3,0.3,0.3,0.3,0.3,0.3,0.3,0.3,0.3,0.3,0.3,0.3],"coloraxis":"coloraxis","pattern":{"shape":""}},"name":"","offsetgroup":"","orientation":"h","showlegend":false,"textposition":"auto","x":[3110400000.0,691200000.0,1987200000.0,691200000.0,1382400000.0,691200000.0,777600000.0,604800000.0,1900800000.0,1209600000.0,1123200000.0,1123200000.0,2419200000.0,2851200000.0,2505600000.0,2332800000.0,604800000.0,691200000.0,518400000.0,2160000000.0,518400000.0,864000000.0,1641600000.0,3110400000.0,3024000000.0,3369600000.0,2592000000.0,3196800000.0,3283200000.0,3110400000.0,3024000000.0,3110400000.0,3110400000.0,3024000000.0,1209600000.0,2073600000.0,1036800000.0,1209600000.0,1209600000.0,1209600000.0,1209600000.0,1209600000.0,1209600000.0,1209600000.0,1209600000.0,1209600000.0,1209600000.0,1209600000.0,604800000.0,2937600000.0,2246400000.0,2246400000.0,2246400000.0,2937600000.0,2160000000.0,1296000000.0,2851200000.0,2073600000.0,2246400000.0,4233600000.0,4147200000.0,4233600000.0,4147200000.0,2419200000.0,3628800000.0,2505600000.0,4147200000.0,7862400000.0,7257600000.0,4060800000.0,6307200000.0,1987200000.0,1036800000.0,3196800000.0,4752000000.0,2246400000.0,7257600000.0,7084800000.0,4838400000.0,6134400000.0,7257600000.0,7171200000.0,3628800000.0,6048000000.0,6393600000.0,3456000000.0,2332800000.0,5702400000.0,2851200000.0,1123200000.0,3369600000.0,2851200000.0,3542400000.0,1123200000.0,2764800000.0,2764800000.0,3456000000.0,1123200000.0,2764800000.0,1123200000.0,777600000.0,3542400000.0,8380800000.0],"xaxis":"x","y":["VOD","VOD","VOD","VOD","VOD","VOD","TLK","TLK","T","T","T","T","T","VZ","VZ","T","T","T","T","T","T","T","T","VZ","VZ","VZ","VZ","VZ","VZ","VZ","VZ","VZ","VZ","VZ","AMX","AMX","ADTN","ADTN","ADTN","ADTN","ADTN","ADTN","ADTN","ADTN","ADTN","ADTN","ADTN","AMX","TLK","TDS","TDS","TDS","TDS","TDS","TDS","TDS","TDS","TDS","TDS","CSCO","CSCO","CSCO","CSCO","CSCO","CSCO","CSCO","CSCO","CMCSA","CMCSA","CMCSA","CMCSA","CSCO","CSCO","CSCO","CSCO","CSCO","CMCSA","CMCSA","CMCSA","CMCSA","CMCSA","CMCSA","CMCSA","CMCSA","CMCSA","IDCC","IDCC","TMUS","IDCC","IDCC","IDCC","IDCC","IDCC","IDCC","IDCC","IDCC","IDCC","IDCC","IDCC","IRDM","IRDM","IRDM","IRDM"],"yaxis":"y","type":"bar"}],                        {"template":{"data":{"histogram2dcontour":[{"type":"histogram2dcontour","colorbar":{"outlinewidth":0,"ticks":""},"colorscale":[[0.0,"#0d0887"],[0.1111111111111111,"#46039f"],[0.2222222222222222,"#7201a8"],[0.3333333333333333,"#9c179e"],[0.4444444444444444,"#bd3786"],[0.5555555555555556,"#d8576b"],[0.6666666666666666,"#ed7953"],[0.7777777777777778,"#fb9f3a"],[0.8888888888888888,"#fdca26"],[1.0,"#f0f921"]]}],"choropleth":[{"type":"choropleth","colorbar":{"outlinewidth":0,"ticks":""}}],"histogram2d":[{"type":"histogram2d","colorbar":{"outlinewidth":0,"ticks":""},"colorscale":[[0.0,"#0d0887"],[0.1111111111111111,"#46039f"],[0.2222222222222222,"#7201a8"],[0.3333333333333333,"#9c179e"],[0.4444444444444444,"#bd3786"],[0.5555555555555556,"#d8576b"],[0.666666