<!DOCTYPE html><html lang="en"><h5>fn_build_correlation_mx</h5><div><div>                        <script type="text/javascript">window.PlotlyConfig = {MathJaxConfig: 'local'};</script>
        <script charset="utf-8" src="https://cdn.plot.ly/plotly-2.27.0.min.js"></script>                <div id="ea27a94e-3674-4777-939a-0a99951bc0cb" class="plotly-graph-div" style="height:100%; width:100%;"></div>            <script type="text/javascript">                                    window.PLOTLYENV=window.PLOTLYENV || {};                                    if (document.getElementById("ea27a94e-3674-4777-939a-0a99951bc0cb")) {                    Plotly.newPlot(                        "ea27a94e-3674-4777-939a-0a99951bc0cb",                        [{"colorscale":[[0.0,"rgb(103,0,31)"],[0.1,"rgb(178,24,43)"],[0.2,"rgb(214,96,77)"],[0.3,"rgb(244,165,130)"],[0.4,"rgb(253,219,199)"],[0.5,"rgb(247,247,247)"],[0.6,"rgb(209,229,240)"],[0.7,"rgb(146,197,222)"],[0.8,"rgb(67,147,195)"],[0.9,"rgb(33,102,172)"],[1.0,"rgb(5,48,97)"]],"texttemplate":"%{z:.1f}","x":["AMX","CMCSA","CSCO","IRDM","T","TDS","TLK","TMUS","VOD","VZ","ZD"],"y":["AMX","CMCSA","CSCO","IRDM","T","TDS","TLK","TMUS","VOD","VZ","ZD"],"z":[[1.0,0.2567303805066946,0.0691742498608959,0.4402718565514547,0.25749248367672617,0.33118910414346076,0.44119060317692627,-0.06437943963270668,0.6112758854376226,0.5224847422857581,0.3770453902126105],[0.2567303805066946,1.0,0.1758392520876334,0.11812048967786418,-0.19969962697194976,0.2854795955667204,0.03976256950855073,-0.12125784262645721,0.06542476747030015,-0.05782572941339367,0.6515720328581037],[0.0691742498608959,0.1758392520876334,1.0,-0.017201500140404877,-0.10357648613730676,0.09138704637653199,0.2188950753322173,0.13758523965560573,-0.07148433134521273,-0.11339865430420697,0.36624367763883287],[0.4402718565514547,0.11812048967786418,-0.017201500140404877,1.0,0.309768651270871,0.32753920922674196,0.21625359987290307,-0.06062842830736114,0.22852950216326315,0.13925279074923727,0.3537480508786775],[0.25749248367672617,-0.19969962697194976,-0.10357648613730676,0.309768651270871,1.0,0.26629683752484695,0.3008426554527379,-0.057398371582924934,0.31433341619878563,0.6960547696594651,-0.07103291004968262],[0.33118910414346076,0.2854795955667204,0.09138704637653199,0.32753920922674196,0.26629683752484695,1.0,0.22847693699919078,0.12232574386207626,0.42017823300901963,0.19602595054843538,0.3635968248758793],[0.44119060317692627,0.03976256950855073,0.2188950753322173,0.21625359987290307,0.3008426554527379,0.22847693699919078,1.0,-0.11908836490183754,0.4760330926590877,0.3848655284412783,0.28383981952824905],[-0.06437943963270668,-0.12125784262645721,0.13758523965560573,-0.06062842830736114,-0.057398371582924934,0.12232574386207626,-0.11908836490183754,1.0,-0.06881418571277924,-0.165577974794888,-0.22207642223539148],[0.6112758854376226,0.06542476747030015,-0.07148433134521273,0.22852950216326315,0.31433341619878563,0.42017823300901963,0.4760330926590877,-0.06881418571277924,1.0,0.43537128323315183,0.24923038497194133],[0.5224847422857581,-0.05782572941339367,-0.11339865430420697,0.13925279074923727,0.6960547696594651,0.19602595054843538,0.3848655284412783,-0.165577974794888,0.43537128323315183,1.0,-0.029223545022003153],[0.3770453902126105,0.6515720328581037,0.36624367763883287,0.3537480508786775,-0.07103291004968262,0.3635968248758793,0.28383981952824905,-0.22207642223539148,0.24923038497194133,-0.029223545022003153,1.0]],"zmax":1,"zmin":-1,"type":"heatmap"}],                        {"template":{"data":{"histogram2dcontour":[{"type":"histogram2dcontour","colorbar":{"outlinewidth":0,"ticks":""},"colorscale":[[0.0,"#0d0887"],[0.1111111111111111,"#46039f"],[0.2222222222222222,"#7201a8"],[0.3333333333333333,"#9c179e"],[0.4444444444444444,"#bd3786"],[0.5555555555555556,"#d8576b"],[0.6666666666666666,"#ed7953"],[0.7777777777777778,"#fb9f3a"],[0.8888888888888888,"#fdca26"],[1.0,"#f0f921"]]}],"choropleth":[{"type":"choropleth","colorbar":{"outlinewidth":0,"ticks":""}}],"histogram2d":[{"type":"histogram2d","colorbar":{"outlinewidth":0,"ticks":""},"colorscale":[[0.0,"#0d0887"],[0.1111111111111111,"#46039f"],[0.2222222222222222,"#7201a8"],[0.3333333333333333,"#9c179e"],[0.4444444444444444,"#bd3786"],[0.5555555555555556,"#d8576b"],[0.6666666666666666,"#ed7953"],[0.7777777777777778,"#fb9f3a"],[0.8888888888888888,"#fdca26"],[1.0,"#f0f921"]]}],"heatmap":[{"type":"heatmap","colorbar":{"outlinewidth":0,"ticks":""},"colorscale":[[0.0,"#0d0887"],[0.1111111111111111,"#46039f"],[0.2222222222222222,"#7201a8"],[0.3333333333333333,"#9c179e"],[0.4444444444444444,"#bd3786"],[0.5555555555555556,"#d8576b"],[0.6666666666666666,"#ed7953"],[0.7777777777777778,"#fb9f3a"],[0.8888888888888888,"#fdca26"],[1.0,"#f0f921"]]}],"heatmapgl":[{"type":"heatmapgl","colorbar":{"outlinewidth":0,"ticks":""},"colorscale":[[0.0,"#0d0887"],[0.1111111111111111,"#46039f"],[0.2222222222222222,"#7201a8"],[0.3333333333333333,"#9c179e"],[0.4444444444444444,"#bd3786"],[0.5555555555555556,"#d8576b"],[0.6666666666666666,"#ed7953"],[0.7777777777777778,"#fb9f3a"],[0.8888888888888888,"#fdca26"],[1.0,"#f0f921"]]}],"contourcarpet":[{"type":"contourcarpet","colorbar":{"outlinewidth":0,"ticks":""}}],"contour":[{"type":"contour","colorbar":{"outlinewidth":0,"ticks":""},"colorscale":[[0.0,"#0d0887"],[0.1111111111111111,"#46039f"],[0.2222222222222222,"#7201a8"],[0.3333333333333333,"#9c179e"],[0.4444444444444444,"#bd3786"],[0.5555555555555556,"#d8576b"],[0.6666666666666666,"#ed7953"],[0.7777777777777778,"#fb9f3a"],[0.8888888888888888,"#fdca26"],[1.0,"#f0f921"]]}],"surface":[{"type":"surface","colorbar":{"outlinewidth":0,"ticks":""},"colorscale":[[0.0,"#0d0887"],[0.1111111111111111,"#46039f"],[0.2222222222222222,"#7201a8"],[0.3333333333333333,"#9c179e"],[0.4444444444444444,"#bd3786"],[0.5555555555555556,"#d8576b"],[0.6666666666666666,"#ed7953"],[0.7777777777777778,"#fb9f3a"],[0.8888888888888888,"#fdca26"],[1.0,"#f0f921"]]}],"mesh3d":[{"type":"mesh3d","colorbar":{"outlinewidth":0,"ticks":""}}],"scatter":[{"fillpattern":{"fillmode":"overlay","size":10,"solidity":0.2},"type":"scatter"}],"parcoords":[{"type":"parcoords","line":{"colorbar":{"outlinewidth":0,"ticks":""}}}],"scatterpolargl":[{"type":"scatterpolargl","marker":{"colorbar":{"outlinewidth":0,"ticks":""}}}],"bar":[{"error_x":{"color":"#2a3f5f"},"error_y":{"color":"#2a3f5f"},"marker":{"line":{"color":"#E5ECF6","width":0.5},"pattern":{"fillmode":"overlay","size":10,"solidity":0.2}},"type":"bar"}],"scattergeo":[{"type":"scattergeo","marker":{"colorbar":{"outlinewidth":0,"ticks":""}}}],"scatterpolar":[{"type":"scatterpolar","marker":{"colorbar":{"outlinewidth":0,"ticks":""}}}],"histogram":[{"marker":{"pattern":{"fillmode":"overlay","size":10,"solidity":0.2}},"type":"histogram"}],"scattergl":[{"type":"scattergl","marker":{"colorbar":{"outlinewidth":0,"ticks":""}}}],"scatter3d":[{"type":"scatter3d","line":{"colorbar":{"outlinewidth":0,"ticks":""}},"marker":{"colorbar":{"outlinewidth":0,"ticks":""}}}],"scattermapbox":[{"type":"scattermapbox","marker":{"colorbar":{"outlinewidth":0,"ticks":""}}}],"scatterternary":[{"type":"scatterternary","marker":{"colorbar":{"outlinewidth":0,"ticks":""}}}],"scattercarpet":[{"type":"scattercarpet","marker":{"colorbar":{"outlinewidth":0,"ticks":""}}}],"carpet":[{"aaxis":{"endlinecolor":"#2a3f5f","gridcolor":"white","linecolor":"white","minorgridcolor":"white","startlinecolor":"#2a3f5f"},"baxis":{"endlinecolor":"#2a3f5f","gridcolor":"white","linecolor":"white","minorgridcolor":"white","startlinecolor":"#2a3f5f"},"type":"carpet"}],"table":[{"cells":{"fill":{"color":"#EBF0F8"},"line":{"color":"white"}},"header":{"fill":{"color":"#C8D4E3"},"line":{"color":"white"}},"type":"table"}],"barpolar":[{"marker":{"line":{"color":"#E5ECF6","width":0.5},"pattern":{"fillmode":"overlay","size":10,"solidity":0.2}},"type":"barpolar"}],"pie":[{"automargin":true,"type":"pie"}]},"layout":{"autotypenumbers":"strict","colorway":["#636efa","#EF553B","#00cc96","#ab63fa","#FFA15A","#19d3f3","#FF6692","#B6E880","#FF97FF","#FECB52"],"font":{"color":"#2a3f5f"},"hovermode":"closest","hoverlabel":{"align":"left"},"paper_bgcolor":"white","plot_bgcolor":"#E5ECF6","polar":{"bgcolor":"#E5ECF6","angularaxis":{"gridcolor":"white","linecolor":"white","ticks":""},"radialaxis":{"gridcolor":"white","linecolor":"white","ticks":""}},"ternary":{"bgcolor":"#E5ECF6","aaxis":{"gridcolor":"white","linecolor":"white","ticks":""},"baxis":{"gridcolor":"white","linecolor":"white","ticks":""},"caxis":{"gridcolor":"white","linecolor":"white","ticks":""}},"coloraxis":{"colorbar":{"outlinewidth":0,"ticks":""}},"colorscale":{"sequential":[[0.0,"#0d0887"],[0.1111111111111111,"#46039f"],[0.2222222222222222,"#7201a8"],[0.3333333333333333,"#9c179e"],[0.4444444444444444,"#bd3786"],[0.5555555555555556,"#d8576b"],[0.6666666666666666,"#ed7953"],[0.7777777777777778,"#fb9f3a"],[0.8888888888888888,"#fdca26"],[1.0,"#f0f921"]],"sequentialminus":[[0.0,"#0d0887"],[0.1111111111111111,"#46039f"],[0.2222222222222222,"#7201a8"],[0.3333333333333333,"#9c179e"],[0.4444444444444444,"#bd3786"],[0.5555555555555556,"#d8576b"],[0.6666666666666666,"#ed7953"],[0.7777777777777778,"#fb9f3a"],[0.8888888888888888,"#fdca26"],[1.0,"#f0f921"]],"diverging":[[0,"#8e0152"],[0.1,"#c51b7d"],[0.2,"#de77ae"],[0.3,"#f1b6da"],[0.4,"#fde0ef"],[0.5,"#f7f7f7"],[0.6,"#e6f5d0"],[0.7,"#b8e186"],[0.8,"#7fbc41"],[0.9,"#4d9221"],[1,"#276419"]]},"xaxis":{"gridcolor":"white","linecolor":"white","ticks":"","title":{"standoff":15},"zerolinecolor":"white","automargin":true,"zerolinewidth":2},"yaxis":{"gridcolor":"white","linecolor":"white","ticks":"","title":{"standoff":15},"zerolinecolor":"white","automargin":true,"zerolinewidth":2},"scene":{"xaxis":{"backgroundcolor":"#E5ECF6","gridcolor":"white","linecolor":"white","showbackground":true,"ticks":"","zerolinecolor":"white","gridwidth":2},"yaxis":{"backgroundcolor":"#E5ECF6","gridcolor":"white","linecolor":"white","showbackground":true,"ticks":"","zerolinecolor":"white","gridwidth":2},"zaxis":{"backgroundcolor":"#E5ECF6","gridcolor":"white","linecolor":"white","showbackground":true,"ticks":"","zerolinecolor":"white","gridwidth":2}},"shapedefaults":{"line":{"color":"#2a3f5f"}},"annotationdefaults":{"arrowcolor":"#2a3f5f","arrowhead":0,"arrowwidth":1},"geo":{"bgcolor":"white","landcolor":"#E5ECF6","subunitcolor":"white","showland":true,"showlakes":true,"lakecolor":"white"},"title":{"x":0.05},"mapbox":{"style":"light"}}}},                        {"responsive": true}                    )                };                            </script>        </div></div><h5>xrefs</h5><table class="table table-sm table-dark table-hover table-bordered"><thead><tr><th scope="col">#</th><th scope="col">symbol</th><th scope="col">div.com</th><th scope="col">tv</th><th scope="col">DH</th><th scope="col">S</th></tr></thead><tbody><tr><th scope="row">0</th><td>AMX</td><td><a target="_blank" href="https://www.dividend.com/search/?q=AMX">AMX:div</a></td><td><a target="_blank" href="https://www.tradingview.com/chart/?symbol=NYSE%3AAMX">AMX:tv</a></td></tr><tr><th scope="row">1</th><td>CMCSA</td><td><a target="_blank" href="https://www.dividend.com/search/?q=CMCSA">CMCSA:div</a></td><td><a target="_blank" href="https://www.tradingview.com/chart/?symbol=NYSE%3ACMCSA">CMCSA:tv</a></td></tr><tr><th scope="row">2</th><td>CSCO</td><td><a target="_blank" href="https://www.dividend.com/search/?q=CSCO">CSCO:div</a></td><td><a target="_blank" href="https://www.tradingview.com/chart/?symbol=NYSE%3ACSCO">CSCO:tv</a></td></tr><tr><th scope="row">3</th><td>IRDM</td><td><a target="_blank" href="https://www.dividend.com/search/?q=IRDM">IRDM:div</a></td><td><a target="_blank" href="https://www.tradingview.com/chart/?symbol=NYSE%3AIRDM">IRDM:tv</a></td></tr><tr><th scope="row">4</th><td>T</td><td><a target="_blank" href="https://www.dividend.com/search/?q=T">T:div</a></td><td><a target="_blank" href="https://www.tradingview.com/chart/?symbol=NYSE%3AT">T:tv</a></td></tr><tr><th scope="row">5</th><td>TDS</td><td><a target="_blank" href="https://www.dividend.com/search/?q=TDS">TDS:div</a></td><td><a target="_blank" href="https://www.tradingview.com/chart/?symbol=NYSE%3ATDS">TDS:tv</a></td></tr><tr><th scope="row">6</th><td>TLK</td><td><a target="_blank" href="https://www.dividend.com/search/?q=TLK">TLK:div</a></td><td><a target="_blank" href="https://www.tradingview.com/chart/?symbol=NYSE%3ATLK">TLK:tv</a></td></tr><tr><th scope="row">7</th><td>TMUS</td><td><a target="_blank" href="https://www.dividend.com/search/?q=TMUS">TMUS:div</a></td><td><a target="_blank" href="https://www.tradingview.com/chart/?symbol=NYSE%3ATMUS">TMUS:tv</a></td></tr><tr><th scope="row">8</th><td>VOD</td><td><a target="_blank" href="https://www.dividend.com/search/?q=VOD">VOD:div</a></td><td><a target="_blank" href="https://www.tradingview.com/chart/?symbol=NYSE%3AVOD">VOD:tv</a></td></tr><tr><th scope="row">9</th><td>VZ</td><td><a target="_blank" href="https://www.dividend.com/search/?q=VZ">VZ:div</a></td><td><a target="_blank" href="https://www.tradingview.com/chart/?symbol=NYSE%3AVZ">VZ:tv</a></td></tr><tr><th scope="row">10</th><td>ZD</td><td><a target="_blank" href="https://www.dividend.com/search/?q=ZD">ZD:div</a></td><td><a target="_blank" href="https://www.tradingview.com/chart/?symbol=NYSE%3AZD">ZD:tv</a></td></tr></tbody></table></html>