---
layout: detail
title: StockReport(telecommunications.ss.html)
dt_created: 2024-01-08 22:29:44 +0000
---
<h4>Sector: [telecommunications]</h4><h5>html_fn_3yr_dividend_history</h5><div><div>                        <script type="text/javascript">window.PlotlyConfig = {MathJaxConfig: 'local'};</script>
        <script charset="utf-8" src="https://cdn.plot.ly/plotly-2.27.0.min.js"></script>                <div id="3ecd3b8c-d219-4b52-ada3-7da198a6cd38" class="plotly-graph-div" style="height:100%; width:100%;"></div>            <script type="text/javascript">                                    window.PLOTLYENV=window.PLOTLYENV || {};                                    if (document.getElementById("3ecd3b8c-d219-4b52-ada3-7da198a6cd38")) {                    Plotly.newPlot(                        "3ecd3b8c-d219-4b52-ada3-7da198a6cd38",                        [{"alignmentgroup":"True","base":["2021-12-16T00:00:00","2021-09-23T00:00:00","2021-06-25T00:00:00","2021-03-26T00:00:00","2023-12-07T00:00:00","2023-09-07T00:00:00","2023-12-13T00:00:00","2023-09-29T00:00:00","2023-06-29T00:00:00","2023-03-31T00:00:00","2022-12-15T00:00:00","2022-09-30T00:00:00","2022-06-28T00:00:00","2022-03-25T00:00:00","2023-06-01T00:00:00","2023-03-02T00:00:00","2022-12-01T00:00:00","2022-09-06T00:00:00","2022-05-31T00:00:00","2022-02-28T00:00:00","2021-12-02T00:00:00","2021-09-02T00:00:00","2021-06-02T00:00:00","2021-03-03T00:00:00"],"customdata":[[753,753,-732,-732,22,"NYSE","Telecommunications","Telecommunications Equipment",17.47,0.52,2.9765311963365773,33.59615384615384,3.0],[837,837,-824,-824,14,"NYSE","Telecommunications","Telecommunications Equipment",17.47,0.52,2.9765311963365773,33.59615384615384,3.0],[927,927,-915,-915,13,"NYSE","Telecommunications","Telecommunications Equipment",17.47,0.52,2.9765311963365773,33.59615384615384,3.0],[1018,1018,-1006,-1006,13,"NYSE","Telecommunications","Telecommunications Equipment",17.47,0.52,2.9765311963365773,33.59615384615384,3.0],[32,32,0,0,33,"NYSE","Telecommunications","Telecommunications Equipment",40.2,0.665,1.6542288557213929,60.45112781954887,1.7],[123,123,-95,-95,29,"NYSE","Telecommunications","Telecommunications Equipment",40.2,0.665,1.6542288557213929,60.45112781954887,1.7],[26,26,0,0,27,"NYSE","Telecommunications","Telecommunications Equipment",17.47,0.2775,1.5884373211219236,62.95495495495494,1.6],[101,101,-95,-95,7,"NYSE","Telecommunications","Telecommunications Equipment",17.47,0.2775,1.5884373211219236,62.95495495495494,1.6],[193,193,-186,-186,8,"NYSE","Telecommunications","Telecommunications Equipment",17.47,0.2775,1.5884373211219236,62.95495495495494,1.6],[283,283,-278,-278,6,"NYSE","Telecommunications","Telecommunications Equipment",17.47,0.2775,1.5884373211219236,62.95495495495494,1.6],[389,389,-365,-365,25,"NYSE","Telecommunications","Telecommunications Equipment",17.47,0.2775,1.5884373211219236,62.95495495495494,1.6],[465,465,-460,-460,6,"NYSE","Telecommunications","Telecommunications Equipment",17.47,0.2775,1.5884373211219236,62.95495495495494,1.6],[559,559,-550,-550,10,"NYSE","Telecommunications","Telecommunications Equipment",17.47,0.2775,1.5884373211219236,62.95495495495494,1.6],[654,654,-636,-636,19,"NYSE","Telecommunications","Telecommunications Equipment",17.47,0.2775,1.5884373211219236,62.95495495495494,1.6],[221,221,-186,-186,36,"NYSE","Telecommunications","Telecommunications Equipment",40.2,0.6525,1.623134328358209,61.60919540229886,1.6],[312,312,-278,-278,35,"NYSE","Telecommunications","Telecommunications Equipment",40.2,0.6525,1.623134328358209,61.60919540229886,1.6],[403,403,-365,-365,39,"NYSE","Telecommunications","Telecommunications Equipment",40.2,0.6525,1.623134328358209,61.60919540229886,1.6],[489,489,-460,-460,30,"NYSE","Telecommunications","Telecommunications Equipment",40.2,0.6525,1.623134328358209,61.60919540229886,1.6],[587,587,-551,-551,37,"NYSE","Telecommunications","Telecommunications Equipment",40.2,0.64,1.5920398009950247,62.8125,1.6],[679,679,-642,-642,38,"NYSE","Telecommunications","Telecommunications Equipment",40.2,0.64,1.5920398009950247,62.8125,1.6],[767,767,-732,-732,36,"NYSE","Telecommunications","Telecommunications Equipment",40.2,0.64,1.5920398009950247,62.8125,1.6],[858,858,-824,-824,35,"NYSE","Telecommunications","Telecommunications Equipment",40.2,0.64,1.5920398009950247,62.8125,1.6],[950,950,-915,-915,36,"NYSE","Telecommunications","Telecommunications Equipment",40.2,0.6275,1.5609452736318405,64.06374501992033,1.6],[1041,1041,-1006,-1006,36,"NYSE","Telecommunications","Telecommunications Equipment",40.2,0.6275,1.5609452736318405,64.06374501992033,1.6]],"hovertemplate":"x_start=%{base}\u003cbr\u003ex_end=%{x}\u003cbr\u003estr_symbol=%{y}\u003cbr\u003edt_declarationDate_past=%{customdata[0]}\u003cbr\u003ed_past=%{customdata[1]}\u003cbr\u003edt_exOrEffDate_until=%{customdata[2]}\u003cbr\u003ed_until=%{customdata[3]}\u003cbr\u003eTTL=%{customdata[4]}\u003cbr\u003estr_Exchange=%{customdata[5]}\u003cbr\u003estr_Sector=%{customdata[6]}\u003cbr\u003estr_Industry=%{customdata[7]}\u003cbr\u003enum_PreviousClose=%{customdata[8]}\u003cbr\u003enum_amount=%{customdata[9]}\u003cbr\u003enum_CpD=%{customdata[10]}\u003cbr\u003enum_times=%{customdata[11]}\u003cbr\u003eROI=%{marker.color}\u003cextra\u003e\u003c\u002fextra\u003e","legendgroup":"","marker":{"color":[3.0,3.0,3.0,3.0,1.7,1.7,1.6,1.6,1.6,1.6,1.6,1.6,1.6,1.6,1.6,1.6,1.6,1.6,1.6,1.6,1.6,1.6,1.6,1.6],"coloraxis":"coloraxis","pattern":{"shape":""}},"name":"","offsetgroup":"","orientation":"h","showlegend":false,"textposition":"auto","x":[1900800000.0,1209600000.0,1123200000.0,1123200000.0,2851200000.0,2505600000.0,2332800000.0,604800000.0,691200000.0,518400000.0,2160000000.0,518400000.0,864000000.0,1641600000.0,3110400000.0,3024000000.0,3369600000.0,2592000000.0,3196800000.0,3283200000.0,3110400000.0,3024000000.0,3110400000.0,3110400000.0],"xaxis":"x","y":["T","T","T","T","VZ","VZ","T","T","T","T","T","T","T","T","VZ","VZ","VZ","VZ","VZ","VZ","VZ","VZ","VZ","VZ"],"yaxis":"y","type":"bar"}],                        {"template":{"data":{"histogram2dcontour":[{"type":"histogram2dcontour","colorbar":{"outlinewidth":0,"ticks":""},"colorscale":[[0.0,"#0d0887"],[0.1111111111111111,"#46039f"],[0.2222222222222222,"#7201a8"],[0.3333333333333333,"#9c179e"],[0.4444444444444444,"#bd3786"],[0.5555555555555556,"#d8576b"],[0.6666666666666666,"#ed7953"],[0.7777777777777778,"#fb9f3a"],[0.8888888888888888,"#fdca26"],[1.0,"#f0f921"]]}],"choropleth":[{"type":"choropleth","colorbar":{"outlinewidth":0,"ticks":""}}],"histogram2d":[{"type":"histogram2d","colorbar":{"outlinewidth":0,"ticks":""},"colorscale":[[0.0,"#0d0887"],[0.1111111111111111,"#46039f"],[0.2222222222222222,"#7201a8"],[0.3333333333333333,"#9c179e"],[0.4444444444444444,"#bd3786"],[0.5555555555555556,"#d8576b"],[0.6666666666666666,"#ed7953"],[0.7777777777777778,"#fb9f3a"],[0.8888888888888888,"#fdca26"],[1.0,"#f0f921"]]}],"heatmap":[{"type":"heatmap","colorbar":{"outlinewidth":0,"ticks":""},"colorscale":[[0.0,"#0d0887"],[0.1111111111111111,"#46039f"],[0.2222222222222222,"#7201a8"],[0.3333333333333333,"#9c179e"],[0.4444444444444444,"#bd3786"],[0.5555555555555556,"#d8576b"],[0.6666666666666666,"#ed7953"],[0.7777777777777778,"#fb9f3a"],[0.8888888888888888,"#fdca26"],[1.0,"#f0f921"]]}],"heatmapgl":[{"type":"heatmapgl","colorbar":{"outlinewidth":0,"ticks":""},"colorscale":[[0.0,"#0d0887"],[0.1111111111111111,"#46039f"],[0.2222222222222222,"#7201a8"],[0.3333333333333333,"#9c179e"],[0.4444444444444444,"#bd3786"],[0.5555555555555556,"#d8576b"],[0.6666666666666666,"#ed7953"],[0.7777777777777778,"#fb9f3a"],[0.8888888888888888,"#fdca26"],[1.0,"#f0f921"]]}],"contourcarpet":[{"type":"contourcarpet","colorbar":{"outlinewidth":0,"ticks":""}}],"contour":[{"type":"contour","colorbar":{"outlinewidth":0,"ticks":""},"colorscale":[[0.0,"#0d0887"],[0.1111111111111111,"#46039f"],[0.2222222222222222,"#7201a8"],[0.3333333333333333,"#9c179e"],[0.4444444444444444,"#bd3786"],[0.5555555555555556,"#d8576b"],[0.6666666666666666,"#ed7953"],[0.7777777777777778,"#fb9f3a"],[0.8888888888888888,"#fdca26"],[1.0,"#f0f921"]]}],"surface":[{"type":"surface","colorbar":{"outlinewidth":0,"ticks":""},"colorscale":[[0.0,"#0d0887"],[0.1111111111111111,"#46039f"],[0.2222222222222222,"#7201a8"],[0.3333333333333333,"#9c179e"],[0.4444444444444444,"#bd3786"],[0.5555555555555556,"#d8576b"],[0.6666666666666666,"#ed7953"],[0.7777777777777778,"#fb9f3a"],[0.8888888888888888,"#fdca26"],[1.0,"#f0f921"]]}],"mesh3d":[{"type":"mesh3d","colorbar":{"outlinewidth":0,"ticks":""}}],"scatter":[{"fillpattern":{"fillmode":"overlay","size":10,"solidity":0.2},"type":"scatter"}],"parcoords":[{"type":"parcoords","line":{"colorbar":{"outlinewidth":0,"ticks":""}}}],"scatterpolargl":[{"type":"scatterpolargl","marker":{"colorbar":{"outlinewidth":0,"ticks":""}}}],"bar":[{"error_x":{"color":"#2a3f5f"},"error_y":{"color":"#2a3f5f"},"marker":{"line":{"color":"#E5ECF6","width":0.5},"pattern":{"fillmode":"overlay","size":10,"solidity":0.2}},"type":"bar"}],"scattergeo":[{"type":"scattergeo","marker":{"colorbar":{"outlinewidth":0,"ticks":""}}}],"scatterpolar":[{"type":"scatterpolar","marker":{"colorbar":{"outlinewidth":0,"ticks":""}}}],"histogram":[{"marker":{"pattern":{"fillmode":"overlay","size":10,"solidity":0.2}},"type":"histogram"}],"scattergl":[{"type":"scattergl","marker":{"colorbar":{"outlinewidth":0,"ticks":""}}}],"scatter3d":[{"type":"scatter3d","line":{"colorbar":{"outlinewidth":0,"ticks":""}},"marker":{"colorbar":{"outlinewidth":0,"ticks":""}}}],"scattermapbox":[{"type":"scattermapbox","marker":{"colorbar":{"outlinewidth":0,"ticks":""}}}],"scatterternary":[{"type":"scatterternary","marker":{"colorbar":{"outlinewidth":0,"ticks":""}}}],"scattercarpet":[{"type":"scattercarpet","marker":{"colorbar":{"outlinewidth":0,"ticks":""}}}],"carpet":[{"aaxis":{"endlinecolor":"#2a3f5f","gridcolor":"white","linecolor":"white","minorgridcolor":"white","startlinecolor":"#2a3f5f"},"baxis":{"endlinecolor":"#2a3f5f","gridcolor":"white","linecolor":"white","minorgridcolor":"white","startlinecolor":"#2a3f5f"},"type":"carpet"}],"table":[{"cells":{"fill":{"color":"#EBF0F8"},"line":{"color":"white"}},"header":{"fill":{"color":"#C8D4E3"},"line":{"color":"white"}},"type":"table"}],"barpolar":[{"marker":{"line":{"color":"#E5ECF6","width":0.5},"pattern":{"fillmode":"overlay","size":10,"solidity":0.2}},"type":"barpolar"}],"pie":[{"automargin":true,"type":"pie"}]},"layout":{"autotypenumbers":"strict","colorway":["#636efa","#EF553B","#00cc96","#ab63fa","#FFA15A","#19d3f3","#FF6692","#B6E880","#FF97FF","#FECB52"],"font":{"color":"#2a3f5f"},"hovermode":"closest","hoverlabel":{"align":"left"},"paper_bgcolor":"white","plot_bgcolor":"#E5ECF6","polar":{"bgcolor":"#E5ECF6","angularaxis":{"gridcolor":"white","linecolor":"white","ticks":""},"radialaxis":{"gridcolor":"white","linecolor":"white","ticks":""}},"ternary":{"bgcolor":"#E5ECF6","aaxis":{"gridcolor":"white","linecolor":"white","ticks":""},"baxis":{"gridcolor":"white","linecolor":"white","ticks":""},"caxis":{"gridcolor":"white","linecolor":"white","ticks":""}},"coloraxis":{"colorbar":{"outlinewidth":0,"ticks":""}},"colorscale":{"sequential":[[0.0,"#0d0887"],[0.1111111111111111,"#46039f"],[0.2222222222222222,"#7201a8"],[0.3333333333333333,"#9c179e"],[0.4444444444444444,"#bd3786"],[0.5555555555555556,"#d8576b"],[0.6666666666666666,"#ed7953"],[0.7777777777777778,"#fb9f3a"],[0.8888888888888888,"#fdca26"],[1.0,"#f0f921"]],"sequentialminus":[[0.0,"#0d0887"],[0.1111111111111111,"#46039f"],[0.2222222222222222,"#7201a8"],[0.3333333333333333,"#9c179e"],[0.4444444444444444,"#bd3786"],[0.5555555555555556,"#d8576b"],[0.6666666666666666,"#ed7953"],[0.7777777777777778,"#fb9f3a"],[0.8888888888888888,"#fdca26"],[1.0,"#f0f921"]],"diverging":[[0,"#8e0152"],[0.1,"#c51b7d"],[0.2,"#de77ae"],[0.3,"#f1b6da"],[0.4,"#fde0ef"],[0.5,"#f7f7f7"],[0.6,"#e6f5d0"],[0.7,"#b8e186"],[0.8,"#7fbc41"],[0.9,"#4d9221"],[1,"#276419"]]},"xaxis":{"gridcolor":"white","linecolor":"white","ticks":"","title":{"standoff":15},"zerolinecolor":"white","automargin":true,"zerolinewidth":2},"yaxis":{"gridcolor":"white","linecolor":"white","ticks":"","title":{"standoff":15},"zerolinecolor":"white","automargin":true,"zerolinewidth":2},"scene":{"xaxis":{"backgroundcolor":"#E5ECF6","gridcolor":"white","linecolor":"white","showbackground":true,"ticks":"","zerolinecolor":"white","gridwidth":2},"yaxis":{"backgroundcolor":"#E5ECF6","gridcolor":"white","linecolor":"white","showbackground":true,"ticks":"","zerolinecolor":"white","gridwidth":2},"zaxis":{"backgroundcolor":"#E5ECF6","gridcolor":"white","linecolor":"white","showbackground":true,"ticks":"","zerolinecolor":"white","gridwidth":2}},"shapedefaults":{"line":{"color":"#2a3f5f"}},"annotationdefaults":{"arrowcolor":"#2a3f5f","arrowhead":0,"arrowwidth":1},"geo":{"bgcolor":"white","landcolor":"#E5ECF6","subunitcolor":"white","showland":true,"showlakes":true,"lakecolor":"white"},"title":{"x":0.05},"mapbox":{"style":"light"}}},"xaxis":{"anchor":"y","domain":[0.0,1.0],"type":"date"},"yaxis":{"anchor":"x","domain":[0.0,1.0],"title":{"text":"str_symbol"},"showgrid":true,"gridwidth":1,"gridcolor":"White"},"coloraxis":{"colorbar":{"title":{"text":"ROI"}},"colorscale":[[0.0,"rgb(0,0,131)"],[0.2,"rgb(0,60,170)"],[0.4,"rgb(5,255,255)"],[0.6,"rgb(255,255,0)"],[0.8,"rgb(250,0,0)"],[1.0,"rgb(128,0,0)"]]},"legend":{"tracegroupgap":0},"margin":{"t":60},"barmode":"overlay","shapes":[{"fillcolor":"gray","line":{"width":1},"opacity":0.75,"type":"rect","x0":"2023-07-15","x1":"2023-07-17","xref":"x","y0":0,"y1":1,"yref":"y domain"},{"fillcolor":"gray","line":{"width":1},"opacity":0.75,"type":"rect","x0":"2023-07-22","x1":"2023-07-24","xref":"x","y0":0,"y1":1,"yref":"y domain"},{"fillcolor":"gray","line":{"width":1},"opacity":0.75,"type":"rect","x0":"2023-07-29","x1":"2023-07-31","xref":"x","y0":0,"y1":1,"yref":"y domain"},{"fillcolor":"gray","line":{"width":1},"opacity":0.75,"type":"rect","x0":"2023-08-05","x1":"2023-08-07","xref":"x","y0":0,"y1":1,"yref":"y domain"},{"fillcolor":"gray","line":{"width":1},"opacity":0.75,"type":"rect","x0":"2023-08-12","x1":"2023-08-14","xref":"x","y0":0,"y1":1,"yref":"y domain"},{"fillcolor":"gray","line":{"width":1},"opacity":0.75,"type":"rect","x0":"2023-08-19","x1":"2023-08-21","xref":"x","y0":0,"y1":1,"yref":"y domain"},{"fillcolor":"gray","line":{"width":1},"opacity":0.75,"type":"rect","x0":"2023-08-26","x1":"2023-08-28","xref":"x","y0":0,"y1":1,"yref":"y domain"},{"fillcolor":"gray","line":{"width":1},"opacity":0.75,"type":"rect","x0":"2023-09-02","x1":"2023-09-04","xref":"x","y0":0,"y1":1,"yref":"y domain"},{"fillcolor":"gray","line":{"width":1},"opacity":0.75,"type":"rect","x0":"2023-09-09","x1":"2023-09-11","xref":"x","y0":0,"y1":1,"yref":"y domain"},{"fillcolor":"gray","line":{"width":1},"opacity":0.75,"type":"rect","x0":"2023-09-16","x1":"2023-09-18","xref":"x","y0":0,"y1":1,"yref":"y domain"},{"fillcolor":"gray","line":{"width":1},"opacity":0.75,"type":"rect","x0":"2023-09-23","x1":"2023-09-25","xref":"x","y0":0,"y1":1,"yref":"y domain"},{"fillcolor":"gray","line":{"width":1},"opacity":0.75,"type":"rect","x0":"2023-09-30","x1":"2023-10-02","xref":"x","y0":0,"y1":1,"yref":"y domain"},{"fillcolor":"gray","line":{"width":1},"opacity":0.75,"type":"rect","x0":"2023-10-07","x1":"2023-10-09","xref":"x","y0":0,"y1":1,"yref":"y domain"},{"fillcolor":"gray","line":{"width":1},"opacity":0.75,"type":"rect","x0":"2023-10-14","x1":"2023-10-16","xref":"x","y0":0,"y1":1,"yref":"y domain"},{"fillcolor":"gray","line":{"width":1},"opacity":0.75,"type":"rect","x0":"2023-10-21","x1":"2023-10-23","xref":"x","y0":0,"y1":1,"yref":"y domain"},{"fillcolor":"gray","line":{"width":1},"opacity":0.75,"type":"rect","x0":"2023-10-28","x1":"2023-10-30","xref":"x","y0":0,"y1":1,"yref":"y domain"},{"fillcolor":"gray","line":{"width":1},"opacity":0.75,"type":"rect","x0":"2023-11-04","x1":"2023-11-06","xref":"x","y0":0,"y1":1,"yref":"y domain"},{"fillcolor":"gray","line":{"width":1},"opacity":0.75,"type":"rect","x0":"2023-11-11","x1":"2023-11-13","xref":"x","y0":0,"y1":1,"yref":"y domain"},{"fillcolor":"gray","line":{"width":1},"opacity":0.75,"type":"rect","x0":"2023-11-18","x1":"2023-11-20","xref":"x","y0":0,"y1":1,"yref":"y domain"},{"fillcolor":"gray","line":{"width":1},"opacity":0.75,"type":"rect","x0":"2023-11-25","x1":"2023-11-27","xref":"x","y0":0,"y1":1,"yref":"y domain"},{"fillcolor":"gray","line":{"width":1},"opacity":0.75,"type":"rect","x0":"2023-12-02","x1":"2023-12-04","xref":"x","y0":0,"y1":1,"yref":"y domain"},{"fillcolor":"gray","line":{"width":1},"opacity":0.75,"type":"rect","x0":"2023-12-09","x1":"2023-12-11","xref":"x","y0":0,"y1":1,"yref":"y domain"},{"fillcolor":"gray","line":{"width":1},"opacity":0.75,"type":"rect","x0":"2023-12-16","x1":"2023-12-18","xref":"x","y0":0,"y1":1,"yref":"y domain"},{"fillcolor":"gray","line":{"width":1},"opacity":0.75,"type":"rect","x0":"2023-12-23","x1":"2023-12-25","xref":"x","y0":0,"y1":1,"yref":"y domain"},{"fillcolor":"gray","line":{"width":1},"opacity":0.75,"type":"rect","x0":"2023-12-30","x1":"2024-01-01","xref":"x","y0":0,"y1":1,"yref":"y domain"},{"fillcolor":"gray","line":{"width":1},"opacity":0.75,"type":"rect","x0":"2024-01-06","x1":"2024-01-08","xref":"x","y0":0,"y1":1,"yref":"y domain"},{"fillcolor":"gray","line":{"width":1},"opacity":0.75,"type":"rect","x0":"2024-01-13","x1":"2024-01-15","xref":"x","y0":0,"y1":1,"yref":"y domain"},{"fillcolor":"gray","line":{"width":1},"opacity":0.75,"type":"rect","x0":"2024-01-20","x1":"2024-01-22","xref":"x","y0":0,"y1":1,"yref":"y domain"},{"fillcolor":"gray","line":{"width":1},"opacity":0.75,"type":"rect","x0":"2024-01-27","x1":"2024-01-29","xref":"x","y0":0,"y1":1,"yref":"y domain"},{"fillcolor":"gray","line":{"width":1},"opacity":0.75,"type":"rect","x0":"2024-02-03","x1":"2024-02-05","xref":"x","y0":0,"y1":1,"yref":"y domain"},{"fillcolor":"gray","line":{"width":1},"opacity":0.75,"type":"rect","x0":"2024-02-10","x1":"2024-02-12","xref":"x","y0":0,"y1":1,"yref":"y domain"},{"fillcolor":"gray","line":{"width":1},"opacity":0.75,"type":"rect","x0":"2024-02-17","x1":"2024-02-19","xref":"x","y0":0,"y1":1,"yref":"y domain"},{"fillcolor":"gray","line":{"width":1},"opacity":0.75,"type":"rect","x0":"2024-02-24","x1":"2024-02-26","xref":"x","y0":0,"y1":1,"yref":"y domain"},{"fillcolor":"gray","line":{"width":1},"opacity":0.75,"type":"rect","x0":"2024-03-02","x1":"2024-03-04","xref":"x","y0":0,"y1":1,"yref":"y domain"},{"fillcolor":"gray","line":{"width":1},"opacity":0.75,"type":"rect","x0":"2024-03-09","x1":"2024-03-11","xref":"x","y0":0,"y1":1,"yref":"y domain"},{"fillcolor":"gray","line":{"width":1},"opacity":0.75,"type":"rect","x0":"2024-03-16","x1":"2024-03-18","xref":"x","y0":0,"y1":1,"yref":"y domain"},{"fillcolor":"gray","line":{"width":1},"opacity":0.75,"type":"rect","x0":"2024-03-23","x1":"2024-03-25","xref":"x","y0":0,"y1":1,"yref":"y domain"},{"fillcolor":"gray","line":{"width":1},"opacity":0.75,"type":"rect","x0":"2024-03-30","x1":"2024-04-01","xref":"x","y0":0,"y1":1,"yref":"y domain"},{"fillcolor":"gray","line":{"width":1},"opacity":0.75,"type":"rect","x0":"2024-04-06","x1":"2024-04-08","xref":"x","y0":0,"y1":1,"yref":"y domain"},{"fillcolor":"gray","line":{"width":1},"opacity":0.75,"type":"rect","x0":"2024-04-13","x1":"2024-04-15","xref":"x","y0":0,"y1":1,"yref":"y domain"},{"fillcolor":"gray","line":{"width":1},"opacity":0.75,"type":"rect","x0":"2024-04-20","x1":"2024-04-22","xref":"x","y0":0,"y1":1,"yref":"y domain"},{"fillcolor":"gray","line":{"width":1},"opacity":0.75,"type":"rect","x0":"2024-04-27","x1":"2024-04-29","xref":"x","y0":0,"y1":1,"yref":"y domain"},{"fillcolor":"gray","line":{"width":1},"opacity":0.75,"type":"rect","x0":"2024-05-04","x1":"2024-05-06","xref":"x","y0":0,"y1":1,"yref":"y domain"},{"fillcolor":"gray","line":{"width":1},"opacity":0.75,"type":"rect","x0":"2024-05-11","x1":"2024-05-13","xref":"x","y0":0,"y1":1,"yref":"y domain"},{"fillcolor":"gray","line":{"width":1},"opacity":0.75,"type":"rect","x0":"2024-05-18","x1":"2024-05-20","xref":"x","y0":0,"y1":1,"yref":"y domain"},{"fillcolor":"gray","line":{"width":1},"opacity":0.75,"type":"rect","x0":"2024-05-25","x1":"2024-05-27","xref":"x","y0":0,"y1":1,"yref":"y domain"},{"fillcolor":"gray","line":{"width":1},"opacity":0.75,"type":"rect","x0":"2024-06-01","x1":"2024-06-03","xref":"x","y0":0,"y1":1,"yref":"y domain"},{"fillcolor":"gray","line":{"width":1},"opacity":0.75,"type":"rect","x0":"2024-06-08","x1":"2024-06-10","xref":"x","y0":0,"y1":1,"yref":"y domain"},{"fillcolor":"gray","line":{"width":1},"opacity":0.75,"type":"rect","x0":"2024-06-15","x1":"2024-06-17","xref":"x","y0":0,"y1":1,"yref":"y domain"},{"fillcolor":"gray","line":{"width":1},"opacity":0.75,"type":"rect","x0":"2024-06-22","x1":"2024-06-24","xref":"x","y0":0,"y1":1,"yref":"y domain"},{"fillcolor":"gray","line":{"width":1},"opacity":0.75,"type":"rect","x0":"2024-06-29","x1":"2024-07-01","xref":"x","y0":0,"y1":1,"yref":"y domain"},{"fillcolor":"green","line":{"width":1},"opacity":0.25,"type":"rect","x0":"2023-12-09T22:29:40.718240","x1":"2024-01-08T22:29:40.718240","xref":"x","y0":0,"y1":1,"yref":"y domain"},{"fillcolor":"red","line":{"width":1},"opacity":0.25,"type":"rect","x0":"2024-02-07T22:29:40.718240","x1":"2024-01-08T22:29:40.718240","xref":"x","y0":0,"y1":1,"yref":"y domain"},{"line":{"color":"red","dash":"dash","width":2},"type":"line","x0":"2024-01-08T22:29:40.718240","x1":"2024-01-08T22:29:40.718240","xref":"x","y0":0,"y1":1,"yref":"y domain"}],"annotations":[{"showarrow":false,"text":"-1mo","x":"2023-12-09T22:29:40.718240","xanchor":"left","xref":"x","y":1,"yanchor":"top","yref":"y domain"},{"showarrow":false,"text":"+1mo","x":"2024-01-08T22:29:40.718240","xanchor":"left","xref":"x","y":1,"yanchor":"top","yref":"y domain"}]},                        {"responsive": true}                    )                };                            </script>        </div></div><h5>fn_build_correlation_mx</h5><div><div>                        <script type="text/javascript">window.PlotlyConfig = {MathJaxConfig: 'local'};</script>
        <script charset="utf-8" src="https://cdn.plot.ly/plotly-2.27.0.min.js"></script>                <div id="d28fe26e-c29b-4f6f-89cb-ad93896403af" class="plotly-graph-div" style="height:100%; width:100%;"></div>            <script type="text/javascript">                                    window.PLOTLYENV=window.PLOTLYENV || {};                                    if (document.getElementById("d28fe26e-c29b-4f6f-89cb-ad93896403af")) {                    Plotly.newPlot(                        "d28fe26e-c29b-4f6f-89cb-ad93896403af",                        [{"colorscale":[[0.0,"rgb(103,0,31)"],[0.1,"rgb(178,24,43)"],[0.2,"rgb(214,96,77)"],[0.3,"rgb(244,165,130)"],[0.4,"rgb(253,219,199)"],[0.5,"rgb(247,247,247)"],[0.6,"rgb(209,229,240)"],[0.7,"rgb(146,197,222)"],[0.8,"rgb(67,147,195)"],[0.9,"rgb(33,102,172)"],[1.0,"rgb(5,48,97)"]],"texttemplate":"%{z:.1f}","x":["ADTN","AMX","CMCSA","CSCO","IRDM","T","TDS","TLK","TMUS","VOD","VZ","ZD"],"y":["ADTN","AMX","CMCSA","CSCO","IRDM","T","TDS","TLK","TMUS","VOD","VZ","ZD"],"z":[[1.0,0.31409123384187076,0.6139764524979822,-0.08548865277056197,0.57663647214065,0.014012631436421256,-0.03498397408451635,0.04209942612041489,-0.21933912561516541,0.027707959872156823,-0.0976665456658816,0.6403282818905455],[0.31409123384187076,1.0,0.29412336364665026,0.056919174477874285,0.42662364192212227,0.23537409254004255,0.3079324065616788,0.46012710676298707,-0.03914721784399628,0.6116308759930078,0.4394479955735996,0.3768768413143368],[0.6139764524979822,0.29412336364665026,1.0,0.35656372650688684,0.1463977380828835,-0.20303122161908813,0.16412282151703908,-0.001944698834838258,-0.14624832967028378,-0.038658082098769496,-0.10131030077052021,0.7181517056011616],[-0.08548865277056197,0.056919174477874285,0.35656372650688684,1.0,-0.15126273522672704,-0.09156428775012478,0.24449958635817964,0.026532633731395222,0.32431048070869684,-0.14997480480375064,-0.19042042841153192,0.3241243565830517],[0.57663647214065,0.42662364192212227,0.1463977380828835,-0.15126273522672704,1.0,0.05735536915750266,0.1581776555684045,0.38041063906958555,-0.14079086960449053,0.3224257353841384,-0.12373569146001583,0.48085922166322775],[0.014012631436421256,0.23537409254004255,-0.20303122161908813,-0.09156428775012478,0.05735536915750266,1.0,0.2776224675798215,0.2604950842467466,0.09109039934543507,0.3597604608514699,0.7531752298904643,-0.05919322955642728],[-0.03498397408451635,0.3079324065616788,0.16412282151703908,0.24449958635817964,0.1581776555684045,0.2776224675798215,1.0,0.14256378720213914,0.14187821104740758,0.3924786313508189,0.23235156254313413,0.26087422528802584],[0.04209942612041489,0.46012710676298707,-0.001944698834838258,0.026532633731395222,0.38041063906958555,0.2604950842467466,0.14256378720213914,1.0,-0.10964135619681202,0.3246161650286055,0.23771494109712316,0.29088485749022097],[-0.21933912561516541,-0.03914721784399628,-0.14624832967028378,0.32431048070869684,-0.14079086960449053,0.09109039934543507,0.14187821104740758,-0.10964135619681202,1.0,-0.039620651053837795,0.017987331133712977,-0.26594539806656026],[0.027707959872156823,0.6116308759930078,-0.038658082098769496,-0.14997480480375064,0.3224257353841384,0.3597604608514699,0.3924786313508189,0.3246161650286055,-0.039620651053837795,1.0,0.5796862957941593,0.23778778785367674],[-0.0976665456658816,0.4394479955735996,-0.10131030077052021,-0.19042042841153192,-0.12373569146001583,0.7531752298904643,0.23235156254313413,0.23771494109712316,0.017987331133712977,0.5796862957941593,1.0,-0.05685359264407934],[0.6403282818905455,0.3768768413143368,0.7181517056011616,0.3241243565830517,0.48085922166322775,-0.05919322955642728,0.26087422528802584,0.29088485749022097,-0.26594539806656026,0.23778778785367674,-0.05685359264407934,1.0]],"zmax":1,"zmin":-1,"type":"heatmap"}],                        {"template":{"data":{"histogram2dcontour":[{"type":"histogram2dcontour","colorbar":{"outlinewidth":0,"ticks":""},"colorscale":[[0.0,"#0d0887"],[0.1111111111111111,"#46039f"],[0.2222222222222222,"#7201a8"],[0.3333333333333333,"#9c179e"],[0.4444444444444444,"#bd3786"],[0.5555555555555556,"#d8576b"],[0.6666666666666666,"#ed7953"],[0.7777777777777778,"#fb9f3a"],[0.8888888888888888,"#fdca26"],[1.0,"#f0f921"]]}],"choropleth":[{"type":"choropleth","colorbar":{"outlinewidth":0,"ticks":""}}],"histogram2d":[{"type":"histogram2d","colorbar":{"outlinewidth":0,"ticks":""},"colorscale":[[0.0,"#0d0887"],[0.1111111111111111,"#46039f"],[0.2222222222222222,"#7201a8"],[0.3333333333333333,"#9c179e"],[0.4444444444444444,"#bd3786"],[0.5555555555555556,"#d8576b"],[0.6666666666666666,"#ed7953"],[0.7777777777777778,"#fb9f3a"],[0.8888888888888888,"#fdca26"],[1.0,"#f0f921"]]}],"heatmap":[{"type":"heatmap","colorbar":{"outlinewidth":0,"ticks":""},"colorscale":[[0.0,"#0d0887"],[0.1111111111111111,"#46039f"],[0.2222222222222222,"#7201a8"],[0.3333333333333333,"#9c179e"],[0.4444444444444444,"#bd3786"],[0.5555555555555556,"#d8576b"],[0.6666666666666666,"#ed7953"],[0.7777777777777778,"#fb9f3a"],[0.8888888888888888,"#fdca26"],[1.0,"#f0f921"]]}],"heatmapgl":[{"type":"heatmapgl","colorbar":{"outlinewidth":0,"ticks":""},"colorscale":[[0.0,"#0d0887"],[0.1111111111111111,"#46039f"],[0.2222222222222222,"#7201a8"],[0.3333333333333333,"#9c179e"],[0.4444444444444444,"#bd3786"],[0.5555555555555556,"#d8576b"],[0.6666666666666666,"#ed7953"],[0.7777777777777778,"#fb9f3a"],[0.8888888888888888,"#fdca26"],[1.0,"#f0f921"]]}],"contourcarpet":[{"type":"contourcarpet","colorbar":{"outlinewidth":0,"ticks":""}}],"contour":[{"type":"contour","colorbar":{"outlinewidth":0,"ticks":""},"colorscale":[[0.0,"#0d0887"],[0.1111111111111111,"#46039f"],[0.2222222222222222,"#7201a8"],[0.3333333333333333,"#9c179e"],[0.4444444444444444,"#bd3786"],[0.5555555555555556,"#d8576b"],[0.6666666666666666,"#ed7953"],[0.7777777777777778,"#fb9f3a"],[0.8888888888888888,"#fdca26"],[1.0,"#f0f921"]]}],"surface":[{"type":"surface","colorbar":{"outlinewidth":0,"ticks":""},"colorscale":[[0.0,"#0d0887"],[0.1111111111111111,"#46039f"],[0.2222222222222222,"#7201a8"],[0.3333333333333333,"#9c179e"],[0.4444444444444444,"#bd3786"],[0.5555555555555556,"#d8576b"],[0.6666666666666666,"#ed7953"],[0.7777777777777778,"#fb9f3a"],[0.8888888888888888,"#fdca26"],[1.0,"#f0f921"]]}],"mesh3d":[{"type":"mesh3d","colorbar":{"outlinewidth":0,"ticks":""}}],"scatter":[{"fillpattern":{"fillmode":"overlay","size":10,"solidity":0.2},"type":"scatter"}],"parcoords":[{"type":"parcoords","line":{"colorbar":{"outlinewidth":0,"ticks":""}}}],"scatterpolargl":[{"type":"scatterpolargl","marker":{"colorbar":{"outlinewidth":0,"ticks":""}}}],"bar":[{"error_x":{"color":"#2a3f5f"},"error_y":{"color":"#2a3f5f"},"marker":{"line":{"color":"#E5ECF6","width":0.5},"pattern":{"fillmode":"overlay","size":10,"solidity":0.2}},"type":"bar"}],"scattergeo":[{"type":"scattergeo","marker":{"colorbar":{"outlinewidth":0,"ticks":""}}}],"scatterpolar":[{"type":"scatterpolar","marker":{"colorbar":{"outlinewidth":0,"ticks":""}}}],"histogram":[{"marker":{"pattern":{"fillmode":"overlay","size":10,"solidity":0.2}},"type":"histogram"}],"scattergl":[{"type":"scattergl","marker":{"colorbar":{"outlinewidth":0,"ticks":""}}}],"scatter3d":[{"type":"scatter3d","line":{"colorbar":{"outlinewidth":0,"ticks":""}},"marker":{"colorbar":{"outlinewidth":0,"ticks":""}}}],"scattermapbox":[{"type":"scattermapbox","marker":{"colorbar":{"outlinewidth":0,"ticks":""}}}],"scatterternary":[{"type":"scatterternary","marker":{"colorbar":{"outlinewidth":0,"ticks":""}}}],"scattercarpet":[{"type":"scattercarpet","marker":{"colorbar":{"outlinewidth":0,"ticks":""}}}],"carpet":[{"aaxis":{"endlinecolor":"#2a3f5f","gridcolor":"white","linecolor":"white","minorgridcolor":"white","startlinecolor":"#2a3f5f"},"baxis":{"endlinecolor":"#2a3f5f","gridcolor":"white","linecolor":"white","minorgridcolor":"white","startlinecolor":"#2a3f5f"},"type":"carpet"}],"table":[{"cells":{"fill":{"color":"#EBF0F8"},"line":{"color":"white"}},"header":{"fill":{"color":"#C8D4E3"},"line":{"color":"white"}},"type":"table"}],"barpolar":[{"marker":{"line":{"color":"#E5ECF6","width":0.5},"pattern":{"fillmode":"overlay","size":10,"solidity":0.2}},"type":"barpolar"}],"pie":[{"automargin":true,"type":"pie"}]},"layout":{"autotypenumbers":"strict","colorway":["#636efa","#EF553B","#00cc96","#ab63fa","#FFA15A","#19d3f3","#FF6692","#B6E880","#FF97FF","#FECB52"],"font":{"color":"#2a3f5f"},"hovermode":"closest","hoverlabel":{"align":"left"},"paper_bgcolor":"white","plot_bgcolor":"#E5ECF6","polar":{"bgcolor":"#E5ECF6","angularaxis":{"gridcolor":"white","linecolor":"white","ticks":""},"radialaxis":{"gridcolor":"white","linecolor":"white","ticks":""}},"ternary":{"bgcolor":"#E5ECF6","aaxis":{"gridcolor":"white","linecolor":"white","ticks":""},"baxis":{"gridcolor":"white","linecolor":"white","ticks":""},"caxis":{"gridcolor":"white","linecolor":"white","ticks":""}},"coloraxis":{"colorbar":{"outlinewidth":0,"ticks":""}},"colorscale":{"sequential":[[0.0,"#0d0887"],[0.1111111111111111,"#46039f"],[0.2222222222222222,"#7201a8"],[0.3333333333333333,"#9c179e"],[0.4444444444444444,"#bd3786"],[0.5555555555555556,"#d8576b"],[0.6666666666666666,"#ed7953"],[0.7777777777777778,"#fb9f3a"],[0.8888888888888888,"#fdca26"],[1.0,"#f0f921"]],"sequentialminus":[[0.0,"#0d0887"],[0.1111111111111111,"#46039f"],[0.2222222222222222,"#7201a8"],[0.3333333333333333,"#9c179e"],[0.4444444444444444,"#bd3786"],[0.5555555555555556,"#d8576b"],[0.6666666666666666,"#ed7953"],[0.7777777777777778,"#fb9f3a"],[0.8888888888888888,"#fdca26"],[1.0,"#f0f921"]],"diverging":[[0,"#8e0152"],[0.1,"#c51b7d"],[0.2,"#de77ae"],[0.3,"#f1b6da"],[0.4,"#fde0ef"],[0.5,"#f7f7f7"],[0.6,"#e6f5d0"],[0.7,"#b8e186"],[0.8,"#7fbc41"],[0.9,"#4d9221"],[1,"#276419"]]},"xaxis":{"gridcolor":"white","linecolor":"white","ticks":"","title":{"standoff":15},"zerolinecolor":"white","automargin":true,"zerolinewidth":2},"yaxis":{"gridcolor":"white","linecolor":"white","ticks":"","title":{"standoff":15},"zerolinecolor":"white","automargin":true,"zerolinewidth":2},"scene":{"xaxis":{"backgroundcolor":"#E5ECF6","gridcolor":"white","linecolor":"white","showbackground":true,"ticks":"","zerolinecolor":"white","gridwidth":2},"yaxis":{"backgroundcolor":"#E5ECF6","gridcolor":"white","linecolor":"white","showbackground":true,"ticks":"","zerolinecolor":"white","gridwidth":2},"zaxis":{"backgroundcolor":"#E5ECF6","gridcolor":"white","linecolor":"white","showbackground":true,"ticks":"","zerolinecolor":"white","gridwidth":2}},"shapedefaults":{"line":{"color":"#2a3f5f"}},"annotationdefaults":{"arrowcolor":"#2a3f5f","arrowhead":0,"arrowwidth":1},"geo":{"bgcolor":"white","landcolor":"#E5ECF6","subunitcolor":"white","showland":true,"showlakes":true,"lakecolor":"white"},"title":{"x":0.05},"mapbox":{"style":"light"}}}},                        {"responsive": true}                    )                };                            </script>        </div></div><h5>xrefs</h5><div><table class="table table-sm table-dark table-hover table-bordered "><thead><tr><th scope="col">#</th><th scope="col">symbol</th><th scope="col">xChange</th><th scope="col">𝜋(div.com)</th><th scope="col">𝜋(tv.com)</th><th scope="col">𝜋(NASDAQ:DH)</th><th scope="col">𝜋(NASDAQ:SUM)</th><th scope="col">𝜋(self-analysis)</th></tr></thead><tbody><tr><th scope="row">0</th><td>ADTN</td><td>NASDAQ</td><td><a target="_blank" href="https://www.dividend.com/search/?q=ADTN">ADTN:div</a></td><td><a target="_blank" href="https://www.tradingview.com/chart/?symbol=NASDAQ%3AADTN">ADTN:tv</a></td><td><a target="_blank" href="https://www.nasdaq.com/market-activity/stocks/ADTN/dividend-history">ADTN:d_history</a></td><td><a target="_blank" href="https://www.nasdaq.com/market-activity/stocks/ADTN">ADTN:summary</a></td><td><a target="_blank" href="/mike/v/ADTN.v">ADTN:analysis</a></td></tr><tr><th scope="row">1</th><td>AMX</td><td>NYSE</td><td><a target="_blank" href="https://www.dividend.com/search/?q=AMX">AMX:div</a></td><td><a target="_blank" href="https://www.tradingview.com/chart/?symbol=NYSE%3AAMX">AMX:tv</a></td><td><a target="_blank" href="https://www.nasdaq.com/market-activity/stocks/AMX/dividend-history">AMX:d_history</a></td><td><a target="_blank" href="https://www.nasdaq.com/market-activity/stocks/AMX">AMX:summary</a></td><td><a target="_blank" href="/mike/v/AMX.v">AMX:analysis</a></td></tr><tr><th scope="row">2</th><td>CMCSA</td><td>NASDAQ</td><td><a target="_blank" href="https://www.dividend.com/search/?q=CMCSA">CMCSA:div</a></td><td><a target="_blank" href="https://www.tradingview.com/chart/?symbol=NASDAQ%3ACMCSA">CMCSA:tv</a></td><td><a target="_blank" href="https://www.nasdaq.com/market-activity/stocks/CMCSA/dividend-history">CMCSA:d_history</a></td><td><a target="_blank" href="https://www.nasdaq.com/market-activity/stocks/CMCSA">CMCSA:summary</a></td><td><a target="_blank" href="/mike/v/CMCSA.v">CMCSA:analysis</a></td></tr><tr><th scope="row">3</th><td>CSCO</td><td>NASDAQ</td><td><a target="_blank" href="https://www.dividend.com/search/?q=CSCO">CSCO:div</a></td><td><a target="_blank" href="https://www.tradingview.com/chart/?symbol=NASDAQ%3ACSCO">CSCO:tv</a></td><td><a target="_blank" href="https://www.nasdaq.com/market-activity/stocks/CSCO/dividend-history">CSCO:d_history</a></td><td><a target="_blank" href="https://www.nasdaq.com/market-activity/stocks/CSCO">CSCO:summary</a></td><td><a target="_blank" href="/mike/v/CSCO.v">CSCO:analysis</a></td></tr><tr><th scope="row">4</th><td>IRDM</td><td>NASDAQ</td><td><a target="_blank" href="https://www.dividend.com/search/?q=IRDM">IRDM:div</a></td><td><a target="_blank" href="https://www.tradingview.com/chart/?symbol=NASDAQ%3AIRDM">IRDM:tv</a></td><td><a target="_blank" href="https://www.nasdaq.com/market-activity/stocks/IRDM/dividend-history">IRDM:d_history</a></td><td><a target="_blank" href="https://www.nasdaq.com/market-activity/stocks/IRDM">IRDM:summary</a></td><td><a target="_blank" href="/mike/v/IRDM.v">IRDM:analysis</a></td></tr><tr><th scope="row">5</th><td>T</td><td>NYSE</td><td><a target="_blank" href="https://www.dividend.com/search/?q=T">T:div</a></td><td><a target="_blank" href="https://www.tradingview.com/chart/?symbol=NYSE%3AT">T:tv</a></td><td><a target="_blank" href="https://www.nasdaq.com/market-activity/stocks/T/dividend-history">T:d_history</a></td><td><a target="_blank" href="https://www.nasdaq.com/market-activity/stocks/T">T:summary</a></td><td><a target="_blank" href="/mike/v/T.v">T:analysis</a></td></tr><tr><th scope="row">6</th><td>TDS</td><td>NYSE</td><td><a target="_blank" href="https://www.dividend.com/search/?q=TDS">TDS:div</a></td><td><a target="_blank" href="https://www.tradingview.com/chart/?symbol=NYSE%3ATDS">TDS:tv</a></td><td><a target="_blank" href="https://www.nasdaq.com/market-activity/stocks/TDS/dividend-history">TDS:d_history</a></td><td><a target="_blank" href="https://www.nasdaq.com/market-activity/stocks/TDS">TDS:summary</a></td><td><a target="_blank" href="/mike/v/TDS.v">TDS:analysis</a></td></tr><tr><th scope="row">7</th><td>TLK</td><td>NYSE</td><td><a target="_blank" href="https://www.dividend.com/search/?q=TLK">TLK:div</a></td><td><a target="_blank" href="https://www.tradingview.com/chart/?symbol=NYSE%3ATLK">TLK:tv</a></td><td><a target="_blank" href="https://www.nasdaq.com/market-activity/stocks/TLK/dividend-history">TLK:d_history</a></td><td><a target="_blank" href="https://www.nasdaq.com/market-activity/stocks/TLK">TLK:summary</a></td><td><a target="_blank" href="/mike/v/TLK.v">TLK:analysis</a></td></tr><tr><th scope="row">8</th><td>TMUS</td><td>NASDAQ</td><td><a target="_blank" href="https://www.dividend.com/search/?q=TMUS">TMUS:div</a></td><td><a target="_blank" href="https://www.tradingview.com/chart/?symbol=NASDAQ%3ATMUS">TMUS:tv</a></td><td><a target="_blank" href="https://www.nasdaq.com/market-activity/stocks/TMUS/dividend-history">TMUS:d_history</a></td><td><a target="_blank" href="https://www.nasdaq.com/market-activity/stocks/TMUS">TMUS:summary</a></td><td><a target="_blank" href="/mike/v/TMUS.v">TMUS:analysis</a></td></tr><tr><th scope="row">9</th><td>VOD</td><td>NASDAQ</td><td><a target="_blank" href="https://www.dividend.com/search/?q=VOD">VOD:div</a></td><td><a target="_blank" href="https://www.tradingview.com/chart/?symbol=NASDAQ%3AVOD">VOD:tv</a></td><td><a target="_blank" href="https://www.nasdaq.com/market-activity/stocks/VOD/dividend-history">VOD:d_history</a></td><td><a target="_blank" href="https://www.nasdaq.com/market-activity/stocks/VOD">VOD:summary</a></td><td><a target="_blank" href="/mike/v/VOD.v">VOD:analysis</a></td></tr><tr><th scope="row">10</th><td>VZ</td><td>NYSE</td><td><a target="_blank" href="https://www.dividend.com/search/?q=VZ">VZ:div</a></td><td><a target="_blank" href="https://www.tradingview.com/chart/?symbol=NYSE%3AVZ">VZ:tv</a></td><td><a target="_blank" href="https://www.nasdaq.com/market-activity/stocks/VZ/dividend-history">VZ:d_history</a></td><td><a target="_blank" href="https://www.nasdaq.com/market-activity/stocks/VZ">VZ:summary</a></td><td><a target="_blank" href="/mike/v/VZ.v">VZ:analysis</a></td></tr><tr><th scope="row">11</th><td>ZD</td><td>NASDAQ</td><td><a target="_blank" href="https://www.dividend.com/search/?q=ZD">ZD:div</a></td><td><a target="_blank" href="https://www.tradingview.com/chart/?symbol=NASDAQ%3AZD">ZD:tv</a></td><td><a target="_blank" href="https://www.nasdaq.com/market-activity/stocks/ZD/dividend-history">ZD:d_history</a></td><td><a target="_blank" href="https://www.nasdaq.com/market-activity/stocks/ZD">ZD:summary</a></td><td><a target="_blank" href="/mike/v/ZD.v">ZD:analysis</a></td></tr></tbody></table></div><h5>html_fn_3yr_dividend_history</h5><div><div>                        <script type="text/javascript">window.PlotlyConfig = {MathJaxConfig: 'local'};</script>
