---
layout: detail
title: StockReport(telecommunications.ss.html)
dt_created: 2024-01-17 22:26:18 +0000
---
<h4>Sector: [telecommunications] - last_upd:[]</h4><h5>html_fn_3yr_dividend_history (current open windows)</h5><div><h1>Empty Chart</h1></div><h5>fn_build_correlation_mx</h5><div><div>                        <script type="text/javascript">window.PlotlyConfig = {MathJaxConfig: 'local'};</script>
        <script charset="utf-8" src="https://cdn.plot.ly/plotly-2.27.0.min.js"></script>                <div id="193aa27d-61e2-4b55-ae3f-0b97f163a9b3" class="plotly-graph-div" style="height:100%; width:100%;"></div>            <script type="text/javascript">                                    window.PLOTLYENV=window.PLOTLYENV || {};                                    if (document.getElementById("193aa27d-61e2-4b55-ae3f-0b97f163a9b3")) {                    Plotly.newPlot(                        "193aa27d-61e2-4b55-ae3f-0b97f163a9b3",                        [{"colorscale":[[0.0,"rgb(103,0,31)"],[0.1,"rgb(178,24,43)"],[0.2,"rgb(214,96,77)"],[0.3,"rgb(244,165,130)"],[0.4,"rgb(253,219,199)"],[0.5,"rgb(247,247,247)"],[0.6,"rgb(209,229,240)"],[0.7,"rgb(146,197,222)"],[0.8,"rgb(67,147,195)"],[0.9,"rgb(33,102,172)"],[1.0,"rgb(5,48,97)"]],"texttemplate":"%{z:.1f}","x":["ADTN","AMX","CMCSA","CSCO","IDCC","IRDM","T","TDS","TLK","TMUS","VOD","VZ","ZD"],"y":["ADTN","AMX","CMCSA","CSCO","IDCC","IRDM","T","TDS","TLK","TMUS","VOD","VZ","ZD"],"z":[[1.0,0.33416718460406886,0.6371509876962127,0.1961808846093067,0.5112208186820515,0.6035634235329411,0.2326534238397799,0.04420053068694191,0.46315226875572174,-0.26891268367605364,0.17361375336281054,0.2957395910916113,0.6731075930273972],[0.33416718460406886,1.0,0.2965321583791018,-0.0034887193094476168,0.1832238320656031,0.3694991839055963,0.06407798671369695,0.013379787802155568,0.6056191484273906,-0.25500797844019085,0.4190456153026692,0.18949631170970868,0.34161548621019794],[0.6371509876962127,0.2965321583791018,1.0,0.519412387613444,0.3394919480619572,0.16866878494632306,-0.10241472712318739,0.25455805728383235,0.21795345060304205,-0.20946305673643098,0.010957800437643488,0.09704622476253497,0.6806057980609356],[0.1961808846093067,-0.0034887193094476168,0.519412387613444,1.0,0.25014609718090497,-0.03298670517517615,-0.09823956160607636,0.05372017498845711,0.16482452628212177,0.24650026545968254,-0.25677915262404977,-0.10420716661848485,0.2994403318758303],[0.5112208186820515,0.1832238320656031,0.3394919480619572,0.25014609718090497,1.0,0.4533687999604402,0.05037650233224393,0.017122436093954783,0.20787186212416175,-0.3736969994607154,-0.012117097406776401,-0.01019431486299175,0.42261323742762685],[0.6035634235329411,0.3694991839055963,0.16866878494632306,-0.03298670517517615,0.4533687999604402,1.0,0.10642534661820047,0.00815541799253369,0.469287008434583,-0.1975959265736633,0.3273143486846266,-0.02060620414877799,0.48124531839963625],[0.2326534238397799,0.06407798671369695,-0.10241472712318739,-0.09823956160607636,0.05037650233224393,0.10642534661820047,1.0,0.2296151249044565,0.22245934854827343,0.1830068962450107,0.41349749272912106,0.792265124731287,0.12347328270156638],[0.04420053068694191,0.013379787802155568,0.25455805728383235,0.05372017498845711,0.017122436093954783,0.00815541799253369,0.2296151249044565,1.0,-0.001884511558938014,0.009370535415051144,0.29805505411686367,0.16457460939575322,0.29125340568519664],[0.46315226875572174,0.6056191484273906,0.21795345060304205,0.16482452628212177,0.20787186212416175,0.469287008434583,0.22245934854827343,-0.001884511558938014,1.0,-0.13125988222002102,0.2344425993420343,0.18197589293035674,0.4042373271473364],[-0.26891268367605364,-0.25500797844019085,-0.20946305673643098,0.24650026545968254,-0.3736969994607154,-0.1975959265736633,0.1830068962450107,0.009370535415051144,-0.13125988222002102,1.0,-0.026394641887168658,0.1219750136964142,-0.2304422172269376],[0.17361375336281054,0.4190456153026692,0.010957800437643488,-0.25677915262404977,-0.012117097406776401,0.3273143486846266,0.41349749272912106,0.29805505411686367,0.2344425993420343,-0.026394641887168658,1.0,0.5380302391461884,0.24810347385367046],[0.2957395910916113,0.18949631170970868,0.09704622476253497,-0.10420716661848485,-0.01019431486299175,-0.02060620414877799,0.792265124731287,0.16457460939575322,0.18197589293035674,0.1219750136964142,0.5380302391461884,1.0,0.12700573979743982],[0.6731075930273972,0.34161548621019794,0.6806057980609356,0.2994403318758303,0.42261323742762685,0.48124531839963625,0.12347328270156638,0.29125340568519664,0.4042373271473364,-0.2304422172269376,0.24810347385367046,0.12700573979743982,1.0]],"zmax":1,"zmin":-1,"type":"heatmap"}],                        {"template":{"data":{"histogram2dcontour":[{"type":"histogram2dcontour","colorbar":{"outlinewidth":0,"ticks":""},"colorscale":[[0.0,"#0d0887"],[0.1111111111111111,"#46039f"],[0.2222222222222222,"#7201a8"],[0.3333333333333333,"#9c179e"],[0.4444444444444444,"#bd3786"],[0.5555555555555556,"#d8576b"],[0.6666666666666666,"#ed7953"],[0.7777777777777778,"#fb9f3a"],[0.8888888888888888,"#fdca26"],[1.0,"#f0f921"]]}],"choropleth":[{"type":"choropleth","colorbar":{"outlinewidth":0,"ticks":""}}],"histogram2d":[{"type":"histogram2d","colorbar":{"outlinewidth":0,"ticks":""},"colorscale":[[0.0,"#0d0887"],[0.1111111111111111,"#46039f"],[0.2222222222222222,"#7201a8"],[0.3333333333333333,"#9c179e"],[0.4444444444444444,"#bd3786"],[0.5555555555555556,"#d8576b"],[0.6666666666666666,"#ed7953"],[0.7777777777777778,"#fb9f3a"],[0.8888888888888888,"#fdca26"],[1.0,"#f0f921"]]}],"heatmap":[{"type":"heatmap","colorbar":{"outlinewidth":0,"ticks":""},"colorscale":[[0.0,"#0d0887"],[0.1111111111111111,"#46039f"],[0.2222222222222222,"#7201a8"],[0.3333333333333333,"#9c179e"],[0.4444444444444444,"#bd3786"],[0.5555555555555556,"#d8576b"],[0.6666666666666666,"#ed7953"],[0.7777777777777778,"#fb9f3a"],[0.8888888888888888,"#fdca26"],[1.0,"#f0f921"]]}],"heatmapgl":[{"type":"heatmapgl","colorbar":{"outlinewidth":0,"ticks":""},"colorscale":[[0.0,"#0d0887"],[0.1111111111111111,"#46039f"],[0.2222222222222222,"#7201a8"],[0.3333333333333333,"#9c179e"],[0.4444444444444444,"#bd3786"],[0.5555555555555556,"#d8576b"],[0.6666666666666666,"#ed7953"],[0.7777777777777778,"#fb9f3a"],[0.8888888888888888,"#fdca26"],[1.0,"#f0f921"]]}],"contourcarpet":[{"type":"contourcarpet","colorbar":{"outlinewidth":0,"ticks":""}}],"contour":[{"type":"contour","colorbar":{"outlinewidth":0,"ticks":""},"colorscale":[[0.0,"#0d0887"],[0.1111111111111111,"#46039f"],[0.2222222222222222,"#7201a8"],[0.3333333333333333,"#9c179e"],[0.4444444444444444,"#bd3786"],[0.5555555555555556,"#d8576b"],[0.6666666666666666,"#ed7953"],[0.7777777777777778,"#fb9f3a"],[0.8888888888888888,"#fdca26"],[1.0,"#f0f921"]]}],"surface":[{"type":"surface","colorbar":{"outlinewidth":0,"ticks":""},"colorscale":[[0.0,"#0d0887"],[0.1111111111111111,"#46039f"],[0.2222222222222222,"#7201a8"],[0.3333333333333333,"#9c179e"],[0.4444444444444444,"#bd3786"],[0.5555555555555556,"#d8576b"],[0.6666666666666666,"#ed7953"],[0.7777777777777778,"#fb9f3a"],[0.8888888888888888,"#fdca26"],[1.0,"#f0f921"]]}],"mesh3d":[{"type":"mesh3d","colorbar":{"outlinewidth":0,"ticks":""}}],"scatter":[{"fillpattern":{"fillmode":"overlay","size":10,"solidity":0.2},"type":"scatter"}],"parcoords":[{"type":"parcoords","line":{"colorbar":{"outlinewidth":0,"ticks":""}}}],"scatterpolargl":[{"type":"scatterpolargl","marker":{"colorbar":{"outlinewidth":0,"ticks":""}}}],"bar":[{"error_x":{"color":"#2a3f5f"},"error_y":{"color":"#2a3f5f"},"marker":{"line":{"color":"#E5ECF6","width":0.5},"pattern":{"fillmode":"overlay","size":10,"solidity":0.2}},"type":"bar"}],"scattergeo":[{"type":"scattergeo","marker":{"colorbar":{"outlinewidth":0,"ticks":""}}}],"scatterpolar":[{"type":"scatterpolar","marker":{"colorbar":{"outlinewidth":0,"ticks":""}}}],"histogram":[{"marker":{"pattern":{"fillmode":"overlay","size":10,"solidity":0.2}},"type":"histogram"}],"scattergl":[{"type":"scattergl","marker":{"colorbar":{"outlinewidth":0,"ticks":""}}}],"scatter3d":[{"type":"scatter3d","line":{"colorbar":{"outlinewidth":0,"ticks":""}},"marker":{"colorbar":{"outlinewidth":0,"ticks":""}}}],"scattermapbox":[{"type":"scattermapbox","marker":{"colorbar":{"outlinewidth":0,"ticks":""}}}],"scatterternary":[{"type":"scatterternary","marker":{"colorbar":{"outlinewidth":0,"ticks":""}}}],"scattercarpet":[{"type":"scattercarpet","marker":{"colorbar":{"outlinewidth":0,"ticks":""}}}],"carpet":[{"aaxis":{"endlinecolor":"#2a3f5f","gridcolor":"white","linecolor":"white","minorgridcolor":"white","startlinecolor":"#2a3f5f"},"baxis":{"endlinecolor":"#2a3f5f","gridcolor":"white","linecolor":"white","minorgridcolor":"white","startlinecolor":"#2a3f5f"},"type":"carpet"}],"table":[{"cells":{"fill":{"color":"#EBF0F8"},"line":{"color":"white"}},"header":{"fill":{"color":"#C8D4E3"},"line":{"color":"white"}},"type":"table"}],"barpolar":[{"marker":{"line":{"color":"#E5ECF6","width":0.5},"pattern":{"fillmode":"overlay","size":10,"solidity":0.2}},"type":"barpolar"}],"pie":[{"automargin":true,"type":"pie"}]},"layout":{"autotypenumbers":"strict","colorway":["#636efa","#EF553B","#00cc96","#ab63fa","#FFA15A","#19d3f3","#FF6692","#B6E880","#FF97FF","#FECB52"],"font":{"color":"#2a3f5f"},"hovermode":"closest","hoverlabel":{"align":"left"},"paper_bgcolor":"white","plot_bgcolor":"#E5ECF6","polar":{"bgcolor":"#E5ECF6","angularaxis":{"gridcolor":"white","linecolor":"white","ticks":""},"radialaxis":{"gridcolor":"white","linecolor":"white","ticks":""}},"ternary":{"bgcolor":"#E5ECF6","aaxis":{"gridcolor":"white","linecolor":"white","ticks":""},"baxis":{"gridcolor":"white","linecolor":"white","ticks":""},"caxis":{"gridcolor":"white","linecolor":"white","ticks":""}},"coloraxis":{"colorbar":{"outlinewidth":0,"ticks":""}},"colorscale":{"sequential":[[0.0,"#0d0887"],[0.1111111111111111,"#46039f"],[0.2222222222222222,"#7201a8"],[0.3333333333333333,"#9c179e"],[0.4444444444444444,"#bd3786"],[0.5555555555555556,"#d8576b"],[0.6666666666666666,"#ed7953"],[0.7777777777777778,"#fb9f3a"],[0.8888888888888888,"#fdca26"],[1.0,"#f0f921"]],"sequentialminus":[[0.0,"#0d0887"],[0.1111111111111111,"#46039f"],[0.2222222222222222,"#7201a8"],[0.3333333333333333,"#9c179e"],[0.4444444444444444,"#bd3786"],[0.5555555555555556,"#d8576b"],[0.6666666666666666,"#ed7953"],[0.7777777777777778,"#fb9f3a"],[0.8888888888888888,"#fdca26"],[1.0,"#f0f921"]],"diverging":[[0,"#8e0152"],[0.1,"#c51b7d"],[0.2,"#de77ae"],[0.3,"#f1b6da"],[0.4,"#fde0ef"],[0.5,"#f7f7f7"],[0.6,"#e6f5d0"],[0.7,"#b8e186"],[0.8,"#7fbc41"],[0.9,"#4d9221"],[1,"#276419"]]},"xaxis":{"gridcolor":"white","linecolor":"white","ticks":"","title":{"standoff":15},"zerolinecolor":"white","automargin":true,"zerolinewidth":2},"yaxis":{"gridcolor":"white","linecolor":"white","ticks":"","title":{"standoff":15},"zerolinecolor":"white","automargin":true,"zerolinewidth":2},"scene":{"xaxis":{"backgroundcolor":"#E5ECF6","gridcolor":"white","linecolor":"white","showbackground":true,"ticks":"","zerolinecolor":"white","gridwidth":2},"yaxis":{"backgroundcolor":"#E5ECF6","gridcolor":"white","linecolor":"white","showbackground":true,"ticks":"","zerolinecolor":"white","gridwidth":2},"zaxis":{"backgroundcolor":"#E5ECF6","gridcolor":"white","linecolor":"white","showbackground":true,"ticks":"","zerolinecolor":"white","gridwidth":2}},"shapedefaults":{"line":{"color":"#2a3f5f"}},"annotationdefaults":{"arrowcolor":"#2a3f5f","arrowhead":0,"arrowwidth":1},"geo":{"bgcolor":"white","landcolor":"#E5ECF6","subunitcolor":"white","showland":true,"showlakes":true,"lakecolor":"white"},"title":{"x":0.05},"mapbox":{"style":"light"}}}},                        {"responsive": true}                    )                };                            </script>        </div></div><h5>xrefs</h5><div><table class="table table-sm table-dark table-hover table-bordered "><thead><tr><th scope="col">#</th><th scope="col">symbol</th><th scope="col">xChange</th><th scope="col">𝜋(div.com)</th><th scope="col">𝜋(tv.com)</th><th scope="col">𝜋(NASDAQ:DH)</th><th scope="col">𝜋(NASDAQ:SUM)</th><th scope="col">𝜋(self-analysis)</th></tr></thead><tbody><tr><th scope="row">0</th><td>ADTN</td><td>NASDAQ</td><td><a target="_blank" href="https://www.dividend.com/search/?q=ADTN">ADTN:div</a></td><td><a target="_blank" href="https://www.tradingview.com/chart/?symbol=NASDAQ%3AADTN">ADTN:tv</a></td><td><a target="_blank" href="https://www.nasdaq.com/market-activity/stocks/ADTN/dividend-history">ADTN:d_history</a></td><td><a target="_blank" href="https://www.nasdaq.com/market-activity/stocks/ADTN">ADTN:summary</a></td><td><a target="_blank" href="/mike/v/ADTN.v">ADTN:analysis</a></td></tr><tr><th scope="row">1</th><td>AMX</td><td>NYSE</td><td><a target="_blank" href="https://www.dividend.com/search/?q=AMX">AMX:div</a></td><td><a target="_blank" href="https://www.tradingview.com/chart/?symbol=NYSE%3AAMX">AMX:tv</a></td><td><a target="_blank" href="https://www.nasdaq.com/market-activity/stocks/AMX/dividend-history">AMX:d_history</a></td><td><a target="_blank" href="https://www.nasdaq.com/market-activity/stocks/AMX">AMX:summary</a></td><td><a target="_blank" href="/mike/v/AMX.v">AMX:analysis</a></td></tr><tr><th scope="row">2</th><td>CMCSA</td><td>NASDAQ</td><td><a target="_blank" href="https://www.dividend.com/search/?q=CMCSA">CMCSA:div</a></td><td><a target="_blank" href="https://www.tradingview.com/chart/?symbol=NASDAQ%3ACMCSA">CMCSA:tv</a></td><td><a target="_blank" href="https://www.nasdaq.com/market-activity/stocks/CMCSA/dividend-history">CMCSA:d_history</a></td><td><a target="_blank" href="https://www.nasdaq.com/market-activity/stocks/CMCSA">CMCSA:summary</a></td><td><a target="_blank" href="/mike/v/CMCSA.v">CMCSA:analysis</a></td></tr><tr><th scope="row">3</th><td>CSCO</td><td>NASDAQ</td><td><a target="_blank" href="https://www.dividend.com/search/?q=CSCO">CSCO:div</a></td><td><a target="_blank" href="https://www.tradingview.com/chart/?symbol=NASDAQ%3ACSCO">CSCO:tv</a></td><td><a target="_blank" href="https://www.nasdaq.com/market-activity/stocks/CSCO/dividend-history">CSCO:d_history</a></td><td><a target="_blank" href="https://www.nasdaq.com/market-activity/stocks/CSCO">CSCO:summary</a></td><td><a target="_blank" href="/mike/v/CSCO.v">CSCO:analysis</a></td></tr><tr><th scope="row">4</th><td>IDCC</td><td>NASDAQ</td><td><a target="_blank" href="https://www.dividend.com/search/?q=IDCC">IDCC:div</a></td><td><a target="_blank" href="https://www.tradingview.com/chart/?symbol=NASDAQ%3AIDCC">IDCC:tv</a></td><td><a target="_blank" href="https://www.nasdaq.com/market-activity/stocks/IDCC/dividend-history">IDCC:d_history</a></td><td><a target="_blank" href="https://www.nasdaq.com/market-activity/stocks/IDCC">IDCC:summary</a></td><td><a target="_blank" href="/mike/v/IDCC.v">IDCC:analysis</a></td></tr><tr><th scope="row">5</th><td>IRDM</td><td>NASDAQ</td><td><a target="_blank" href="https://www.dividend.com/search/?q=IRDM">IRDM:div</a></td><td><a target="_blank" href="https://www.tradingview.com/chart/?symbol=NASDAQ%3AIRDM">IRDM:tv</a></td><td><a target="_blank" href="https://www.nasdaq.com/market-activity/stocks/IRDM/dividend-history">IRDM:d_history</a></td><td><a target="_blank" href="https://www.nasdaq.com/market-activity/stocks/IRDM">IRDM:summary</a></td><td><a target="_blank" href="/mike/v/IRDM.v">IRDM:analysis</a></td></tr><tr><th scope="row">6</th><td>T</td><td>NYSE</td><td><a target="_blank" href="https://www.dividend.com/search/?q=T">T:div</a></td><td><a target="_blank" href="https://www.tradingview.com/chart/?symbol=NYSE%3AT">T:tv</a></td><td><a target="_blank" href="https://www.nasdaq.com/market-activity/stocks/T/dividend-history">T:d_history</a></td><td><a target="_blank" href="https://www.nasdaq.com/market-activity/stocks/T">T:summary</a></td><td><a target="_blank" href="/mike/v/T.v">T:analysis</a></td></tr><tr><th scope="row">7</th><td>TDS</td><td>NYSE</td><td><a target="_blank" href="https://www.dividend.com/search/?q=TDS">TDS:div</a></td><td><a target="_blank" href="https://www.tradingview.com/chart/?symbol=NYSE%3ATDS">TDS:tv</a></td><td><a target="_blank" href="https://www.nasdaq.com/market-activity/stocks/TDS/dividend-history">TDS:d_history</a></td><td><a target="_blank" href="https://www.nasdaq.com/market-activity/stocks/TDS">TDS:summary</a></td><td><a target="_blank" href="/mike/v/TDS.v">TDS:analysis</a></td></tr><tr><th scope="row">8</th><td>TLK</td><td>NYSE</td><td><a target="_blank" href="https://www.dividend.com/search/?q=TLK">TLK:div</a></td><td><a target="_blank" href="https://www.tradingview.com/chart/?symbol=NYSE%3ATLK">TLK:tv</a></td><td><a target="_blank" href="https://www.nasdaq.com/market-activity/stocks/TLK/dividend-history">TLK:d_history</a></td><td><a target="_blank" href="https://www.nasdaq.com/market-activity/stocks/TLK">TLK:summary</a></td><td><a target="_blank" href="/mike/v/TLK.v">TLK:analysis</a></td></tr><tr><th scope="row">9</th><td>TMUS</td><td>NASDAQ</td><td><a target="_blank" href="https://www.dividend.com/search/?q=TMUS">TMUS:div</a></td><td><a target="_blank" href="https://www.tradingview.com/chart/?symbol=NASDAQ%3ATMUS">TMUS:tv</a></td><td><a target="_blank" href="https://www.nasdaq.com/market-activity/stocks/TMUS/dividend-history">TMUS:d_history</a></td><td><a target="_blank" href="https://www.nasdaq.com/market-activity/stocks/TMUS">TMUS:summary</a></td><td><a target="_blank" href="/mike/v/TMUS.v">TMUS:analysis</a></td></tr><tr><th scope="row">10</th><td>VOD</td><td>NASDAQ</td><td><a target="_blank" href="https://www.dividend.com/search/?q=VOD">VOD:div</a></td><td><a target="_blank" href="https://www.tradingview.com/chart/?symbol=NASDAQ%3AVOD">VOD:tv</a></td><td><a target="_blank" href="https://www.nasdaq.com/market-activity/stocks/VOD/dividend-history">VOD:d_history</a></td><td><a target="_blank" href="https://www.nasdaq.com/market-activity/stocks/VOD">VOD:summary</a></td><td><a target="_blank" href="/mike/v/VOD.v">VOD:analysis</a></td></tr><tr><th scope="row">11</th><td>VZ</td><td>NYSE</td><td><a target="_blank" href="https://www.dividend.com/search/?q=VZ">VZ:div</a></td><td><a target="_blank" href="https://www.tradingview.com/chart/?symbol=NYSE%3AVZ">VZ:tv</a></td><td><a target="_blank" href="https://www.nasdaq.com/market-activity/stocks/VZ/dividend-history">VZ:d_history</a></td><td><a target="_blank" href="https://www.nasdaq.com/market-activity/stocks/VZ">VZ:summary</a></td><td><a target="_blank" href="/mike/v/VZ.v">VZ:analysis</a></td></tr><tr><th scope="row">12</th><td>ZD</td><td>NASDAQ</td><td><a target="_blank" href="https://www.dividend.com/search/?q=ZD">ZD:div</a></td><td><a target="_blank" href="https://www.tradingview.com/chart/?symbol=NASDAQ%3AZD">ZD:tv</a></td><td><a target="_blank" href="https://www.nasdaq.com/market-activity/stocks/ZD/dividend-history">ZD:d_history</a></td><td><a target="_blank" href="https://www.nasdaq.com/market-activity/stocks/ZD">ZD:summary</a></td><td><a target="_blank" href="/mike/v/ZD.v">ZD:analysis</a></td></tr></tbody></table></div><h5>html_fn_3yr_dividend_history</h5><div><div>                        <script type="text/javascript">window.PlotlyConfig = {MathJaxConfig: 'local'};</script>
        <script charset="utf-8" src="https://cdn.plot.ly/plotly-2.27.0.min.js"></script>                <div id="c03f1944-f791-4c33-b9f7-3fe7f4b1288e" class="plotly-graph-div" style="height:100%; width:100%;"></div>            <script type="text/javascript">                                    window.PLOTLYENV=window.PLOTLYENV || {};                                    if (document.getElementById("c03f1944-f791-4c33-b9f7-3fe7f4b1288e")) {                    Plotly.newPlot(                        "c03f1944-f791-4c33-b9f7-3fe7f4b1288e",                        [{"alignmentgroup":"True","base":["2021-05-19T00:00:00","2021-11-16T00:00:00","2023-05-16T00:00:00","2023-11-14T00:00:00","2022-05-18T00:00:00","2022-11-15T00:00:00","2023-06-05T00:00:00","2022-06-03T00:00:00","2021-12-16T00:00:00","2021-09-23T00:00:00","2021-06-25T00:00:00","2021-03-26T00:00:00","2023-12-13T00:00:00","2023-09-29T00:00:00","2023-06-29T00:00:00","2023-03-31T00:00:00","2022-12-15T00:00:00","2022-09-30T00:00:00","2022-06-28T00:00:00","2022-03-25T00:00:00","2023-12-07T00:00:00","2023-09-07T00:00:00","2023-06-01T00:00:00","2023-03-02T00:00:00","2022-12-01T00:00:00","2022-09-06T00:00:00","2022-05-31T00:00:00","2022-02-28T00:00:00","2021-12-02T00:00:00","2021-09-02T00:00:00","2021-06-02T00:00:00","2021-03-03T00:00:00","2023-06-29T00:00:00","2023-10-16T00:00:00","2023-08-06T00:00:00","2023-05-08T00:00:00","2023-02-20T00:00:00","2022-11-07T00:00:00","2022-08-03T00:00:00","2022-05-04T00:00:00","2022-02-02T00:00:00","2021-11-01T00:00:00","2021-08-04T00:00:00","2021-05-05T00:00:00","2021-02-03T00:00:00","2021-10-21T00:00:00","2021-06-04T00:00:00","2023-12-01T00:00:00","2023-08-11T00:00:00","2023-05-19T00:00:00","2023-02-16T00:00:00","2022-11-18T00:00:00","2022-08-11T00:00:00","2022-02-17T00:00:00","2021-11-29T00:00:00","2021-08-12T00:00:00","2021-05-21T00:00:00","2021-02-18T00:00:00","2023-11-15T00:00:00","2023-08-16T00:00:00","2023-05-17T00:00:00","2023-02-15T00:00:00","2022-12-07T00:00:00","2022-08-23T00:00:00","2022-06-06T00:00:00","2022-02-16T00:00:00","2023-10-03T00:00:00","2023-07-11T00:00:00","2023-05-17T00:00:00","2023-01-21T00:00:00","2021-12-12T00:00:00","2021-09-22T00:00:00","2021-05-26T00:00:00","2021-02-09T00:00:00","2022-10-11T00:00:00","2022-07-14T00:00:00","2022-05-10T00:00:00","2022-01-24T00:00:00","2021-10-12T00:00:00","2021-07-14T00:00:00","2021-05-25T00:00:00","2021-01-26T00:00:00","2023-11-30T00:00:00","2023-09-13T00:00:00","2023-09-25T00:00:00","2023-06-08T00:00:00","2023-03-29T00:00:00","2022-12-02T00:00:00","2022-09-08T00:00:00","2022-06-01T00:00:00","2022-03-30T00:00:00","2021-12-10T00:00:00","2021-09-10T00:00:00","2021-06-03T00:00:00","2021-03-31T00:00:00","2023-12-01T00:00:00","2023-09-05T00:00:00","2023-05-04T00:00:00","2022-12-07T00:00:00"],"customdata":[[973,973,-938,-938,36,"NASDAQ-GS","Telecommunications","Telecommunications Equipment",8.62,0.532412,6.17647331786543,16.190469035258406,6.2],[792,792,-785,-785,8,"NASDAQ-GS","Telecommunications","Telecommunications Equipment",8.62,0.514206,5.965266821345709,16.76370948608145,6.0],[246,246,-224,-224,23,"NASDAQ-GS","Telecommunications","Telecommunications Equipment",8.62,0.4969395,5.764959396751741,17.346175942946775,5.8],[64,64,-57,-57,8,"NASDAQ-GS","Telecommunications","Telecommunications Equipment",8.62,0.481455,5.58532482598608,17.904061646467476,5.6],[609,609,-594,-594,16,"NASDAQ-GS","Telecommunications","Telecommunications Equipment",8.62,0.472455,5.4809164733178655,18.245123874231407,5.5],[428,428,-421,-421,8,"NASDAQ-GS","Telecommunications","Telecommunications Equipment",8.62,0.46575,5.403132250580048,18.507783145464302,5.4],[226,226,-218,-218,9,"NYSE","Telecommunications","Telecommunications Equipment",25.8,1.129561,4.378143410852713,22.840731930369408,4.4],[593,593,-587,-587,7,"NYSE","Telecommunications","Telecommunications Equipment",25.8,1.001271,3.880895348837209,25.767249825471826,3.9],[762,762,-741,-741,22,"NYSE","Telecommunications","Telecommunications Equipment",16.44,0.52,3.16301703163017,31.615384615384617,3.2],[846,846,-833,-833,14,"NYSE","Telecommunications","Telecommunications Equipment",16.44,0.52,3.16301703163017,31.615384615384617,3.2],[936,936,-924,-924,13,"NYSE","Telecommunications","Telecommunications Equipment",16.44,0.52,3.16301703163017,31.615384615384617,3.2],[1027,1027,-1015,-1015,13,"NYSE","Telecommunications","Telecommunications Equipment",16.44,0.52,3.16301703163017,31.615384615384617,3.2],[35,35,-9,-9,27,"NYSE","Telecommunications","Telecommunications Equipment",16.44,0.2775,1.6879562043795622,59.24324324324324,1.7],[110,110,-104,-104,7,"NYSE","Telecommunications","Telecommunications Equipment",16.44,0.2775,1.6879562043795622,59.24324324324324,1.7],[202,202,-195,-195,8,"NYSE","Telecommunications","Telecommunications Equipment",16.44,0.2775,1.6879562043795622,59.24324324324324,1.7],[292,292,-287,-287,6,"NYSE","Telecommunications","Telecommunications Equipment",16.44,0.2775,1.6879562043795622,59.24324324324324,1.7],[398,398,-374,-374,25,"NYSE","Telecommunications","Telecommunications Equipment",16.44,0.2775,1.6879562043795622,59.24324324324324,1.7],[474,474,-469,-469,6,"NYSE","Telecommunications","Telecommunications Equipment",16.44,0.2775,1.6879562043795622,59.24324324324324,1.7],[568,568,-559,-559,10,"NYSE","Telecommunications","Telecommunications Equipment",16.44,0.2775,1.6879562043795622,59.24324324324324,1.7],[663,663,-645,-645,19,"NYSE","Telecommunications","Telecommunications Equipment",16.44,0.2775,1.6879562043795622,59.24324324324324,1.7],[41,41,-9,-9,33,"NYSE","Telecommunications","Telecommunications Equipment",39.29,0.665,1.692542631712904,59.08270676691729,1.7],[132,132,-104,-104,29,"NYSE","Telecommunications","Telecommunications Equipment",39.29,0.665,1.692542631712904,59.08270676691729,1.7],[230,230,-195,-195,36,"NYSE","Telecommunications","Telecommunications Equipment",39.29,0.6525,1.660727920590481,60.21455938697318,1.7],[321,321,-287,-287,35,"NYSE","Telecommunications","Telecommunications Equipment",39.29,0.6525,1.660727920590481,60.21455938697318,1.7],[412,412,-374,-374,39,"NYSE","Telecommunications","Telecommunications Equipment",39.29,0.6525,1.660727920590481,60.21455938697318,1.7],[498,498,-469,-469,30,"NYSE","Telecommunications","Telecommunications Equipment",39.29,0.6525,1.660727920590481,60.21455938697318,1.7],[596,596,-560,-560,37,"NYSE","Telecommunications","Telecommunications Equipment",39.29,0.64,1.628913209468058,61.390625,1.6],[688,688,-651,-651,38,"NYSE","Telecommunications","Telecommunications Equipment",39.29,0.64,1.628913209468058,61.390625,1.6],[776,776,-741,-741,36,"NYSE","Telecommunications","Telecommunications Equipment",39.29,0.64,1.628913209468058,61.390625,1.6],[867,867,-833,-833,35,"NYSE","Telecommunications","Telecommunications Equipment",39.29,0.64,1.628913209468058,61.390625,1.6],[959,959,-924,-924,36,"NYSE","Telecommunications","Telecommunications Equipment",39.29,0.6275,1.5970984983456349,62.61354581673307,1.6],[1050,1050,-1015,-1015,36,"NYSE","Telecommunications","Telecommunications Equipment",39.29,0.6275,1.5970984983456349,62.61354581673307,1.6],[202,202,-189,-189,14,"NYSE","Telecommunications","Telecommunications Equipment",18.35,0.26873,1.4644686648501362,68.28415137870725,1.5],[93,93,-70,-70,24,"NYSE","Telecommunications","Telecommunications Equipment",18.35,0.256081,1.3955367847411444,71.65701477266958,1.4],[164,164,-153,-153,12,"NASDAQ-GS","Telecommunications","Telecommunications Equipment",7.29,0.09,1.2345679012345678,81.0,1.2],[254,254,-241,-241,14,"NASDAQ-GS","Telecommunications","Telecommunications Equipment",7.29,0.09,1.2345679012345678,81.0,1.2],[331,331,-318,-318,14,"NASDAQ-GS","Telecommunications","Telecommunications Equipment",7.29,0.09,1.2345679012345678,81.0,1.2],[436,436,-423,-423,14,"NASDAQ-GS","Telecommunications","Telecommunications Equipment",7.29,0.09,1.2345679012345678,81.0,1.2],[532,532,-519,-519,14,"NASDAQ-GS","Telecommunications","Telecommunications Equipment",7.29,0.09,1.2345679012345678,81.0,1.2],[623,623,-610,-610,14,"NASDAQ-GS","Telecommunications","Telecommunications Equipment",7.29,0.09,1.2345679012345678,81.0,1.2],[714,714,-701,-701,14,"NASDAQ-GS","Telecommunications","Telecommunications Equipment",7.29,0.09,1.2345679012345678,81.0,1.2],[807,807,-794,-794,14,"NASDAQ-GS","Telecommunications","Telecommunications Equipment",7.29,0.09,1.2345679012345678,81.0,1.2],[896,896,-883,-883,14,"NASDAQ-GS","Telecommunications","Telecommunications Equipment",7.29,0.09,1.2345679012345678,81.0,1.2],[987,987,-974,-974,14,"NASDAQ-GS","Telecommunications","Telecommunications Equipment",7.29,0.09,1.2345679012345678,81.0,1.2],[1078,1078,-1065,-1065,14,"NASDAQ-GS","Telecommunications","Telecommunications Equipment",7.29,0.09,1.2345679012345678,81.0,1.2],[818,818,-805,-805,14,"NYSE","Telecommunications","Telecommunications Equipment",18.35,0.196367,1.0701198910081744,93.44747335346571,1.1],[957,957,-951,-951,7,"NYSE","Telecommunications","Telecommunications Equipment",25.8,0.288379,1.1177480620155038,89.46559909008631,1.1],[47,47,-35,-35,13,"NYSE","Telecommunications","Telecommunications Equipment",18.44,0.185,1.0032537960954446,99.67567567567568,1.0],[159,159,-126,-126,34,"NYSE","Telecommunications","Telecommunications Equipment",18.44,0.185,1.0032537960954446,99.67567567567568,1.0],[243,243,-218,-218,26,"NYSE","Telecommunications","Telecommunications Equipment",18.44,0.185,1.0032537960954446,99.67567567567568,1.0],[335,335,-310,-310,26,"NYSE","Telecommunications","Telecommunications Equipment",18.44,0.185,1.0032537960954446,99.67567567567568,1.0],[425,425,-400,-400,26,"NYSE","Telecommunications","Telecommunications Equipment",18.44,0.18,0.9761388286334056,102.44444444444446,1.0],[524,524,-491,-491,34,"NYSE","Telecommunications","Telecommunications Equipment",18.44,0.18,0.9761388286334056,102.44444444444446,1.0],[699,699,-675,-675,25,"NYSE","Telecommunications","Telecommunications Equipment",18.44,0.18,0.9761388286334056,102.44444444444446,1.0],[779,779,-765,-765,15,"NYSE","Telecommunications","Telecommunications Equipment",18.44,0.175,0.9490238611713665,105.37142857142858,0.9],[888,888,-856,-856,33,"NYSE","Telecommunications","Telecommunications Equipment",18.44,0.175,0.9490238611713665,105.37142857142858,0.9],[971,971,-948,-948,24,"NYSE","Telecommunications","Telecommunications Equipment",18.44,0.175,0.9490238611713665,105.37142857142858,0.9],[1063,1063,-1038,-1038,26,"NYSE","Telecommunications","Telecommunications Equipment",18.44,0.175,0.9490238611713665,105.37142857142858,0.9],[63,63,-15,-15,49,"NASDAQ-GS","Telecommunications","Computer Communications Equipment",50.59,0.39,0.7709033405811425,129.71794871794873,0.8],[154,154,-107,-107,48,"NASDAQ-GS","Telecommunications","Computer Communications Equipment",50.59,0.39,0.7709033405811425,129.71794871794873,0.8],[245,245,-197,-197,49,"NASDAQ-GS","Telecommunications","Computer Communications Equipment",50.59,0.39,0.7709033405811425,129.71794871794873,0.8],[336,336,-289,-289,48,"NASDAQ-GS","Telecommunications","Computer Communications Equipment",50.59,0.39,0.7709033405811425,129.71794871794873,0.8],[406,406,-379,-379,28,"NASDAQ-GS","Telecommunications","Computer Communications Equipment",50.59,0.38,0.7511365882585491,133.13157894736844,0.8],[512,512,-471,-471,42,"NASDAQ-GS","Telecommunications","Computer Communications Equipment",50.59,0.38,0.7511365882585491,133.13157894736844,0.8],[590,590,-562,-562,29,"NASDAQ-GS","Telecommunications","Computer Communications Equipment",50.59,0.38,0.7511365882585491,133.13157894736844,0.8],[700,700,-653,-653,48,"NASDAQ-GS","Telecommunications","Computer Communications Equipment",50.59,0.38,0.7511365882585491,133.13157894736844,0.8],[106,106,-16,-16,91,"NASDAQ-GS","Telecommunications","Cable & Other Pay Television Services",43.09,0.29,0.6730099791134833,148.58620689655174,0.7],[190,190,-107,-107,84,"NASDAQ-GS","Telecommunications","Cable & Other Pay Television Services",43.09,0.29,0.6730099791134833,148.58620689655174,0.7],[245,245,-199,-199,47,"NASDAQ-GS","Telecommunications","Cable & Other Pay Television Services",43.09,0.29,0.6730099791134833,148.58620689655174,0.7],[361,361,-289,-289,73,"NASDAQ-GS","Telecommunications","Cable & Other Pay Television Services",43.09,0.29,0.6730099791134833,148.58620689655174,0.7],[766,766,-744,-744,23,"NASDAQ-GS","Telecommunications","Computer Communications Equipment",50.59,0.37,0.7313698359359557,136.72972972972974,0.7],[847,847,-836,-836,12,"NASDAQ-GS","Telecommunications","Computer Communications Equipment",50.59,0.37,0.7313698359359557,136.72972972972974,0.7],[966,966,-930,-930,37,"NASDAQ-GS","Telecommunications","Computer Communications Equipment",50.59,0.37,0.7313698359359557,136.72972972972974,0.7],[1072,1072,-1018,-1018,55,"NASDAQ-GS","Telecommunications","Computer Communications Equipment",50.59,0.37,0.7313698359359557,136.72972972972974,0.7],[463,463,-380,-380,84,"NASDAQ-GS","Telecommunications","Cable & Other Pay Television Services",43.09,0.27,0.6265954977953121,159.59259259259258,0.6],[552,552,-471,-471,82,"NASDAQ-GS","Telecommunications","Cable & Other Pay Television Services",43.09,0.27,0.6265954977953121,159.59259259259258,0.6],[617,617,-562,-562,56,"NASDAQ-GS","Telecommunications","Cable & Other Pay Television Services",43.09,0.27,0.6265954977953121,159.59259259259258,0.6],[723,723,-653,-653,71,"NASDAQ-GS","Telecommunications","Cable & Other Pay Television Services",43.09,0.27,0.6265954977953121,159.59259259259258,0.6],[827,827,-744,-744,84,"NASDAQ-GS","Telecommunications","Cable & Other Pay Television Services",43.09,0.25,0.5801810164771408,172.36,0.6],[917,917,-835,-835,83,"NASDAQ-GS","Telecommunications","Cable & Other Pay Television Services",43.09,0.25,0.5801810164771408,172.36,0.6],[967,967,-926,-926,42,"NASDAQ-GS","Telecommunications","Cable & Other Pay Television Services",43.09,0.25,0.5801810164771408,172.36,0.6],[1086,1086,-1017,-1017,70,"NASDAQ-GS","Telecommunications","Cable & Other Pay Television Services",43.09,0.25,0.5801810164771408,172.36,0.6],[48,48,-9,-9,40,"NASDAQ-GS","Telecommunications","Telecommunications Equipment",103.86,0.4,0.38513383400731754,259.65,0.4],[126,126,-100,-100,27,"NASDAQ-GS","Telecommunications","Telecommunications Equipment",103.86,0.4,0.38513383400731754,259.65,0.4],[114,114,-49,-49,66,"NASDAQ-GS","Telecommunications","Telecommunications Equipment",163.08,0.65,0.3985773853323522,250.8923076923077,0.4],[223,223,-191,-191,33,"NASDAQ-GS","Telecommunications","Telecommunications Equipment",103.86,0.35,0.33699210475640284,296.74285714285713,0.3],[294,294,-282,-282,13,"NASDAQ-GS","Telecommunications","Telecommunications Equipment",103.86,0.35,0.33699210475640284,296.74285714285713,0.3],[411,411,-373,-373,39,"NASDAQ-GS","Telecommunications","Telecommunications Equipment",103.86,0.35,0.33699210475640284,296.74285714285713,0.3],[496,496,-464,-464,33,"NASDAQ-GS","Telecommunications","Telecommunications Equipment",103.86,0.35,0.33699210475640284,296.74285714285713,0.3],[595,595,-555,-555,41,"NASDAQ-GS","Telecommunications","Telecommunications Equipment",103.86,0.35,0.33699210475640284,296.74285714285713,0.3],[658,658,-646,-646,13,"NASDAQ-GS","Telecommunications","Telecommunications Equipment",103.86,0.35,0.33699210475640284,296.74285714285713,0.3],[768,768,-737,-737,32,"NASDAQ-GS","Telecommunications","Telecommunications Equipment",103.86,0.35,0.33699210475640284,296.74285714285713,0.3],[859,859,-828,-828,32,"NASDAQ-GS","Telecommunications","Telecommunications Equipment",103.86,0.35,0.33699210475640284,296.74285714285713,0.3],[958,958,-919,-919,40,"NASDAQ-GS","Telecommunications","Telecommunications Equipment",103.86,0.35,0.33699210475640284,296.74285714285713,0.3],[1022,1022,-1010,-1010,13,"NASDAQ-GS","Telecommunications","Telecommunications Equipment",103.86,0.35,0.33699210475640284,296.74285714285713,0.3],[47,47,-35,-35,13,"NASDAQ-GS","Telecommunications","Telecommunications Equipment",37.85,0.13,0.3434610303830911,291.15384615384613,0.3],[134,134,-126,-126,9,"NASDAQ-GS","Telecommunications","Telecommunications Equipment",37.85,0.13,0.3434610303830911,291.15384615384613,0.3],[258,258,-218,-218,41,"NASDAQ-GS","Telecommunications","Telecommunications Equipment",37.85,0.13,0.3434610303830911,291.15384615384613,0.3],[406,406,-310,-310,97,"NASDAQ-GS","Telecommunications","Telecommunications Equipment",37.85,0.13,0.3434610303830911,291.15384615384613,0.3]],"hovertemplate":"x_start=%{base}\u003cbr\u003ex_end=%{x}\u003cbr\u003estr_symbol=%{y}\u003cbr\u003edt_declarationDate_past=%{customdata[0]}\u003cbr\u003ed_past=%{customdata[1]}\u003cbr\u003edt_exOrEffDate_until=%{customdata[2]}\u003cbr\u003ed_until=%{customdata[3]}\u003cbr\u003eTTL=%{customdata[4]}\u003cbr\u003estr_Exchange=%{customdata[5]}\u003cbr\u003estr_Sector=%{customdata[6]}\u003cbr\u003estr_Industry=%{customdata[7]}\u003cbr\u003enum_PreviousClose=%{customdata[8]}\u003cbr\u003enum_amount=%{customdata[9]}\u003cbr\u003enum_CpD=%{customdata[10]}\u003cbr\u003enum_times=%{customdata[11]}\u003cbr\u003eROI=%{marker.color}\u003cextra\u003e\u003c\u002fextra\u003e","legendgroup":"","marker":{"color":[6.2,6.0,5.8,5.6,5.5,5.4,4.4,3.9,3.2,3.2,3.2,3.2,1.7,1.7,1.7,1.7,1.7,1.7,1.7,1.7,1.7,1.7,1.7,1.7,1.7,1.7,1.6,1.6,1.6,1.6,1.6,1.6,1.5,1.4,1.2,1.2,1.2,1.2,1.2,1.2,1.2,1.2,1.2,1.2,1.2,1.1,1.1,1.0,1.0,1.0,1.0,1.0,1.0,1.0,0.9,0.9,0.9,0.9,0.8,0.8,0.8,0.8,0.8,0.8,0.8,0.8,0.7,0.7,0.7,0.7,0.7,0.7,0.7,0.7,0.6,0.6,0.6,0.6,0.6,0.6,0.6,0.6,0.4,0.4,0.4,0.3,0.3,0.3,0.3,0.3,0.3,0.3,0.3,0.3,0.3,0.3,0.3,0.3,0.3],"coloraxis":"coloraxis","pattern":{"shape":""}},"name":"","offsetgroup":"","orientation":"h","showlegend":false,"textposition":"auto","x":[3110400000.0,691200000.0,1987200000.0,691200000.0,1382400000.0,691200000.0,777600000.0,604800000.0,1900800000.0,1209600000.0,1123200000.0,1123200000.0,2332800000.0,604800000.0,691200000.0,518400000.0,2160000000.0,518400000.0,864000000.0,1641600000.0,2851200000.0,2505600000.0,3110400000.0,3024000000.0,3369600000.0,2592000000.0,3196800000.0,3283200000.0,3110400000.0,3024000000.0,3110400000.0,3110400000.0,1209600000.0,2073600000.0,1036800000.0,1209600000.0,1209600000.0,1209600000.0,1209600000.0,1209600000.0,1209600000.0,1209600000.0,1209600000.0,1209600000.0,1209600000.0,1209600000.0,604800000.0,1123200000.0,2937600000.0,2246400000.0,2246400000.0,2246400000.0,2937600000.0,2160000000.0,1296000000.0,2851200000.0,2073600000.0,2246400000.0,4233600000.0,4147200000.0,4233600000.0,4147200000.0,2419200000.0,3628800000.0,2505600000.0,4147200000.0,7862400000.0,7257600000.0,4060800000.0,6307200000.0,1987200000.0,1036800000.0,3196800000.0,4752000000.0,7257600000.0,7084800000.0,4838400000.0,6134400000.0,7257600000.0,7171200000.0,3628800000.0,6048000000.0,3456000000.0,2332800000.0,5702400000.0,2851200000.0,1123200000.0,3369600000.0,2851200000.0,3542400000.0,1123200000.0,2764800000.0,2764800000.0,3456000000.0,1123200000.0,1123200000.0,777600000.0,3542400000.0,8380800000.0],"xaxis":"x","y":["VOD","VOD","VOD","VOD","VOD","VOD","TLK","TLK","T","T","T","T","T","T","T","T","T","T","T","T","VZ","VZ","VZ","VZ","VZ","VZ","VZ","VZ","VZ","VZ","VZ","VZ","AMX","AMX","ADTN","ADTN","ADTN","ADTN","ADTN","ADTN","ADTN","ADTN","ADTN","ADTN","ADTN","AMX","TLK","TDS","TDS","TDS","TDS","TDS","TDS","TDS","TDS","TDS","TDS","TDS","CSCO","CSCO","CSCO","CSCO","CSCO","CSCO","CSCO","CSCO","CMCSA","CMCSA","CMCSA","CMCSA","CSCO","CSCO","CSCO","CSCO","CMCSA","CMCSA","CMCSA","CMCSA","CMCSA","CMCSA","CMCSA","CMCSA","IDCC","IDCC","TMUS","IDCC","IDCC","IDCC","IDCC","IDCC","IDCC","IDCC","IDCC","IDCC","IDCC","IRDM","IRDM","IRDM","IRDM"],"yaxis":"y","type":"bar"}],                        {"template":{"data":{"histogram2dcontour":[{"type":"histogram2dcontour","colorbar":{"outlinewidth":0,"ticks":""},"colorscale":[[0.0,"#0d0887"],[0.1111111111111111,"#46039f"],[0.2222222222222222,"#7201a8"],[0.3333333333333333,"#9c179e"],[0.4444444444444444,"#bd3786"],[0.5555555555555556,"#d8576b"],[0.6666666666666666,"#ed7953"],[0.7777777777777778,"#fb9f3a"],[0.8888888888888888,"#fdca26"],[1.0,"#f0f921"]]}],"choropleth":[{"type":"choropleth","colorbar":{"outlinewidth":0,"ticks":""}}],"histogram2d":[{"type":"histogram2d","colorbar":{"outlinewidth":0,"ticks":""},"colorscale":[[0.0,"#0d0887"],[0.1111111111111111,"#46039f"],[0.2222222222222222,"#7201a8"],[0.3333333333333333,"#9c179e"],[0.4444444444444444,"#bd3786"],[0.5555555555555556,"#d8576b"],[0.6666666666666666,"#ed7953"],[0.7777777777777778,"#fb9f3a"],[0.8888888888888888,"#fdca26"],[1.0,"#f0f921"]]}],"heatmap":[{"type":"heatmap","colorbar":{"outlinewidth":0,"ticks":""},"colorscale":[[0.0,"#0d0887"],[0.1111111111111111,"#46039f"],[0.2222222222222222,"#7201a8"],[0.3333333333333333,"#9c179e"],[0.4444444444444444,"#bd3786"],[0.5555555555555556,"#d8576b"],[0.6666666666666666,"#ed7953"],[0.7777777777777778,"#fb9f3a"],[0.8888888888888888,"#fdca26"],[1.0,"#f0f921"]]}],"heatmapgl":[{"typ