<!DOCTYPE html><html lang="en"><h5>fn_build_correlation_mx</h5><div><div>                        <script type="text/javascript">window.PlotlyConfig = {MathJaxConfig: 'local'};</script>
        <script charset="utf-8" src="https://cdn.plot.ly/plotly-2.27.0.min.js"></script>                <div id="de060024-6fd7-4e23-8099-5d49b2ad621e" class="plotly-graph-div" style="height:100%; width:100%;"></div>            <script type="text/javascript">                                    window.PLOTLYENV=window.PLOTLYENV || {};                                    if (document.getElementById("de060024-6fd7-4e23-8099-5d49b2ad621e")) {                    Plotly.newPlot(                        "de060024-6fd7-4e23-8099-5d49b2ad621e",                        [{"colorscale":[[0.0,"rgb(103,0,31)"],[0.1,"rgb(178,24,43)"],[0.2,"rgb(214,96,77)"],[0.3,"rgb(244,165,130)"],[0.4,"rgb(253,219,199)"],[0.5,"rgb(247,247,247)"],[0.6,"rgb(209,229,240)"],[0.7,"rgb(146,197,222)"],[0.8,"rgb(67,147,195)"],[0.9,"rgb(33,102,172)"],[1.0,"rgb(5,48,97)"]],"texttemplate":"%{z:.1f}","x":["ADTN","AEE","AEP","AQN","ATO","AWK","AY","BKH","CEG","CMS","CNP","CWEN","D","DTE","ED","EIX","ES","ETR","EXC","FE","KMI","LNG","LNT","NFE","NFG","NGG","NI","NJR","NRG","OKE","ORA","OTTR","PEG","PNW","PPL","RSG","SO","SRE","UGI","WCN","WEC","WM","WMB","WTRG","XEL"],"y":["ADTN","AEE","AEP","AQN","ATO","AWK","AY","BKH","CEG","CMS","CNP","CWEN","D","DTE","ED","EIX","ES","ETR","EXC","FE","KMI","LNG","LNT","NFE","NFG","NGG","NI","NJR","NRG","OKE","ORA","OTTR","PEG","PNW","PPL","RSG","SO","SRE","UGI","WCN","WEC","WM","WMB","WTRG","XEL"],"z":[[1.0,-0.15548898475778694,0.23899908674362616,0.5905505449067207,0.25629252163173144,0.30513244213665025,0.5000825313191629,0.3237820707244386,0.0735684295109612,0.2267343695531405,0.21349372170077832,0.39346797944171574,0.2659650660526809,0.28278950250313006,0.1582296651650699,0.22910194678663182,0.3796123720520789,-0.07568694859367174,-0.0807709899319387,0.16196303696085854,0.3313491019371566,-0.4274604499924598,0.061154273351411846,0.4113111802803593,0.3899538136496914,0.18281839830678537,0.4235526523384286,0.42425713704051565,0.03741649696682841,0.3968385239536243,0.6028150713857751,0.25051976143255006,0.15131638760189298,0.05306040137442885,0.21825331656129424,-0.38914875437961793,-0.0923526487092746,0.28463866726258436,0.5242925331176269,0.11573689220835029,0.12762769891270612,-0.039735400910549126,0.08720673589742466,0.4005628382024085,0.10188388695369119],[-0.15548898475778694,1.0,0.5466718206243117,0.2555384312406808,0.5597061314879339,0.6046129543719272,0.26395991132293417,0.6062519632369254,-0.02661062777760114,0.6794111786047722,0.7387596418531711,0.21074012123639924,0.49320216711854026,0.6061917708977005,0.8151024322830094,0.4927064455268121,0.4707240751384837,0.7569998503325502,0.9331596408473402,0.7354468983460531,0.17426784163828893,-0.031128261782956752,0.8298728934506785,-0.11523002162141183,0.3812599878792403,0.4640825876527729,0.635754583773659,0.5536713996186949,0.14338740978881215,0.06403918142061733,0.09637745880539346,0.2706712976238558,0.7050059463338818,0.7352117749601703,0.5857118933242335,0.6038843425629562,0.6279097351324244,0.4728769643650033,0.3051557333905834,0.4247860599262511,0.8010830546410556,0.5202681039531455,0.17596870250375804,0.6163319039905416,0.6330254368360149],[0.23899908674362616,0.5466718206243117,1.0,0.737812188399569,0.6447233089560989,0.7296032691235818,0.7355844867372718,0.6119668613881507,0.24911559981469836,0.783984296162919,0.871983117318484,0.5825714700699621,0.6178275227723012,0.7256386428782864,0.7196546816480183,0.8076678650994159,0.781183232511675,0.8215746068802019,0.5706782424857877,0.8291379287123822,0.40186715598736417,0.1634493468222429,0.782462165060927,0.12882195870344298,0.6207283392792482,0.7295093634820344,0.7827354947565518,0.5738488417803884,-0.06601577921568254,0.24346212344228474,0.5941647483000263,0.23855707471741416,0.782221141139866,0.7598440031671685,0.8924597144058648,0.4107189240060826,0.8048675568350324,0.8533893571932855,0.42392328381779804,0.3580031200335491,0.8357807961651809,0.3766803148831179,0.15751936462480254,0.6880319446801781,0.8226883157889112],[0.5905505449067207,0.2555384312406808,0.737812188399569,1.0,0.5470902702860838,0.690691430513939,0.7431685025887534,0.5585803214210407,0.251105153835232,0.6259699806854736,0.6530647476927558,0.5878150996171272,0.4084966001549171,0.6275359709345154,0.49953450662956395,0.6847877763620275,0.7156370382506718,0.5109309150487137,0.2700034828592669,0.6569249752376949,0.6378822646159277,0.09300284714628194,0.5305994232776838,0.5399328212042603,0.6553602536327744,0.6234471361645771,0.667934272984664,0.5072289072025232,0.07922119425528684,0.6769800966930163,0.7768071890995386,0.3390280939910568,0.5560609299974164,0.46480013942244813,0.7399402834666751,0.139097255167741,0.4806495474756151,0.6243837514983921,0.6267027505955621,0.3053973175625342,0.6128587969916076,0.26024628875319794,0.4767458215682142,0.643861387729146,0.5424322052189202],[0.25629252163173144,0.5597061314879339,0.6447233089560989,0.5470902702860838,1.0,0.5988291070858772,0.47492385479820903,0.4832980297363274,0.1749199256000323,0.6109506992581131,0.7564930986599318,0.3446253041222863,0.2762992031681834,0.4882997868499609,0.6551210412410584,0.7909913938361816,0.4615683194886327,0.6344947291509684,0.5539389934900777,0.5681805889920016,0.3138035380037563,-0.08150392537834651,0.7270308983460726,0.18330878235157125,0.5943209720659772,0.36254214345452823,0.7117215560902941,0.7478711085980878,0.41602973440336904,0.24501969653319833,0.43039594120453517,0.5228044546674291,0.5227942567445188,0.7835513447407194,0.6371644703260061,0.4123688508129738,0.669313317742098,0.602132547042534,0.5261478117896584,0.5244986458920154,0.7776290699973513,0.4259805356858389,0.13069593125084616,0.665449185982715,0.7190494061265775],[0.30513244213665025,0.6046129543719272,0.7296032691235818,0.690691430513939,0.5988291070858772,1.0,0.5479863503715836,0.715281852478001,-0.08423902106676093,0.7366504588260487,0.7763962374183799,0.36057092588379674,0.5630043964943954,0.705611091493486,0.7548509574248509,0.6108222081783445,0.6877340952150433,0.6805627839003783,0.6240686047937308,0.7815148150648491,0.49860842725453675,0.1315816459153745,0.768009332672533,0.2516969189138068,0.5947360171083242,0.6517353306360686,0.6468747681233231,0.6890377517811542,0.10025841114158357,0.4615766042225714,0.5380440911810261,0.4546302928774354,0.6646297513927109,0.5629179767771403,0.6870935061112862,0.3097262018227532,0.5766819270700122,0.6943276257509965,0.5589935391510943,0.3444272897894486,0.7597579830317314,0.4345309530484492,0.2835672721336788,0.8948721274227671,0.624067172047256],[0.5000825313191629,0.26395991132293417,0.7355844867372718,0.7431685025887534,0.47492385479820903,0.5479863503715836,1.0,0.6076322484799216,0.2513412958131358,0.6161874061988816,0.6034625126647817,0.7002081061248164,0.5695179837172242,0.6092130998503067,0.4181335293836473,0.5991554036894599,0.6466598718636434,0.5226198890145051,0.3019744106989957,0.6021187145672772,0.510636419660525,0.18128497870565494,0.5508498674568887,0.398400308822004,0.6438150732869927,0.5194783094676738,0.684571348124243,0.5418968324781869,0.05888202795617196,0.4752010734577302,0.7346438185803242,0.3623299092429861,0.5788107310118564,0.4931655287198058,0.7178896746431126,0.012205918603909717,0.5248712684107397,0.6101638112080539,0.6364955775992897,0.2010384751599395,0.5847682440129618,0.1864571585136506,0.38141519043045236,0.61767985272176,0.5985076022983774],[0.3237820707244386,0.6062519632369254,0.6119668613881507,0.5585803214210407,0.4832980297363274,0.715281852478001,0.6076322484799216,1.0,-0.09540607725841635,0.7091306960421059,0.7052042431143795,0.428461732413361,0.7427518788366205,0.7087842585929061,0.6817480005246711,0.49592061310923397,0.7254826537946886,0.6453649140816274,0.5434223150021776,0.670768032529668,0.5210376413811186,-0.00036118421014224607,0.7224260262579364,0.31633315263050155,0.6631023169711506,0.38649388235237975,0.6834301886021983,0.598345933885173,0.1476945548940338,0.4192633255254666,0.5270783371211597,0.28031953089543504,0.5831794368477778,0.5700345399323473,0.6268692801109377,0.15799998121857012,0.44462562617635143,0.4833513894952168,0.6067517204352391,0.3650915241598647,0.6419914740343546,0.31290861804129644,0.37763888936525897,0.7134562687901896,0.5767385005262669],[0.0735684295109612,-0.02661062777760114,0.24911559981469836,0.251105153835232,0.1749199256000323,-0.08423902106676093,0.2513412958131358,-0.09540607725841635,1.0,0.07955696560579052,0.21293189103176963,0.193354166024203,-0.09497062864006003,0.16215205738067343,0.023178668663280767,0.39623312573511366,0.08124016898391742,0.12610336539034722,-0.010840419560906102,0.13052341532658063,0.04609282598610112,-0.09220869776255085,0.005043422204326201,0.07363005219177686,0.21310122343931104,0.053221295496202005,0.20833523722283634,-0.060797869247676314,0.30720202588073414,0.1607016762411037,-0.04474654833277852,0.22547631176168614,0.21430811606712297,0.1404985294286918,0.2280155116153217,0.13818664947734385,0.1362337464526081,0.1814000439519571,0.09040245448119641,0.28696680244182177,0.08438023577876974,0.07991689076602337,0.1870774492269875,-0.07075866786541697,0.1711533619436485],[0.2267343695531405,0.6794111786047722,0.783984296162919,0.6259699806854736,0.6109506992581131,0.7366504588260487,0.6161874061988816,0.7091306960421059,0.07955696560579052,1.0,0.8876589747333022,0.3024332332204474,0.7124988181549257,0.9002970071504591,0.8885316410220521,0.7278262230387286,0.6829976689128601,0.7935428798444729,0.6712858604896017,0.7946098566112204,0.45896504196356946,0.18453836586522485,0.825100633107591,0.19187963926101503,0.7128974217528227,0.5684639038157677,0.8464087924989787,0.7039577454537939,0.15949837296416497,0.3128028335456478,0.505010512294403,0.32159012833891454,0.8598031147652363,0.6461471631258577,0.8245028385796747,0.586733058790083,0.745150034695941,0.7077522942245366,0.4844217343082488,0.5628086008703378,0.8414962478695031,0.6127233394270976,0.25027892180169276,0.7084495878137678,0.7879192873977341],[0.21349372170077832,0.7387596418531711,0.871983117318484,0.6530647476927558,0.7564930986599318,0.7763962374183799,0.6034625126647817,0.7052042431143795,0.21293189103176963,0.8876589747333022,1.0,0.4007693710192132,0.5812502005945211,0.8549240856080543,0.8829620935294796,0.7976449555364488,0.7522627064851423,0.8692265225715146,0.7471381760532511,0.8458502081859653,0.4540538788764618,0.100070776217807,0.9085938484577302,0.18841932881719628,0.703176541314893,0.6409548711014227,0.8212089907302446,0.7648141476787542,0.2165081309093838,0.3233491401833422,0.4350834401730776,0.36474563500343476,0.8385608945526773,0.788838218568538,0.8072934912572587,0.5470360739254766,0.7857425028150526,0.7585370350479689,0.5310398948833137,0.6275081599745033,0.8971111347027737,0.568195231417991,0.22251235031972139,0.77759918123652,0.8637520838194802],[0.39346797944171574,0.21074012123639924,0.5825714700699621,0.5878150996171272,0.3446253041222863,0.36057092588379674,0.7002081061248164,0.428461732413361,0.193354166024203,0.3024332332204474,0.4007693710192132,1.0,0.339657793365019,0.2969913180415892,0.24794030350719418,0.41761276028567273,0.5108789875610933,0.2787847391371953,0.22481644143451468,0.31825650738061495,0.2655761931707358,0.002911731174245906,0.32168168500547073,0.2553897564085224,0.39521821860971157,0.37572047821884175,0.3969275836770302,0.2426125212697766,0.08996970811397308,0.26407894467254156,0.682334774185089,0.1471899413427371,0.2953604052885577,0.4274792417139183,0.4423343613147615,-0.14937230110958716,0.2500771099427437,0.32086922672347085,0.44693662796214106,-0.007968652053054418,0.4694375096120746,-0.1780677528122344,0.22223885607884827,0.4616091605336489,0.34285760690245964],[0.2659650660526809,0.49320216711854026,0.6178275227723012,0.4084966001549171,0.2762992031681834,0.5630043964943954,0.5695179837172242,0.7427518788366205,-0.09497062864006003,0.7124988181549257,0.5812502005945211,0.339657793365019,1.0,0.6887460922636294,0.5945131866765317,0.45342299715202516,0.6971401794543859,0.5769955207055556,0.5115156222237326,0.7045710008565651,0.21529071998178023,0.05066344487310276,0.6156721992252813,0.11061769460336003,0.4496450259060475,0.4280228753986635,0.6556074356602933,0.41277831603534854,-0.057303578813160075,0.07245418629596283,0.5339139840254873,0.004710189172226788,0.6928664914832644,0.5133916460142116,0.6469388077794974,0.1827232952751189,0.4891971467666529,0.5828095465992165,0.3148534679839881,0.26330455674629477,0.5695684706276187,0.3019120626887317,0.09244405909136941,0.5167184384278033,0.49406875028521496],[0.28278950250313006,0.6061917708977005,0.7256386428782864,0.6275359709345154,0.4882997868499609,0.705611091493486,0.6092130998503067,0.7087842585929061,0.16215205738067343,0.9002970071504591,0.8549240856080543,0.2969913180415892,0.6887460922636294,1.0,0.790687196171327,0.6120603967444124,0.7391352695758993,0.7170340181865156,0.6295211896550672,0.7550437190524394,0.527096119725377,0.15851947045244133,0.75277379593596,0.2642740171613103,0.7017317716196092,0.5222693266332153,0.7635499990084199,0.6971486053182355,0.1220847759402923,0.35062153932775303,0.4808533215769939,0.29871830870634664,0.8310650923694523,0.5689252565449903,0.7213221221978228,0.4359694718120953,0.5982286438279694,0.6611834033092093,0.4579117411436499,0.5780624744334266,0.7419881517473,0.5513506036194122,0.30997167142074655,0.6644248370365735,0.6874555311204118],[0.1582296651650699,0.8151024322830094,0.7196546816480183,0.49953450662956395,0.6551210412410584,0.7548509574248509,0.4181335293836473,0.6817480005246711,0.023178668663280767,0.8885316410220521,0.8829620935294796,0.24794030350719418,0.5945131866765317,0.790687196171327,1.0,0.682608399211821,0.6778857419685552,0.8006386742556317,0.8085660338850418,0.8159649128658374,0.3101717154103449,-0.06148069572358328,0.8644677694960872,0.022046034653817666,0.6032793070061879,0.6195770658919427,0.809546983097169,0.706775077386661,0.16903400366936777,0.1679151057911688,0.33750435776129784,0.33500356286845306,0.8040671215784171,0.6844846970438048,0.7288840690716774,0.5775431655369082,0.6894735045779331,0.656639402707879,0.49382198614743905,0.5615075832315486,0.8828139139309291,0.5910138541339279,0.04120164945050265,0.7333270702647395,0.7940774796329065],[0.22910194678663182,0.4927064455268121,0.8076678650994159,0.6847877763620275,0.7909913938361816,0.6108222081783445,0.5991554036894599,0.49592061310923397,0.39623312573511366,0.7278262230387286,0.7976449555364488,0.41761276028567273,0.45342299715202516,0.6120603967444124,0.682608399211821,1.0,0.5916587560750594,0.7290021247865869,0.5375115430783277,0.7113677775116123,0.42951223179214726,0.07225198978506102,0.67946822267985,0.2650103051890327,0.6283916994111599,0.5592339702225996,0.7364910319266545,0.5208407060063158,0.25414803395572383,0.36248444290986565,0.4841978386072316,0.37815978388914384,0.6345440681324579,0.7288273120764766,0.8158846646570667,0.4265893316855,0.7392671123886299,0.7287213435410326,0.4971735341371995,0.44498421981799086,0.7903217779029329,0.370437940260578,0.17225945945093077,0.6271750699463143,0.7572986842262749],[0.3796123720520789,0.4707240751384837,0.781183232511675,0.7156370382506718,0.4615683194886327,0.6877340952150433,0.6466598718636434,0.7254826537946886,0.08124016898391742,0.6829976689128601,0.7522627064851423,0.5108789875610933,0.6971401794543859,0.7391352695758993,0.6778857419685552,0.5916587560750594,1.0,0.7076402007528391,0.44001862926880614,0.7941706829626007,0.5096488119943006,0.05644002262087386,0.713302542548804,0.3378227838133665,0.6387290267298844,0.5826513748046848,0.6956905353036722,0.5540274764898085,-0.05279560563072394,0.33617826291518804,0.5588480672207763,0.1444566857235309,0.6933437346199308,0.6070222530642604,0.749069554656912,0.1518985274736167,0.5448099423011229,0.6939100565420999,0.577129701042688,0.37517457188453207,0.6966243476652529,0.34707428754714137,0.23036836708707548,0.668714062431115,0.731528109134334],[-0.07568694859367174,0.7569998503325502,0.8215746068802019,0.5109309150487137,0.6344947291509684,0.6805627839003783,0.5226198890145051,0.6453649140816274,0.12610336539034722,0.7935428798444729,0.8692265225715146,0.2787847391371953,0.5769955207055556,0.7170340181865156,0.8006386742556317,0.7290021247865869,0.7076402007528391,1.0,0.7307910132141803,0.8822469692830646,0.4784829870150823,0.2854012650502426,0.8807430230418032,0.04838635188272244,0.6330988532590316,0.6346850981940736,0.7428234627364151,0.5919839331889428,-0.05247257836548768,0.2422523306719134,0.32841147870287024,0.18886486374265812,0.8062584150939618,0.7890755057561947,0.8036852431832839,0.5611777799381487,0.8344311892351204,0.7373073190376751,0.46373949410267723,0.37507894176098516,0.8511873425838135,0.5580490750725724,0.2568757174448986,0.6498788608338523,0.8282652601532817],[-0.0807709899319387,0.9331596408473402,0.5706782424857877,0.2700034828592669,0.5539389934900777,0.6240686047937308,0.3019744106989957,0.5434223150021776,-0.010840419560906102,0.6712858604896017,0.7471381760532511,0.22481644143451468,0.5115156222237326,0.6295211896550672,0.8085660338850418,0.5375115430783277,0.44001862926880614,0.7307910132141803,1.0,0.7632806737610367,0.15256772259997006,-0.03569948671603685,0.8270930343489579,-0.08984257858509195,0.3757695840166258,0.5410263741466801,0.6016629885744545,0.5579123410743944,0.09560637478955275,0.06019090538371693,0.1958033969261047,0.2556104282830277,0.7265994981686775,0.7246379866161167,0.597300254966196,0.5336779936881245,0.5935297092428461,0.5488994633915315,0.30051666643119657,0.396680869415603,0.7974329688901436,0.47408713670528646,0.07016142231258653,0.6116962557449764,0.6002348079321723],[0.16196303696085854,0.7354468983460531,0.8291379287123822,0.6569249752376949,0.5681805889920016,0.7815148150648491,0.6021187145672772,0.670768032529668,0.13052341532658063,0.7946098566112204,0.8458502081859653,0.31825650738061495,0.7045710008565651,0.7550437190524394,0.8159649128658374,0.7113677775116123,0.7941706829626007,0.8822469692830646,0.7632806737610367,1.0,0.39567991822223353,0.08128497610498112,0.8759418956809142,0.10292256362182364,0.5639476509401021,0.762090703273449,0.771102962184682,0.5858006873245326,-0.0668940033786568,0.29456074658181397,0.46466584092235735,0.20910343386913843,0.8572014666581175,0.743776601333614,0.8506003109361675,0.44094078690831956,0.7724241840036166,0.7623999628398633,0.4802157720166901,0.39317503386960323,0.8408890592332697,0.522819195872037,0.2029479855167354,0.702868890208165,0.7677436768962471],[0.3313491019371566,0.17426784163828893,0.40186715598736417,0.6378822646159277,0.3138035380037563,0.49860842725453675,0.510636419660525,0.5210376413811186,0.04609282598610112,0.45896504196356946,0.4540538788764618,0.2655761931707358,0.21529071998178023,0.527096119725377,0.3101717154103449,0.42951223179214726,0.5096488119943006,0.4784829870150823,0.15256772259997006,0.39567991822223353,1.0,0.4271687081666974,0.39573278277031493,0.6937279184657098,0.7586704290742642,0.2924110611544233,0.4171244453317789,0.4981709338609111,-0.050596199436429026,0.8175201992608802,0.45928360726235,0.31087391023102695,0.3527823586196898,0.35213419813954244,0.4241193672824871,-0.07677358231347438,0.30177491820119,0.4081193575481275,0.664224678802367,0.012089871537172617,0.41779482223677006,0.14141098575723673,0.7063872498818481,0.5430227426337433,0.3934791961125549],[-0.4274604499924598,-0.031128261782956752,0.1634493468222429,0.09300284714628194,-0.08150392537834651,0.1315816459153745,0.18128497870565494,-0.00036118421014224607,-0.09220869776255085,0.18453836586522485,0.100070776217807,0.002911731174245906,0.05066344487310276,0.15851947045244133,-0.06148069572358328,0.07225198978506102,0.05644002262087386,0.2854012650502426,-0.03569948671603685,0.08128497610498112,0.4271687081666974,1.0,0.13556362046217882,0.31320940266130254,0.27261350676930984,0.13835137794114835,-0.0784277370059857,0.026788159967994947,-0.05701168894817528,0.28553373294895495,0.1200447137940657,0.03942830768010238,0.16450721104551858,0.05297238573530706,0.15942341367430812,0.18890137113050648,0.273541730130777,0.1896812670000542,0.06274492566076473,-0.14016004533202533,0.10193434031129207,0.07449937627996218,0.44829018264775305,0.05782943727012091,0.13134584171637279],[0.061154273351411846,0.8298728934506785,0.782462165060927,0.5305994232776838,0.7270308983460726,0.768009332672533,0.5508498674568887,0.7224260262579364,0.005043422204326201,0.825100633107591,0.9085938484577302,0.32168168500547073,0.6156721992252813,0.75277379593596,0.8644677694960872,0.67946822267985,0.713302542548804,0.8807430230418032,0.8270930343489579,0.8759418956809142,0.39573278277031493,0.13556362046217882,1.0,0.12876862059265828,0.6436999481849283,0.6019061412437086,0.7345490589575266,0.7488943726037756,0.14387988077797953,0.2745119546996374,0.3967790676714928,0.3663247985585836,0.7985572521207467,0.8234575708696759,0.7679935181223622,0.5390009291388285,0.8161959834356369,0.6976647525794908,0.48964504747052734,0.55840205639493,0.9276530803838048,0.6291679454786194,0.21014484282824078,0.7792939668715855,0.8598149369634329],[0.4113111802803593,-0.11523002162141183,0.12882195870344298,0.5399328212042603,0.18330878235157125,0.2516969189138068,0.398400308822004,0.31633315263050155,0.07363005219177686,0.19187963926101503,0.18841932881719628,0.2553897564085224,0.11061769460336003,0.2642740171613103,0.022046034653817666,0.2650103051890327,0.3378227838133665,0.04838635188272244,-0.08984257858509195,0.10292256362182364,0.6937279184657098,0.31320940266130254,0.12876862059265828,1.0,0.47898822559785637,0.11232871858176517,0.20168201711080247,0.25399477676676996,0.28511668043825716,0.7735227426773826,0.4488603659088336,0.24854725472996853,0.07515583545113927,0.12405204172560488,0.19401057841889519,-0.1892175229832376,-0.03303864812941199,0.18752642945366,0.5806527314547772,0.10438008260619826,0.10817727573753765,-0.025068568344256376,0.6742072306883607,0.26201752273863277,0.10687472570459304],[0.3899538136496914,0.3812599878792403,0.6207283392792482,0.6553602536327744,0.5943209720659772,0.5947360171083242,0.6438150732869927,0.6631023169711506,0.21310122343931104,0.7128974217528227,0.703176541314893,0.39521821860971157,0.4496450259060475,0.7017317716196092,0.6032793070061879,0.6283916994111599,0.6387290267298844,0.6330988532590316,0.3757695840166258,0.5639476509401021,0.7586704290742642,0.27261350676930984,0.6436999481849283,0.47898822559785637,1.0,0.3778271224398178,0.6534104842657575,0.7211312413966838,0.19759469491173523,0.5346148481077435,0.5991984464417455,0.5120704235480056,0.5590132804477657,0.5982368089328659,0.6171297278078138,0.14557942057241802,0.48176095914955136,0.6280783421219285,0.7203872905486914,0.35859270560528733,0.6804573315134613,0.3338578779097291,0.4139477902522966,0.6709195016580285,0.6436991570526686],[0.18281839830678537,0.4640825876527729,0.7295093634820344,0.6234471361645771,0.36254214345452823,0.6517353306360686,0.5194783094676738,0.38649388235237975,0.053221295496202005,0.5684639038157677,0.6409548711014227,0.37572047821884175,0.4280228753986635,0.5222693266332153,0.6195770658919427,0.5592339702225996,0.5826513748046848,0.6346850981940736,0.5410263741466801,0.762090703273449,0.2924110611544233,0.13835137794114835,0.6019061412437086,0.11232871858176517,0.3778271224398178,1.0,0.5832207091855289,0.42983570593457054,-0.15718245058863178,0.28470361222327123,0.44182552523703167,0.15686459862630392,0.5785728552849206,0.478865179698111,0.6462721850559457,0.2847959532295043,0.6040333933326486,0.63314075695578,0.46830125184437305,0.15474517204397084,0.6726315725166547,0.2069499040803703,0.07765590781937719,0.5940770627206599,0.5422663289110902],[0.4235526523384286,0.635754583773659,0.7827354947565518,0.667934272984664,0.7117215560902941,0.6468747681233231,0.684571348124243,0.6834301886021983,0.20833523722283634,0.8464087924989787,0.8212089907302446,0.3969275836770302,0.6556074356602933,0.7635499990084199,0.809546983097169,0.7364910319266545,0.6956905353036722,0.7428234627364151,0.6016629885744545,0.771102962184682,0.4171244453317789,-0.0784277370059857,0.7345490589575266,0.20168201711080247,0.6534104842657575,0.5832207091855289,1.0,0.7352862164922913,0.10760631995250268,0.28410160841881044,0.5249415404519268,0.32491823920929114,0.8308824727638583,0.7142127415539907,0.8139830205307467,0.40052725976680575,0.6721704417807817,0.7312116416731554,0.6221253808923095,0.41670453643846084,0.7899334450150477,0.442073527292174,0.27006365973857754,0.6796034655764172,0.7265444970280603],[0.42425713704051565,0.5536713996186949,0.5738488417803884,0.5072289072025232,0.7478711085980878,0.6890377517811542,0.5418968324781869,0.598345933885173,-0.060797869247676314,0.7039577454537939,0.7648141476787542,0.2426125212697766,0.41277831603534854,0.6971486053182355,0.706775077386661,0.5208407060063158,0.5540274764898085,0.5919839331889428,0.5579123410743944,0.5858006873245326,0.4981709338609111,0.026788159967994947,0.7488943726037756,0.25399477676676996,0.7211312413966838,0.42983570593457054,0.7352862164922913,1.0,0.21163988472437323,0.342955698604313,0.4364327588333554,0.6176602513240994,0.6498305718949721,0.6348807873880258,0.544884370015912,0.25182313448531574,0.549149272881264,0.5805664896043845,0.6579993285715262,0.47416885206276044,0.7248591093279635,0.45054872224820003,0.2030432276430684,0.8160023887274747,0.6983604035089065],[0.03741649696682841,0.14338740978881215,-0.06601577921568254,0.07922119425528684,0.41602973440336904,0.10025841114158357,0.05888202795617196,0.1476945548940338,0.30720202588073414,0.15949837296416497,0.2165081309093838,0.08996970811397308,-0.057303578813160075,0.1220847759402923,0.16903400366936777,0.25414803395572383,-0.05279560563072394,-0.05247257836548768,0.09560637478955275,-0.0668940033786568,-0.050596199436429026,-0.05701168894817528,0.14387988077797953,0.28511668043825716,0.19759469491173523,-0.15718245058863178,0.10760631995250268,0.21163988472437323,1.0,0.19963840792517157,-0.018995796535859973,0.4664240027631833,-3.846868813559743e-05,0.09763610409888963,-0.018261618827490105,0.1996703228712619,0.056977793137741505,-0.11374154109922396,0.25764571761518723,0.5629218190673705,0.1571837683164609,0.14520241080568802,0.1583307157107578,0.1548118650304119,0.11074522579162241],[0.3968385239536243,0.06403918142061733,0.24346212344228474,0.6769800966930163,0.24501969653319833,0.4615766042225714,0.4752010734577302,0.4192633255254666,0.1607016762411037,0.3128028335456478,0.3233491401833422,0.26407894467254156,0.07245418629596283,0.35062153932775303,0.1679151057911688,0.36248444290986565,0.33617826291518804,0.2422523306719134,0.06019090538371693,0.29456074658181397,0.8175201992608802,0.28553373294895495,0.2745119546996374,0.7735227426773826,0.5346148481077435,0.28470361222327123,0.28410160841881044,0.342955698604313,0.19963840792517157,1.0,0.390142166701212,0.4177602501663837,0.22671643694144114,0.11444361657498799,0.3367064297957959,-0.08471738055790438,0.16008763572351759,0.1898220043817581,0.6841332806185668,0.1034197860751922,0.265718051499578,0.12452112478411799,0.8065397078025951,0.4876347716002121,0.2139733260847137],[0.6028150713857751,0.09637745880539346,0.5941647483000263,0.7768071890995386,0.43039594120453517,0.5380440911810261,0.7346438185803242,0.5270783371211597,-0.04474654833277852,0.505010512294403,0.4350834401730776,0.682334774185089,0.5339139840254873,0.4808533215769939,0.33750435776129784,0.4841978386072316,0.5588480672207763,0.32841147870287024,0.1958033969261047,0.46466584092235735,0.45928360726235,0.1200447137940657,0.3967790676714928,0.4488603659088336,0.5991984464417455,0.44182552523703167,0.5249415404519268,0.4364327588333554,-0.018995796535859973,0.390142166701212,1.0,0.14793286111121706,0.3945332657622608,0.42183284395848986,0.546471394822431,-0.10221612423852758,0.2927607647233442,0.49802950311291155,0.5048857311262331,0.06197179556350408,0.4854879148829795,0.019209479573765217,0.24341662344065237,0.513857799984432,0.31785001227145826],[0.25051976143255006,0.2706712976238558,0.23855707471741416,0.3390280939910568,0.5228044546674291,0.4546302928774354,0.3623299092429861,0.28031953089543504,0.22547631176168614,0.32159012833891454,0.36474563500343476,0.1471899413427371,0.004710189172226788,0.29871830870634664,0.33500356286845306,0.37815978388914384,0.1444566857235309,0.18886486374265812,0.2556104282830277,0.20910343386913843,0.31087391023102695,0.03942830768010238,0.3663247985585836,0.24854725472996853,0.5120704235480056,0.15686459862630392,0.32491823920929114,0.6176602513240994,0.4664240027631833,0.4177602501663837,0.14793286111121706,1.0,0.2663365640233444,0.2252284488402138,0.32169321396625317,0.16667691823504766,0.2234911225362173,0.3220001947941755,0.5103643621420987,0.39748572040292696,0.3797865170902301,0.3194088788285694,0.24178622512782794,0.574212336125838,0.44806947790160534],[0.15131638760189298,0.7050059463338818,0.782221141139866,0.5560609299974164,0.5227942567445188,0.6646297513927109,0.5788107310118564,0.5831794368477778,0.21430811606712297,0.8598031147652363,0.8385608945526773,0.2953604052885577,0.6928664914832644,0.8310650923694523,0.8040671215784171,0.6345440681324579,0.6933437346199308,0.8062584150939618,0.7265994981686775,0.8572014666581175,0.3527823586196898,0.16450721104551858,0.7985572521207467,0.07515583545113927,0.5590132804477657,0.5785728552849206,0.8308824727638583,0.6498305718949721,-3.846868813559743e-05,0.22671643694144114,0.3945332657622608,0.2663365640233444,1.0,0.6769882517176741,0.835462693149663,0.5244114150234876,0.7280919522803011,0.7264226103733346,0.4210844099918637,0.4227629519433424,0.7783451091044012,0.5367982811483122,0.26971062276188423,0.6149259346296645,0.747128987593887],[0.05306040137442885,0.7352117749601703,0.7598440031671685,0.46480013942244813,0.7835513447407194,0.5629179767771403,0.4931655287198058,0.5700345399323473,0.1404985294286918,0.6461471631258577,0.788838218568538,0.4274792417139183,0.5133916460142116,0.5689252565449903,0.6844846970438048,0.7288273120764766,0.6070222530642604,0.7890755057561947,0.7246379866161167,0.743776601333614,0.35213419813954244,0.05297238573530706,0.8234575708696759,0.12405204172560488,0.5982368089328659,0.478865179698111,0.7142127415539907,0.6348807873880258,0.09763610409888963,0.11444361657498799,0.42183284395848986,0.2252284488402138,0.6769882517176741,1.0,0.7085770358042307,0.3675096800393847,0.7803587813769659,0.6589157712465042,0.40133999440109747,0.29392290627119044,0.8611388722903577,0.2837959199032716,0.1556742165055487,0.5910965190525863,0.7471583405651363],[0.21825331656129424,0.5857118933242335,0.8924597144058648,0.7399402834666751,0.6371644703260061,0.6870935061112862,0.7178896746431126,0.6268692801109377,0.2280155116153217,0.8245028385796747,0.8072934912572587,0.4423343613147615,0.6469388077794974,0.7213221221978228,0.7288840690716774,0.8158846646570667,0.749069554656912,0.8036852431832839,0.597300254966196,0.8506003109361675,0.4241193672824871,0.15942341367430812,0.7679935181223622,0.19401057841889519,0.6171297278078138,0.6462721850559457,0.8139830205307467,0.544884370015912,-0.018261618827490105,0.3367064297957959,0.546471394822431,0.32169321396625317,0.835462693149663,0.7085770358042307,1.0,0.4645156130672049,0.7827436545321009,0.8190887734705451,0.4943278219272336,0.36690602830262836,0.8018719234331335,0.4368105439249129,0.2793890418229231,0.6198603206156552,0.8251657144354965],[-0.38914875437961793,0.6038843425629562,0.4107189240060826,0.139097255167741,0.4123688508129738,0.3097262018227532,0.012205918603909717,0.15799998121857012,0.13818664947734385,0.586733058790083,0.5470360739254766,-0.14937230110958716,0.1827232952751189,0.4359694718120953,0.5775431655369082,0.4265893316855,0.1518985274736167,0.5611777799381487,0.5336779936881245,0.44094078690831956,-0.07677358231347438,0.18890137113050648,0.5390009291388285,-0.1892175229832376,0.14557942057241802,0.2847959532295043,0.40052725976680575,0.25182313448531574,0.1996703228712619,-0.08471738055790438,-0.10221612423852758,0.16667691823504766,0.5244114150234876,0.3675096800393847,0.4645156130672049,1.0,0.5787797460175119,0.36060717358928773,-0.06877068738975826,0.6380613526893223,0.4898462324786758,0.7779813230159857,0.05570289233767938,0.18641287897713496,0.5080143449721232],[-0.0923526487092746,0.6279097351324244,0.8048675568350324,0.4806495474756151,0.669313317742098,0.5766819270700122,0.5248712684107397,0.44462562617635143,0.1362337464526081,0.745150034695941,0.7857425028150526,0.2500771099427437,0.4891971467666529,0.5982286438279694,0.6894735045779331,0.7392671123886299,0.5448099423011229,0.8344311892351204,0.5935297092428461,0.7724241840036166,0.30177491820119,0.273541730130777,0.8161959834356369,-0.03303864812941199,0.48176095914955136,0.6040333933326486,0.6721704417807817,0.549149272881264,0.056977793137741505,0.16008763572351759,0.2927607647233442,0.2234911225362173,0.7280919522803011,0.7803587813769659,0.7827436545321009,0.5787797460175119,1.0,0.6516054272953441,0.28961390377405866,0.36676177935360216,0.8486557651236335,0.4887804067832688,0.12129263986632403,0.5526805652689606,0.8318790509686016],[0.28463866726258436,0.4728769643650033,0.8533893571932855,0.6243837514983921,0.602132547042534,0.6943276257509965,0.6101638112080539,0.4833513894952168,0.1814000439519571,0.7077522942245366,0.7585370350479689,0.32086922672347085,0.5828095465992165,0.6611834033092093,0.656639402707879,0.7287213435410326,0.6939100565420999,0.7373073190376751,0.5488994633915315,0.7623999628398633,0.4081193575481275,0.1896812670000542,0.6976647525794908,0.18752642945366,0.6280783421219285,0.63314075695578,0.7312116416731554,0.5805664896043845,-0.11374154109922396,0.1898220043817581,0.49802950311291155,0.3220001947941755,0.7264226103733346,0.6589157712465042,0.8190887734705451,0.36060717358928773,0.6516054272953441,1.0,0.39432902187764335,0.32571484905874537,0.7181426079556337,0.44959066092456007,0.10076007403747612,0.6350540736735513,0.7384792814107741],[0.5242925331176269,0.3051557333905834,0.42392328381779804,0.6267027505955621,0.5261478117896584,0.5589935391510943,0.6364955775992897,0.6067517204352391,0.09040245448119641,0.4844217343082488,0.5310398948833137,0.44693662796214106,0.3148534679839881,0.4579117411436499,0.49382198614743905,0.4971735341371995,0.577129701042688,0.46373949410267723,0.30051666643119657,0.4802157720166901,0.664224678802367,0.06274492566076473,0.48964504747052734,0.5806527314547772,0.7203872905486914,0.46830125184437305,0.6221253808923095,0.6579993285715262,0.25764571761518723,0.6841332806185668,0.5048857311262331,0.5103643621420987,0.4210844099918637,0.40133999440109747,0.4943278219272336,-0.06877068738975826,0.28961390377405866,0.39432902187764335,1.0,0.1700709988888221,0.5210040885979587,0.13678431657829512,0.48433657743667174,0.6637944365852506,0.4656683583089708],[0.11573689220835029,0.4247860599262511,0.3580031200335491,0.3053973175625342,0.5244986458920154,0.3444272897894486,0.2010384751599395,0.3650915241598647,0.28696680244182177,0.5628086008703378,0.6275081599745033,-0.007968652053054418,0.26330455674629477,0.5780624744334266,0.5615075832315486,0.44498421981799086,0.37517457188453207,0.37507894176098516,0.396680869415603,0.39317503386960323,0.012089871537172617,-0.14016004533202533,0.55840205639493,0.10438008260619826,0.35859270560528733,0.15474517204397084,0.41670453643846084,0.47416885206276044,0.5629218190673705,0.1034197860751922,0.06197179556350408,0.39748572040292696,0.4227629519433424,0.29392290627119044,0.36690602830262836,0.6380613526893223,0.36676177935360216,0.32571484905874537,0.1700709988888221,1.0,0.4432951143004762,0.7583103942428152,0.01092786124979716,0.3647573306004878,0.5534803592509195],[0.12762769891270612,0.8010830546410556,0.8357807961651809,0.6128587969916076,0.7776290699973513,0.7597579830317314,0.5847682440129618,0.6419914740343546,0.08438023577876974,0.8414962478695031,0.8971111347027737,0.4694375096120746,0.5695684706276187,0.7419881517473,0.8828139139309291,0.7903217779029329,0.6966243476652529,0.8511873425838135,0.7974329688901436,0.8408890592332697,0.41779482223677006,0.10193434031129207,0.9276530803838048,0.10817727573753765,0.6804573315134613,0.6726315725166547,0.7899334450150477,0.7248591093279635,0.1571837683164609,0.265718051499578,0.4854879148829795,0.3797865170902301,0.7783451091044012,0.8611388722903577,0.8018719234331335,0.4898462324786758,0.8486557651236335,0.7181426079556337,0.5210040885979587,0.4432951143004762,1.0,0.48174991559418984,0.1685556083448751,0.7953820526656044,0.8460042348118194],[-0.039735400910549126,0.5202681039531455,0.3766803148831179,0.26024628875319794,0.4259805356858389,0.4345309530484492,0.1864571585136506,0.31290861804129644,0.07991689076602337,0.6127233394270976,0.568195231417991,-0.1780677528122344,0.3019120626887317,0.5513506036194122,0.5910138541339279,0.370437940260578,0.34707428754714137,0.5580490750725724,0.47408713670528646,0.522819195872037,0.14141098575723673,0.07449937627996218,0.6291679454786194,-0.025068568344256376,0.3338578779097291,0.2069499040803703,0.442073527292174,0.45054872224820003,0.14520241080568802,0.12452112478411799,0.019209479573765217,0.3194088788285694,0.5367982811483122,0.2837959199032716,0.4368105439249129,0.7779813230159857,0.4887804067832688,0.44959066092456007,0.13678431657829512,0.7583103942428152,0.48174991559418984,1.0,0.11579306516489755,0.384387890869611,0.5723548997961876],[0.08720673589742466,0.17596870250375804,0.15751936462480254,0.4767458215682142,0.13069593125084616,0.2835672721336788,0.38141519043045236,0.37763888936525897,0.1870774492269875,0.25027892180169276,0.22251235031972139,0.22223885607884827,0.09244405909136941,0.30997167142074655,0.04120164945050265,0.17225945945093077,0.23036836708707548,0.2568757174448986,0.07016142231258653,0.2029479855167354,0.7063872498818481,0.44829018264775305,0.21014484282824078,0.6742072306883607,0.4139477902522966,0.07765590781937719,0.27006365973857754,0.2030432276430684,0.1583307157107578,0.8065397078025951,0.24341662344065237,0.24178622512782794,0.26971062276188423,0.1556742165055487,0.2793890418229231,0.05570289233767938,0.12129263986632403,0.10076007403747612,0.48433657743667174,0.01092786124979716,0.1685556083448751,0.11579306516489755,1.0,0.2721511468995965,0.08656640350894321],[0.4005628382024085,0.6163319039905416,0.6880319446801781,0.643861387729146,0.665449185982715,0.8948721274227671,0.61767985272176,0.7134562687901896,-0.07075866786541697,0.7084495878137678,0.77759918123652,0.4616091605336489,0.5167184384278033,0.6644248370365735,0.7333270702647395,0.6271750699463143,0.668714062431115,0.6498788608338523,0.6116962557449764,0.702868890208165,0.5430227426337433,0.05782943727012091,0.7792939668715855,0.26201752273863277,0.6709195016580285,0.5940770627206599,0.6796034655764172,0.8160023887274747,0.1548118650304119,0.4876347716002121,0.513857799984432,0.574212336125838,0.6149259346296645,0.5910965190525863,0.6198603206156552,0.18641287897713496,0.5526805652689606,0.6350540736735513,0.6637944365852506,0.3647573306004878,0.7953820526656044,0.384387890869611,0.2721511468995965,1.0,0.6811188018517125],[0.10188388695369119,0.6330254368360149,0.8226883157889112,0.5424322052189202,0.7190494061265775,0.624067172047256,0.5985076022983774,0.5767385005262669,0.1711533619436485,0.7879192873977341,0.8637520838194802,0.34285760690245964,0.49406875028521496,0.6874555311204118,0.7940774796329065,0.7572986842262749,0.731528109134334,0.8282652601532817,0.6002348079321723,0.7677436768962471,0.3934791961125549,0.13134584171637279,0.8598149369634329,0.10687472570459304,0.6436991570526686,0.5422663289110902,0.7265444970280603,0.6983604035089065,0.11074522579162241,0.2139733260847137,0.31785001227145826,0.44806947790160534,0.747128987593887,0.7471583405651363,0.8251657144354965,0.5080143449721232,0.8318790509686016,0.7384792814107741,0.4656683583089708,0.5534803592509195,0.8460042348118194,0.572354