---
layout: default
title: StockSector(utilities.ss.html)
---
<h5>fn_build_correlation_mx</h5><div><div>                        <script type="text/javascript">window.PlotlyConfig = {MathJaxConfig: 'local'};</script>
        <script charset="utf-8" src="https://cdn.plot.ly/plotly-2.27.0.min.js"></script>                <div id="f389fe6b-f25a-4e76-a48a-0cb30315d8fc" class="plotly-graph-div" style="height:100%; width:100%;"></div>            <script type="text/javascript">                                    window.PLOTLYENV=window.PLOTLYENV || {};                                    if (document.getElementById("f389fe6b-f25a-4e76-a48a-0cb30315d8fc")) {                    Plotly.newPlot(                        "f389fe6b-f25a-4e76-a48a-0cb30315d8fc",                        [{"colorscale":[[0.0,"rgb(103,0,31)"],[0.1,"rgb(178,24,43)"],[0.2,"rgb(214,96,77)"],[0.3,"rgb(244,165,130)"],[0.4,"rgb(253,219,199)"],[0.5,"rgb(247,247,247)"],[0.6,"rgb(209,229,240)"],[0.7,"rgb(146,197,222)"],[0.8,"rgb(67,147,195)"],[0.9,"rgb(33,102,172)"],[1.0,"rgb(5,48,97)"]],"texttemplate":"%{z:.1f}","x":["ADTN","AEE","AEP","AQN","ATO","AWK","AY","BKH","CEG","CMS","CNP","CWEN","D","DTE","ED","EIX","ES","ETR","EXC","FE","KMI","LNG","LNT","NFE","NFG","NGG","NI","NJR","NRG","OKE","ORA","OTTR","PEG","PNW","PPL","RSG","SO","SRE","UGI","WCN","WEC","WM","WMB","WTRG","XEL"],"y":["ADTN","AEE","AEP","AQN","ATO","AWK","AY","BKH","CEG","CMS","CNP","CWEN","D","DTE","ED","EIX","ES","ETR","EXC","FE","KMI","LNG","LNT","NFE","NFG","NGG","NI","NJR","NRG","OKE","ORA","OTTR","PEG","PNW","PPL","RSG","SO","SRE","UGI","WCN","WEC","WM","WMB","WTRG","XEL"],"z":[[1.0,-0.1562182833229555,0.23675941127627467,0.5922742691420294,0.2547066373905028,0.309062880975983,0.5036116374281454,0.3273357613044301,0.07199077294675708,0.22525318916326886,0.2160479950280104,0.3959303441681511,0.27173855099567673,0.28523439751989377,0.1618839335703996,0.2272148398851761,0.37992587624672686,-0.0779840112894407,-0.08019683145757224,0.15975832275834667,0.33310048430977585,-0.42285792573796055,0.06361634227989278,0.4134854280471067,0.39326373508557055,0.18615420982590583,0.4268111709556773,0.42649921657994305,0.030304967919727244,0.399392881515478,0.6018033702280081,0.2570713534933422,0.15214569858967564,0.058553013577381324,0.2166394717792314,-0.3921747671638321,-0.09107666451155834,0.28637981532404677,0.5255963954629804,0.11615620225034116,0.13008040584847275,-0.04044235393173601,0.09253251219812493,0.4056255893013675,0.10773528579714732],[-0.1562182833229555,1.0,0.5470624255151089,0.2508772821138406,0.5598097061563032,0.6043241735238681,0.26266660933362723,0.5996230583403692,-0.02638138636862664,0.6796500009812653,0.736600484867407,0.20946493833925245,0.4860182521442418,0.6035381019759833,0.8115107091934397,0.4928523411107691,0.47017602161041583,0.757828021264217,0.9331355823619669,0.7358776163503445,0.1728108656818348,-0.03157026038957533,0.8285729015086472,-0.11626932215918678,0.37758578948161986,0.46080609997683586,0.6314756400982183,0.5516955095493566,0.14409356444565188,0.06293128166354246,0.09620422183792934,0.26390237594934607,0.7050657348469378,0.731340120071392,0.5858191644346162,0.6034358467247521,0.6276391137353582,0.4714838746835988,0.30438940034292317,0.424334186700325,0.7998632620189927,0.5203126879885922,0.1751478464400731,0.615352452994573,0.6247911741359157],[0.23675941127627467,0.5470624255151089,1.0,0.7287519675312774,0.6448190591279245,0.731695038196747,0.7351829186346819,0.6044569145861505,0.24903273671959855,0.783728257991827,0.8699201942718747,0.5810641564028718,0.6101532095566662,0.7221530700245031,0.7166188332312925,0.8078224205984725,0.7800235103329626,0.8213122757285034,0.5714937549308865,0.8289440989426478,0.39808430630308506,0.16669487130831312,0.781992649504444,0.12549546063591904,0.6158359258329924,0.7240701371042669,0.7784230679053823,0.5721710981791175,-0.06618159250376264,0.24207104749425593,0.5934364515704145,0.2328277955491144,0.7836020457678694,0.7571209519932298,0.8927112959440718,0.41058897008081013,0.8055056673459515,0.8514113863285768,0.4234724659843142,0.35615733854625864,0.8355078304734392,0.3767319252846998,0.158779059586409,0.6896118469465694,0.8113809607730676],[0.5922742691420294,0.2508772821138406,0.7287519675312774,1.0,0.5394871586507812,0.6899058264324468,0.7436875700878636,0.5670164444103968,0.24594418698599022,0.6191995974551413,0.6536473121963016,0.5894207019718437,0.4206484121289232,0.6303946084626821,0.5039590549465707,0.6751027141892704,0.7128225199474396,0.5047196663056099,0.2675017455632236,0.6483714807694299,0.6421474425830924,0.09816317178983867,0.5305099012766425,0.5458616764416839,0.660119760029591,0.6288279163874746,0.6716606266270373,0.5098536935915058,0.06491480119088781,0.6781165811362694,0.7705515552671784,0.35549249591756443,0.551192497128489,0.4707272297010393,0.7301798093500401,0.12785968907592604,0.47773156877714035,0.6247655297032015,0.6251969754071401,0.3073161201070904,0.6118411574672626,0.25640563553764717,0.4804581150069271,0.6460604038697191,0.5527836247604837],[0.2547066373905028,0.5598097061563032,0.6448190591279245,0.5394871586507812,1.0,0.5991222172282685,0.47365348359194154,0.4772922810281815,0.1749955857475823,0.6108898172103218,0.754279128308799,0.34314043866387134,0.27152250143182605,0.48566962883110454,0.6519976519142797,0.7909988035041192,0.4607166506132416,0.6347292264446576,0.5540943911193553,0.5682154344505381,0.3115445129523268,-0.08119226548564931,0.7259491595376012,0.1808080424425865,0.5894070716178607,0.3591865139925725,0.707178001758656,0.7455527063571682,0.41535896952902085,0.2434992145088107,0.4300519740297581,0.5122076843600882,0.5230962771301627,0.7797733252431552,0.6371801935112331,0.41226273071699815,0.6691950359308335,0.600415672546969,0.5252815690217794,0.5236509258290276,0.776603435201634,0.42598693573567625,0.13048611234952576,0.6651211669212534,0.7095169395767303],[0.309062880975983,0.6043241735238681,0.731695038196747,0.6899058264324468,0.5991222172282685,1.0,0.5484399976798073,0.7173751861919591,-0.08440292537818607,0.7386563434202131,0.7783183568550354,0.3625313277705144,0.5629772056251103,0.7089197316198281,0.7565637741101735,0.6109858447229256,0.6910334144338341,0.6836416325831498,0.623841528567349,0.7833745078138427,0.5052094858457045,0.12942497841783973,0.7691026527443281,0.25707781684194575,0.5966117361119246,0.6561708768892948,0.6481314676833791,0.6907308797948601,0.09821888615143043,0.4636222672704768,0.5406373869007798,0.454659796524213,0.6641816498046645,0.5638277687898874,0.687354408429568,0.3069329345367275,0.5769847400761442,0.6970603382514051,0.560267971205308,0.3484952373522302,0.7606639164553309,0.4347478880479142,0.28340175069372425,0.8946746787367796,0.6273387127115468],[0.5036116374281454,0.26266660933362723,0.7351829186346819,0.7436875700878636,0.47365348359194154,0.5484399976798073,1.0,0.6115980613251887,0.25013180324618783,0.6161752530723994,0.6055840951416314,0.701706418338135,0.5717919288826275,0.6126770896068476,0.42150583007792664,0.5974148697420031,0.648757046896704,0.5232430885349953,0.3012471978414704,0.6016024995045418,0.516774382256044,0.18143949745209184,0.5519677021587112,0.4038875435385136,0.6464139353213383,0.5246947628468028,0.6865269194103225,0.5440947703645567,0.05391459949985492,0.47779120700348626,0.7355264585887366,0.36730540103868226,0.5776486205577881,0.49565098338740055,0.7161313860283772,0.008168058137253848,0.5246103755303793,0.6125664647316735,0.6373828425538659,0.20452584633278037,0.5856739585789307,0.18586848041266107,0.38290917685158643,0.6187399708905983,0.6032272045391053],[0.3273357613044301,0.5996230583403692,0.6044569145861505,0.5670164444103968,0.4772922810281815,0.7173751861919591,0.6115980613251887,1.0,-0.09745102312342419,0.7022815970960243,0.7058383007342737,0.4323045873243527,0.7483154287653653,0.7102755641329694,0.6841789291544944,0.4891520539204861,0.7227736342357388,0.6379162334900991,0.5399381890221768,0.6626925028688953,0.5243046588462947,0.008079656337925503,0.7217353007736323,0.3232034109277199,0.6676241350524527,0.3930153823881291,0.6874238608365149,0.6004592336882246,0.13251724923076302,0.42369951239550746,0.5232094045062311,0.29691291662523145,0.5802310918106357,0.5754752541063431,0.6195972338182054,0.14742784757360416,0.443376933559622,0.48508008866588975,0.6065973296173958,0.36519338976031906,0.6421176520191129,0.30915248909030313,0.38453959917458125,0.7180341541181368,0.5838971562721886],[0.07199077294675708,-0.02638138636862664,0.24903273671959855,0.24594418698599022,0.1749955857475823,-0.08440292537818607,0.25013180324618783,-0.09745102312342419,1.0,0.07928974239608458,0.21139136688141846,0.1918951170501444,-0.0964643780637194,0.16001489030025118,0.021620297490323334,0.39632702438569084,0.08026590547002237,0.1258302263875797,-0.010728738140025049,0.13041752870172993,0.04378048605524266,-0.09214964552304296,0.004381546293874612,0.07115876944457752,0.20987584861160236,0.05065010902312679,0.2056782678264286,-0.0618207211868251,0.3072813398154585,0.15909525030971722,-0.04534621212448731,0.21882948861290727,0.21450010668499334,0.13865371713756627,0.2281039518630255,0.13894252014036296,0.13607758438839423,0.17996974084795445,0.08968792233652385,0.2858890938381944,0.08371048136284477,0.0799623243838839,0.18654282405059275,-0.071152457491748,0.16621850155160692],[0.22525318916326886,0.6796500009812653,0.783728257991827,0.6191995974551413,0.6108898172103218,0.7386563434202131,0.6161752530723994,0.7022815970960243,0.07928974239608458,1.0,0.8860411445805179,0.30177331705103005,0.7050530526935259,0.8972768453454045,0.8857310901398749,0.7277511301269399,0.6821853384737167,0.7933532364071644,0.6719954221052794,0.7943610010493949,0.45632371341320727,0.1875938605067597,0.824821756209667,0.1895250419422813,0.7084844278887013,0.5646789878605346,0.8425804762055494,0.7025908174942516,0.1581342117469831,0.3118808901971313,0.5044217330163213,0.3161290877227045,0.8610054230397922,0.6443185818323037,0.8245316300465276,0.5857007960835148,0.7456940234312234,0.7063706837571889,0.4842160357558921,0.5617461863681752,0.8413840487928839,0.612804217596424,0.2516969046147484,0.7100859177496358,0.7785332336492886],[0.2160479950280104,0.736600484867407,0.8699201942718747,0.6536473121963016,0.754279128308799,0.7783183568550354,0.6055840951416314,0.7058383007342737,0.21139136688141846,0.8860411445805179,1.0,0.4029328927743932,0.5827573166508248,0.8555973506136574,0.8833279087767565,0.7950443588029668,0.7525796614233391,0.8676876866946659,0.7461414125170195,0.843659859244441,0.4569467006175373,0.10334990346213445,0.9087636876300526,0.1925034359014695,0.7041958261380996,0.642844247725856,0.8216970785481553,0.7656636280361,0.2096023313876718,0.3259867063089963,0.43480220216973414,0.36882598190535804,0.8378054206434046,0.7899304542972992,0.804909125760594,0.5409355040689848,0.7853027625022521,0.7592711010556191,0.5319912501790532,0.6283477307355806,0.897368283890463,0.5666897335231361,0.22613800438431944,0.7802724929265447,0.8623130156625766],[0.3959303441681511,0.20946493833925245,0.5810641564028718,0.5894207019718437,0.34314043866387134,0.3625313277705144,0.701706418338135,0.4323045873243527,0.1918951170501444,0.30177331705103005,0.4029328927743932,1.0,0.3442710363164521,0.3003747606781763,0.25145897147036494,0.41569919827178514,0.5119136979601846,0.27798728466549844,0.22449760841517133,0.3169495403132286,0.2697990651397014,0.005289854629464592,0.32327707383353815,0.2597861254162572,0.39874767517367377,0.37971007595894934,0.40018587690442226,0.24545157038378398,0.08390383811947408,0.26708452424967455,0.6820252280968623,0.15537132429349054,0.2951385359556992,0.43040165538294944,0.4405848002748576,-0.15282521970935695,0.25044639541170455,0.32312956382854474,0.44806929730549755,-0.005795005369852591,0.47063451541123025,-0.17823004254572092,0.22540521177396328,0.4643613721997821,0.3480394001916791],[0.27173855099567673,0.4860182521442418,0.6101532095566662,0.4206484121289232,0.27152250143182605,0.5629772056251103,0.5717919288826275,0.7483154287653653,-0.0964643780637194,0.7050530526935259,0.5827573166508248,0.3442710363164521,1.0,0.6911129564292514,0.5977772464835824,0.4461541217103992,0.6947525472687553,0.5705341475407046,0.5063789373588664,0.6957510640389732,0.22490167469896083,0.05540264232838006,0.6145527220701279,0.12287022065114314,0.4577983387781572,0.4366241952720173,0.6595307327039839,0.4165887750353572,-0.0694811072309227,0.08120519051402679,0.5302506873922992,0.029949759130394688,0.686334858505535,0.518518827555271,0.638128190095231,0.17092933018177883,0.4860452008041177,0.5838374514681122,0.3167253660024705,0.2660643649656524,0.5688988556732292,0.2976595113186922,0.09980550007778842,0.5197226812210279,0.505984215158407],[0.28523439751989377,0.6035381019759833,0.7221530700245031,0.6303946084626821,0.48566962883110454,0.7089197316198281,0.6126770896068476,0.7102755641329694,0.16001489030025118,0.8972768453454045,0.8555973506136574,0.3003747606781763,0.6911129564292514,1.0,0.7920537476001438,0.6087135152009526,0.7387647000492286,0.7138156326510979,0.6285406888934332,0.7513982205847455,0.5293026711775889,0.16427555062398141,0.7535995336963104,0.26842034279621774,0.703842793103428,0.5250511466988498,0.7654918249574084,0.6987246214585181,0.11307479844859719,0.35400462066041394,0.4795969055132301,0.30691919341072765,0.830258246093348,0.5726264327653251,0.7180314889455119,0.4286120438061002,0.598132686023235,0.6621608445709882,0.459397444407989,0.5781431816385708,0.7429834604629966,0.5491714665531073,0.31540752622458035,0.6691586472729263,0.6888152589539133],[0.1618839335703996,0.8115107091934397,0.7166188332312925,0.5039590549465707,0.6519976519142797,0.7565637741101735,0.42150583007792664,0.6841789291544944,0.021620297490323334,0.8857310901398749,0.8833279087767565,0.25145897147036494,0.5977772464835824,0.7920537476001438,1.0,0.6790106409005899,0.6780788340330078,0.7979675038239757,0.8064599831024128,0.8125279869305991,0.3145704741451997,-0.05763872648987279,0.8643904489739899,0.02871319360964676,0.6062273803455204,0.622679535283913,0.8108452523387284,0.7080773500519916,0.16047862087246384,0.17219577747453815,0.33710794089666285,0.3424563672719718,0.8024060889409519,0.6868389690230683,0.7254368074108112,0.5693646175136811,0.6885742748079169,0.6578255871740034,0.49492504983027014,0.562404008386139,0.8827146746003813,0.5885736180468819,0.046232439204219586,0.7362551196528021,0.7951994943511467],[0.2272148398851761,0.4928523411107691,0.8078224205984725,0.6751027141892704,0.7909988035041192,0.6109858447229256,0.5974148697420031,0.4891520539204861,0.39632702438569084,0.7277511301269399,0.7950443588029668,0.41569919827178514,0.4461541217103992,0.6087135152009526,0.6790106409005899,1.0,0.5905876536242074,0.7292744090801853,0.537651314117662,0.7114475274066145,0.42666980745190436,0.07294563127661738,0.6782198528494708,0.26173014536656475,0.6227669613897538,0.5546017345808935,0.7313746645199616,0.5186463213665817,0.25436007206981737,0.36037637491105856,0.4837606876372186,0.3690395226274121,0.6348488569592728,0.7248523759831969,0.8158982875993784,0.42671187483437356,0.7390601041009736,0.7265493761170878,0.49613953889046714,0.4438456828922104,0.7890845385291976,0.37045072752324876,0.17183913397690462,0.6266434776427218,0.7466187919035908],[0.37992587624672686,0.47017602161041583,0.7800235103329626,0.7128225199474396,0.4607166506132416,0.6910334144338341,0.648757046896704,0.7227736342357388,0.08026590547002237,0.6821853384737167,0.7525796614233391,0.5119136979601846,0.6947525472687553,0.7387647000492286,0.6780788340330078,0.5905876536242074,1.0,0.7065204618523269,0.44050796346577514,0.7929729601148917,0.5094799312039181,0.060707329255272856,0.7142283858862662,0.3381530074840259,0.6382016538587753,0.5820143007040234,0.6956010999647031,0.5548445575727406,-0.05694121315739904,0.337481860880432,0.5583318988798676,0.14800519046182545,0.6943688814796349,0.608208408176691,0.748181919610245,0.14912069437494774,0.5455751460159403,0.6940932993931699,0.5780141885888174,0.37491938353469423,0.6977230597849988,0.3465744083829469,0.23401500815107107,0.6724476202000996,0.7275110042260983],[-0.0779840112894407,0.757828021264217,0.8213122757285034,0.5047196663056099,0.6347292264446576,0.6836416325831498,0.5232430885349953,0.6379162334900991,0.1258302263875797,0.7933532364071644,0.8676876866946659,0.27798728466549844,0.5705341475407046,0.7138156326510979,0.7979675038239757,0.7292744090801853,0.7065204618523269,1.0,0.7322323160167127,0.882135982309412,0.4744056013032769,0.29027713278831896,0.8808969937070992,0.04508369809483957,0.6286697476839087,0.6296118664281907,0.7393409259237697,0.5907385055435351,-0.05344742459332483,0.24116457908746206,0.327189594862863,0.18458950198972499,0.80832475950235,0.7871323504709852,0.8041136685997998,0.5607914271714102,0.8356694950065007,0.7356927532726704,0.46366373911683767,0.37303567831309803,0.8515821075304558,0.5583949200999515,0.2590734877891943,0.6526101463420372,0.8171654254527907],[-0.08019683145757224,0.9331355823619669,0.5714937549308865,0.2675017455632236,0.5540943911193553,0.623841528567349,0.3012471978414704,0.5399381890221768,-0.010728738140025049,0.6719954221052794,0.7461414125170195,0.22449760841517133,0.5063789373588664,0.6285406888934332,0.8064599831024128,0.537651314117662,0.44050796346577514,0.7322323160167127,1.0,0.7641069590378203,0.15338038375221796,-0.036711963842599615,0.8264888545860953,-0.08888752838202808,0.3740025273149561,0.5397923950293592,0.599127593981713,0.5570324502080158,0.09562713930800684,0.06019002139006017,0.19632834219945036,0.25180500410046575,0.7265638447970002,0.7220321406875151,0.5974445016241609,0.5325732986964619,0.5934492439855952,0.5486293564880573,0.30036072673747377,0.39747999232265835,0.7968397294451186,0.47419309944576415,0.06961377593339035,0.6109957155032507,0.5954997476274932],[0.15975832275834667,0.7358776163503445,0.8289440989426478,0.6483714807694299,0.5682154344505381,0.7833745078138427,0.6016024995045418,0.6626925028688953,0.13041752870172993,0.7943610010493949,0.843659859244441,0.3169495403132286,0.6957510640389732,0.7513982205847455,0.8125279869305991,0.7114475274066145,0.7929729601148917,0.882135982309412,0.7641069590378203,1.0,0.39192944037221256,0.08395569215292625,0.875283607054016,0.09964791178692461,0.5591519136321758,0.7564601310322724,0.7666134685205408,0.5839635763706409,-0.06680944490275093,0.29296666747245226,0.4638098024041585,0.2035332626209393,0.8584809190865852,0.740846762690222,0.8507812398685781,0.44083201636853364,0.7729068199886843,0.7603649675443709,0.4796476362468885,0.39139920431031955,0.840435309961253,0.5229332494038994,0.20396463546639648,0.7041299794313436,0.756774509432042],[0.33310048430977585,0.1728108656818348,0.39808430630308506,0.6421474425830924,0.3115445129523268,0.5052094858457045,0.516774382256044,0.5243046588462947,0.04378048605524266,0.45632371341320727,0.4569467006175373,0.2697990651397014,0.22490167469896083,0.5293026711775889,0.3145704741451997,0.42666980745190436,0.5094799312039181,0.4744056013032769,0.15338038375221796,0.39192944037221256,1.0,0.437116778095432,0.39869421313700115,0.6951951324851687,0.761557264397271,0.2955707014931166,0.4225183376869739,0.501513609883827,-0.06066871850850488,0.82024034391418,0.4575400192420552,0.32032972570941964,0.3543919836396227,0.35871027753159834,0.42167320350671383,-0.08259927889649185,0.3033034538937399,0.4100392291186127,0.6663764026209877,0.011641366928603306,0.4209999034521311,0.1401046487694916,0.7141530008541489,0.5513948301182595,0.3974125975475537],[-0.42285792573796055,-0.03157026038957533,0.16669487130831312,0.09816317178983867,-0.08119226548564931,0.12942497841783973,0.18143949745209184,0.008079656337925503,-0.09214964552304296,0.1875938605067597,0.10334990346213445,0.005289854629464592,0.05540264232838006,0.16427555062398141,-0.05763872648987279,0.07294563127661738,0.060707329255272856,0.29027713278831896,-0.036711963842599615,0.08395569215292625,0.437116778095432,1.0,0.13699742276968055,0.32058307850735185,0.2770275100370763,0.14637774519763116,-0.07450969353913689,0.02956562506551155,-0.05712853524694143,0.2885756901176223,0.12370934661837446,0.045426217215883885,0.16343170442699412,0.05489464127815862,0.16034634891593935,0.1872345039233066,0.2740491136857322,0.19392675739203516,0.0641952683544674,-0.1352820918857601,0.10293440719293107,0.0750380221349126,0.44724020324034724,0.05560942067631327,0.14107286430150626],[0.06361634227989278,0.8285729015086472,0.781992649504444,0.5305099012766425,0.7259491595376012,0.7691026527443281,0.5519677021587112,0.7217353007736323,0.004381546293874612,0.824821756209667,0.9087636876300526,0.32327707383353815,0.6145527220701279,0.7535995336963104,0.8643904489739899,0.6782198528494708,0.7142283858862662,0.8808969937070992,0.8264888545860953,0.875283607054016,0.39869421313700115,0.13699742276968055,1.0,0.13223072405531217,0.6439379277165593,0.6034587918649669,0.7344692989160233,0.7493801637768304,0.13978277825423066,0.27638870053257564,0.39723027481634166,0.3673590220028928,0.7981612266395696,0.8232442855729141,0.766815654945369,0.5347764531642142,0.8160167940773037,0.6985378778592894,0.49040664083135166,0.5598697701135147,0.9277735307666897,0.6283758158377446,0.21205909259871542,0.7806464879833546,0.8572935944025981],[0.4134854280471067,-0.11626932215918678,0.12549546063591904,0.5458616764416839,0.1808080424425865,0.25707781684194575,0.4038875435385136,0.3232034109277199,0.07115876944457752,0.1895250419422813,0.1925034359014695,0.2597861254162572,0.12287022065114314,0.26842034279621774,0.02871319360964676,0.26173014536656475,0.3381530074840259,0.04508369809483957,-0.08888752838202808,0.09964791178692461,0.6951951324851687,0.32058307850735185,0.13223072405531217,1.0,0.48410721414638597,0.11854778396910362,0.20897233779030264,0.25824540202572127,0.27269360705091417,0.7753502160642565,0.4469233449970888,0.26062082263371794,0.07628486954402793,0.1320312102810321,0.1913598332040082,-0.1948692802368297,-0.03119103658031155,0.19062801783395764,0.5818836821297773,0.1052446739956652,0.11187978078255299,-0.02610115521649961,0.6797786144838747,0.2694476129571539,0.11679376343017632],[0.39326373508557055,0.37758578948161986,0.6158359258329924,0.660119760029591,0.5894070716178607,0.5966117361119246,0.6464139353213383,0.6676241350524527,0.20987584861160236,0.7084844278887013,0.7041958261380996,0.39874767517367377,0.4577983387781572,0.703842793103428,0.6062273803455204,0.6227669613897538,0.6382016538587753,0.6286697476839087,0.3740025273149561,0.5591519136321758,0.761557264397271,0.2770275100370763,0.6439379277165593,0.48410721414638597,1.0,0.38425728413060356,0.6568911813176719,0.7222403681589861,0.1856176854153244,0.5375187463796252,0.5968032868318784,0.5199773037946481,0.5567516767124056,0.6021025872740989,0.6119509317590518,0.13730203904133007,0.4806548813181267,0.6292061914766611,0.7198684938509603,0.35994823772575235,0.6804973456240262,0.33105600861494094,0.41851682591589884,0.674212986716365,0.6490968627752555],[0.18615420982590583,0.46080609997683586,0.7240701371042669,0.6288279163874746,0.3591865139925725,0.6561708768892948,0.5246947628468028,0.3930153823881291,0.05065010902312679,0.5646789878605346,0.642844247725856,0.37971007595894934,0.4366241952720173,0.5250511466988498,0.622679535283913,0.5546017345808935,0.5820143007040234,0.6296118664281907,0.5397923950293592,0.7564601310322724,0.2955707014931166,0.14637774519763116,0.6034587918649669,0.11854778396910362,0.38425728413060356,1.0,0.5878541550047615,0.43335304175091666,-0.16727435519421927,0.2895324985602629,0.43966487648875724,0.17163863210656127,0.578046992219979,0.48479514230940396,0.6417414796669637,0.27602415711065037,0.603636245247565,0.6342275931851575,0.4700504825246632,0.1554019586047594,0.6740663429748044,0.20499224408638633,0.08602054641310737,0.6007036978449103,0.5470503311146344],[0.4268111709556773,0.6314756400982183,0.7784230679053823,0.6716606266270373,0.707178001758656,0.6481314676833791,0.6865269194103225,0.6874238608365149,0.2056782678264286,0.8425804762055494,0.8216970785481553,0.40018587690442226,0.6595307327039839,0.7654918249574084,0.8108452523387284,0.7313746645199616,0.6956010999647031,0.7393409259237697,0.599127593981713,0.7666134685205408,0.4225183376869739,-0.07450969353913689,0.7344692989160233,0.20897233779030264,0.6568911813176719,0.5878541550047615,1.0,0.7364193477050688,0.09800406792835221,0.2885492973388062,0.5237403506832345,0.33513969279066297,0.8277347919839789,0.7166283308461129,0.8088467838186972,0.3915300904768231,0.6704284290934865,0.7320740166147415,0.6224286144359683,0.41834184248847134,0.7895565913689605,0.4392993078199218,0.27450234594064465,0.6822246150313955,0.7304878659556366],[0.42649921657994305,0.5516955095493566,0.5721710981791175,0.5098536935915058,0.7455527063571682,0.6907308797948601,0.5440947703645567,0.6004592336882246,-0.0618207211868251,0.7025908174942516,0.7656636280361,0.24545157038378398,0.4165887750353572,0.6987246214585181,0.7080773500519916,0.5186463213665817,0.5548445575727406,0.5907385055435351,0.5570324502080158,0.5839635763706409,0.501513609883827,0.02956562506551155,0.7493801637768304,0.25824540202572127,0.7222403681589861,0.43335304175091666,0.7364193477050688,1.0,0.20471037392408659,0.34565097231182285,0.4362968358972706,0.6176872665183664,0.649096745463432,0.6367800475740246,0.5428666742973912,0.24667469324026411,0.5489806885123661,0.5819646516541315,0.6586045087511188,0.47548131619563233,0.7254326573513382,0.4491687588863994,0.20650489659435478,0.818246426915319,0.6993686840761785],[0.030304967919727244,0.14409356444565188,-0.06618159250376264,0.06491480119088781,0.41535896952902085,0.09821888615143043,0.05391459949985492,0.13251724923076302,0.3072813398154585,0.1581342117469831,0.2096023313876718,0.08390383811947408,-0.0694811072309227,0.11307479844859719,0.16047862087246384,0.25436007206981737,-0.05694121315739904,-0.05344742459332483,0.09562713930800684,-0.06680944490275093,-0.06066871850850488,-0.05712853524694143,0.13978277825423066,0.27269360705091417,0.1856176854153244,-0.16727435519421927,0.09800406792835221,0.20471037392408659,1.0,0.1922214809348714,-0.021225814653270815,0.4415083961889212,0.00039865768117538684,0.08973776331211453,-0.01733952380566048,0.20427608749365153,0.0558822624416348,-0.11899021639490755,0.2532343082816403,0.556110646842299,0.15325238568953428,0.14514056599812955,0.154354189760488,0.15090119728752946,0.09339983213921121],[0.399392881515478,0.06293128166354246,0.24207104749425593,0.6781165811362694,0.2434992145088107,0.4636222672704768,0.47779120700348626,0.42369951239550746,0.15909525030971722,0.3118808901971313,0.3259867063089963,0.26708452424967455,0.08120519051402679,0.35400462066041394,0.17219577747453815,0.36037637491105856,0.337481860880432,0.24116457908746206,0.06019002139006017,0.29296666747245226,0.82024034391418,0.2885756901176223,0.27638870053257564,0.7753502160642565,0.5375187463796252,0.2895324985602629,0.2885492973388062,0.34565097231182285,0.1922214809348714,1.0,0.39001315693381566,0.4221379464663777,0.22661442929965742,0.11960037312745239,0.33489150554717356,-0.08883862984638606,0.16068262742385128,0.19265625456138769,0.6846291610403462,0.10546331381146958,0.2676164145818759,0.12367185789734575,0.808610175107144,0.4907044689826845,0.22124490750923273],[0.6018033702280081,0.09620422183792934,0.5934364515704145,0.7705515552671784,0.4300519740297581,0.5406373869007798,0.7355264585887366,0.5232094045062311,-0.04534621212448731,0.5044217330163213,0.43480220216973414,0.6820252280968623,0.5302506873922992,0.4795969055132301,0.33710794089666285,0.4837606876372186,0.5583318988798676,0.327189594862863,0.19632834219945036,0.4638098024041585,0.4575400192420552,0.12370934661837446,0.39723027481634166,0.4469233449970888,0.5968032868318784,0.43966487648875724,0.5237403506832345,0.4362968358972706,-0.021225814653270815,0.39001315693381566,1.0,0.1475508549003649,0.3955769987353979,0.4219534148394521,0.5461692866140021,-0.10302427327549608,0.29335616783918816,0.49747330036566084,0.5052240017747297,0.06076932928190221,0.48607900151491495,0.018877661449849953,0.2458476807002546,0.5165192899987828,0.3145085359115172],[0.2570713534933422,0.26390237594934607,0.2328277955491144,0.35549249591756443,0.5122076843600882,0.454659796524213,0.36730540103868226,0.29691291662523145,0.21882948861290727,0.3161290877227045,0.36882598190535804,0.15537132429349054,0.029949759130394688,0.30691919341072765,0.3424563672719718,0.3690395226274121,0.14800519046182545,0.18458950198972499,0.25180500410046575,0.2035332626209393,0.32032972570941964,0.045426217215883885,0.3673590220028928,0.26062082263371794,0.5199773037946481,0.17163863210656127,0.33513969279066297,0.6176872665183664,0.4415083961889212,0.4221379464663777,0.1475508549003649,1.0,0.26288818471617903,0.23600684628202215,0.3140388206470136,0.15199702577606955,0.22238314173033707,0.3260257334848127,0.5085788044987434,0.3979018545592231,0.3805148521000744,0.3129930825744428,0.24829225717698647,0.5756265588348262,0.4633202212247481],[0.15214569858967564,0.7050657348469378,0.7836020457678694,0.551192497128489,0.5230962771301627,0.6641816498046645,0.5776486205577881,0.5802310918106357,0.21450010668499334,0.8610054230397922,0.8378054206434046,0.2951385359556992,0.686334858505535,0.830258246093348,0.8024060889409519,0.6348488569592728,0.6943688814796349,0.80832475950235,0.7265638447970002,0.8584809190865852,0.3543919836396227,0.16343170442699412,0.7981612266395696,0.07628486954402793,0.5567516767124056,0.578046992219979,0.8277347919839789,0.649096745463432,0.00039865768117538684,0.22661442929965742,0.3955769987353979,0.26288818471617903,1.0,0.6747492718470353,0.8358020564629823,0.5232877305219132,0.7280704299651597,0.7264223666794196,0.421007963027006,0.42417152276091485,0.7779094711082677,0.5370287408199267,0.26882564248942564,0.613975461826938,0.7420964433759837],[0.058553013577381324,0.731340120071392,0.7571209519932298,0.4707272297010393,0.7797733252431552,0.5638277687898874,0.49565098338740055,0.5754752541063431,0.13865371713756627,0.6443185818323037,0.7899304542972992,0.43040165538294944,0.518518827555271,0.5726264327653251,0.6868389690230683,0.7248523759831969,0.608208408176691,0.7871323504709852,0.7220321406875151,0.740846762690222,0.35871027753159834,0.05489464127815862,0.8232442855729141,0.1320312102810321,0.6021025872740989,0.48479514230940396,0.7166283308461129,0.6367800475740246,0.08973776331211453,0.11960037312745239,0.4219534148394521,0.23600684628202215,0.6747492718470353,1.0,0.7049493141303285,0.35984646669613496,0.7785779090454467,0.6607256855259541,0.4028114471266359,0.2968353512087198,0.8606927529352646,0.28221338495071463,0.15936091846909142,0.5931687909199276,0.7511864976420461],[0.2166394717792314,0.5858191644346162,0.8927112959440718,0.7301798093500401,0.6371801935112331,0.687354408429568,0.7161313860283772,0.6195972338182054,0.2281039518630255,0.8245316300465276,0.804909125760594,0.4405848002748576,0.638128190095231,0.7180314889455119,0.7254368074108112,0.8158982875993784,0.748181919610245,0.8041136685997998,0.5974445016241609,0.8507812398685781,0.42167320350671383,0.16034634891593935,0.766815654945369,0.1913598332040082,0.6119509317590518,0.6417414796669637,0.8088467838186972,0.5428666742973912,-0.01733952380566048,0.33489150554717356,0.5461692866140021,0.3140388206470136,0.8358020564629823,0.7049493141303285,1.0,0.4643683574239832,0.7825859990020928,0.8170409523201303,0.4934298661980791,0.3659398328613954,0.800764524422288,0.43681910894776443,0.2790344327093456,0.6194566908226085,0.8144453331441398],[-0.3921747671638321,0.6034358467247521,0.41058897008081013,0.12785968907592604,0.41226273071699815,0.3069329345367275,0.008168058137253848,0.14742784757360416,0.13894252014036296,0.5857007960835148,0.5409355040689848,-0.15282521970935695,0.17092933018177883,0.4286120438061002,0.5693646175136811,0.42671187483437356,0.14912069437494774,0.5607914271714102,0.5325732986964619,0.44083201636853364,-0.08259927889649185,0.1872345039233066,0.5347764531642142,-0.1948692802368297,0.13730203904133007,0.27602415711065037,0.3915300904768231,0.24667469324026411,0.20427608749365153,-0.08883862984638606,-0.10302427327549608,0.15199702577606955,0.5232877305219132,0.35984646669613496,0.4643683574239832,1.0,0.5766579212971051,0.35567329354481925,-0.07103993454028916,0.63416484064949,0.48586239483575266,0.7767567187595878,0.052062564040877404,0.18241200917167838,0.49174352826599316],[-0.09107666451155834,0.6276391137353582,0.8055056673459515,0.47773156877714035,0.6691950359308335,0.5769847400761442,0.5246103755303793,0.443376933559622,0.13607758438839423,0.7456940234312234,0.7853027625022521,0.25044639541170455,0.4860452008041177,0.598132686023235,0.6885742748079169,0.7390601041009736,0.5455751460159403,0.8356694950065007,0.5934492439855952,0.7729068199886843,0.3033034538937399,0.2740491136857322,0.8160167940773037,-0.03119103658031155,0.4806548813181267,0.603636245247565,0.6704284290934865,0.5489806885123661,0.0558822624416348,0.16068262742385128,0.29335616783918816,0.22238314173033707,0.7280704299651597,0.7785779090454467,0.7825859990020928,0.5766579212971051,1.0,0.651760639357408,0.2899011031786214,0.36784334626981235,0.8484439364080216,0.48871118070003244,0.12158264248186687,0.5528205270016919,0.826617235388496],[0.28637981532404677,0.4714838746835988,0.8514113863285768,0.6247655297032015,0.600415672546969,0.6970603382514051,0.6125664647316735,0.48508008866588975,0.17996974084795445,0.7063706837571889,0.7592711010556191,0.32312956382854474,0.5838374514681122,0.6621608445709882,0.6578255871740034,0.7265493761170878,0.6940932993931699,0.7356927532726704,0.5486293564880573,0.7603649675443709,0.4100392291186127,0.19392675739203516,0.6985378778592894,0.19062801783395764,0.6292061914766611,0.6342275931851575,0.7320740166147415,0.5819646516541315,-0.11899021639490755,0.19265625456138769,0.49747330036566084,0.3260257334848127,0.7264223666794196,0.6607256855259541,0.8170409523201303,0.35567329354481925,0.651760639357408,1.0,0.3956106088530124,0.3263269863615346,0.7190785053418512,0.4484698913044776,0.10496975466440432,0.6386464478459369,0.7372749887997865],[0.5255963954629804,0.30438940034292317,0.4234724659843142,0.6251969754071401,0.5252815690217794,0.560267971205308,0.6373828425538659,0.6065973296173958,0.08968792233652385,0.4842160357558921,0.5319912501790532,0.44806929730549755,0.3167253660024705,0.459397444407989,0.49492504983027014,0.49613953889046714,0.5780141885888174,0.46366373911683767,0.30036072673747377,0.4796476362468885,0.6663764026209877,0.0641952683544674,0.49040664083135166,0.5818836821297773,0.7198684938509603,0.4700504825246632,0.6224286144359683,0.6586045087511188,0.2532343082816403,0.6846291610403462,0.5052240017747297,0.5085788044987434,0.421007963027006,0.4028114471266359,0.4934298661980791,-0.07103993454028916,0.2899011031786214,0.3956106088530124,1.0,0.17143158187144922,0.5217195082893247,0.1363988456354896,0.4859631341753628,0.6653419865484186,0.4665962533114338],[0.11615620225034116,0.424334186700325,0.35615733854625864,0.3073161201070904,0.5236509258290276,0.3484952373522302,0.20452584633278037,0.36519338976031906,0.2858890938381944,0.5617461863681752,0.6283477307355806,-0.005795005369852591,0.2660643649656524,0.5781431816385708,0.562404008386139,0.4438456828922104,0.37491938353469423,0.37303567831309803,0.39747999232265835,0.39139920431031955,0.011641366928603306,-0.1352820918857601,0.5598697701135147,0.1052446739956652,0.35994823772575235,0.1554019586047594,0.41834184248847134,0.47548131619563233,0.556110646842299,0.10546331381146958,0.06076932928190221,0.3979018545592231,0.42417152276091485,0.2968353512087198,0.3659398328613954,0.63416484064949,0.36784334626981235,0.3263269863615346,0.17143158187144922,1.0,0.44500179630728054,0.7580165943612512,0.015550727712953303,0.3696543297700171,0.5511160156445439],[0.13008040584847275,0.7998632620189927,0.8355078304734392,0.6118411574672626,0.776603435201634,0.7606639164553309,0.5856739585789307,0.6421176520191129,0.08371048136284477,0.8413840487928839,0.897368283890463,0.47063451541123025,0.5688988556732292,0.7429834604629966,0.8827146746003813,0.7890845385291976,0.6977230597849988,0.8515821075304558,0.7968397294451186,0.840435309961253,0.4209999034521311,0.10293440719293107,0.9277735307666897,0.11187978078255299,0.6804973456240262,0.6740663429748044,0.7895565913689605,0.7254326573513382,0.15325238568953428,0.2676164145818759,0.48607900151491495,0.3805148521000744,0.7779094711082677,0.8606927529352646,0.800764524422288,0.48586239483575266,0.8484439364080216,0.7190785053418512,0.5217195082893247,0.44500179630728054,1.0,0.48113471416167836,0.17027744913092954,0.7964888426251701,0.8438341069876444],[-0.04044235393173601,0.5203126879885922,0.3767319252846998,0.25640563553764717,0.42598693573567625,0.4347478880479142,0.18586848041266107,0.30915248909030313,0.0799623243838839,0.612804217596424,0.5666897335231361,-0.17823004254572092,0.2976595113186922,0.5491714665531073,0.5885736180468819,0.37045072752324876,0.3465744083829469,0.5583949200999515,0.47419309944576415,0.5229332494038994,0.1401046487694916,0.0750380221349126,0.6283758158377446,-0.02610115521649961,0.33105600861494094,0.20499224408638633,0.4392993078199218,0.4491687588863994,0.14514056599812955,0.12367185789734575,0.018877661449849953,0.3129930825744428,0.5370287408199267,0.28221338495071463,0.43681910894776443,0.7767567187595878,0.48871118070003244,0.4484698913044776,0.1363988456354896,0.7580165943612512,0.48113471416167836,1.0,0.11566410976751716,0.384211507268551,0.5653387096367807],[0.09253251219812493,0.1751478464400731,0.158779059586409,0.4804581150069271,0.13048611234952576,0.28340175069372425,0.38290917685158643,0.38453959917458125,0.18654282405059275,0.2516969046147484,0.22613800438431944,0.22540521177396328,0.09980550007778842,0.31540752622458035,0.046232439204219586,0.17183913397690462,0.23401500815107107,0.2590734877891943,0.06961377593339035,0.20396463546639648,0.7141530008541489,0.44724020324034724,0.21205909259871542,0.6797786144838747,0.41851682591589884,0.08602054641310737,0.27450234594064465,0.20650489659435478,0.154354189760488,0.808610175107144,0.2458476807002546,0.24829225717698647,0.26882564248942564,0.15936091846909142,0.2790344327093456,0.052062564040877404,0.12158264248186687,0.10496975466440432,0.4859631341753628,0.015550727712953303,0.17027744913092954,0.11566410976751716,1.0,0.2726678345358869,0.09767750875187456],[0.4056255893013675,0.615352452994573,0.6896118469465694,0.6460604038697191,0.6651211669212534,0.8946746787367796,0.6187399708905983,0.7180341541181368,-0.071152457491748,0.7100859177496358,0.7802724929265447,0.4643613721997821,0.5197226812210279,0.6691586472729263,0.7362551196528021,0.6266434776427218,0.6724476202000996,0.6526101463420372,0.6109957155032507,0.7041299794313436,0.5513948301182595,0.05560942067631327,0.7806464879833546,0.2694476129571539,0.674212986716365,0.6007036978449103,0.6822246150313955,0.818246426915319,0.15090119728752946,0.4907044689826845,0.5165192899987828,0.5756265588348262,0.613975461826938,0.5931687909199276,0.6194566908226085,0.18241200917167838,0.5528205270016919,0.6386464478459369,0.6653419865484186,0.3696543297700171,0.7964888426251701,0.384211507268551,0.2726678345358869,1.0,0.6868690050875992],[0.10773528579714732,0.6247911741359157,0.8113809607730676,0.5527836247604837,0.7095169395767303,0.6273387127115468,0.6032272045391053,0.5838971562721886,0.16621850155160692,0.7785332336492886,0.8623130156625766,0.3480394001916791,0.505984215158407,0.6888152589539133,0.7951994943511467,0.7466187919035908,0.7275110042260983,0.8171654254527907,0.5954997476274932,0.756774509432042,0.3974125975475537,0.14107286430150626,0.8572935944025981,0.11679376343017632,0.6490968627752555,0.5470503311146344,0.7304878659556366,0.6993686840761785,0.09339983213921121,0.22124490750923273,0.3145085359115172,0.4633202212247481,0.7420964433759837,0.7511864976420461,0.8144453331441398,0.49174352826599316,0.826617235388496,0.737