<!DOCTYPE html><html lang="en"><h5>fn_build_correlation_mx</h5><div><div>                        <script type="text/javascript">window.PlotlyConfig = {MathJaxConfig: 'local'};</script>
        <script charset="utf-8" src="https://cdn.plot.ly/plotly-2.27.0.min.js"></script>                <div id="5935946c-ef68-4956-a827-897f0d82a18f" class="plotly-graph-div" style="height:100%; width:100%;"></div>            <script type="text/javascript">                                    window.PLOTLYENV=window.PLOTLYENV || {};                                    if (document.getElementById("5935946c-ef68-4956-a827-897f0d82a18f")) {                    Plotly.newPlot(                        "5935946c-ef68-4956-a827-897f0d82a18f",                        [{"colorscale":[[0.0,"rgb(103,0,31)"],[0.1,"rgb(178,24,43)"],[0.2,"rgb(214,96,77)"],[0.3,"rgb(244,165,130)"],[0.4,"rgb(253,219,199)"],[0.5,"rgb(247,247,247)"],[0.6,"rgb(209,229,240)"],[0.7,"rgb(146,197,222)"],[0.8,"rgb(67,147,195)"],[0.9,"rgb(33,102,172)"],[1.0,"rgb(5,48,97)"]],"texttemplate":"%{z:.1f}","x":["ADTN","AEE","AEP","AQN","ATO","AWK","AY","BKH","CEG","CMS","CNP","CWEN","D","DTE","ED","EIX","ES","ETR","EXC","FE","KMI","LNG","LNT","NFE","NFG","NGG","NI","NJR","NRG","OKE","ORA","OTTR","PEG","PNW","PPL","RSG","SO","SRE","UGI","WCN","WEC","WM","WMB","WTRG","XEL"],"y":["ADTN","AEE","AEP","AQN","ATO","AWK","AY","BKH","CEG","CMS","CNP","CWEN","D","DTE","ED","EIX","ES","ETR","EXC","FE","KMI","LNG","LNT","NFE","NFG","NGG","NI","NJR","NRG","OKE","ORA","OTTR","PEG","PNW","PPL","RSG","SO","SRE","UGI","WCN","WEC","WM","WMB","WTRG","XEL"],"z":[[1.0,-0.15347159024919788,0.2417129603022149,0.5915217870711881,0.25905629601411373,0.30625855364949234,0.50125824137194,0.3253801445560567,0.07517929251905936,0.22928834648776478,0.21670255129942484,0.39566151885940753,0.26999009396285917,0.28580372368105056,0.16109240445029566,0.23206945696082137,0.38208492709472247,-0.07097357767191209,-0.08008671010737563,0.16589308341337516,0.3338905814716707,-0.42818869347474287,0.06353548485575124,0.41305226273331774,0.3908080261410373,0.1867737681779804,0.4255138926423603,0.4242290222882114,0.0410772779139612,0.3970264645744976,0.6034613868382664,0.25549047312387574,0.15272594094881228,0.055734068375364446,0.2227260267855444,-0.38930315112039554,-0.08916801844692615,0.28653990990628275,0.5236279463040165,0.11404473065689151,0.1310449264471719,-0.039406207356235554,0.08768434816462001,0.40128925658433495,0.10710145137608997],[-0.15347159024919788,1.0,0.5469295033072713,0.2572151613618022,0.5598057999394873,0.6045206495554114,0.2642162204061487,0.6089356363638352,-0.026298364029546856,0.6795210405435959,0.7385476202811078,0.2115168536725935,0.49316660531032364,0.6065139485190421,0.8151331255633588,0.492852658919973,0.47122198327361947,0.7565552811479647,0.9330233795344122,0.7349818062670405,0.1766705432723759,-0.03257709322841348,0.829916959896518,-0.11291446314147756,0.38274637969645914,0.46502396197136786,0.6361149212994196,0.5544534832110015,0.14371411410005355,0.06488814883181371,0.09736141262876472,0.2714688205508086,0.7049885564482685,0.735357458383324,0.5854935171515907,0.6031887900216009,0.6279803652785406,0.47367174172391685,0.3055114551137957,0.42661052943604494,0.8008478946334215,0.5203293923162599,0.17565150145172306,0.6162043776773065,0.633103060182615],[0.2417129603022149,0.5469295033072713,1.0,0.7393113030613538,0.645676204361556,0.729377740892429,0.7357975628662216,0.6147302224571829,0.2499411316848169,0.7845670842187755,0.8723894552871226,0.5837810032088778,0.6193395967232203,0.7268324587386632,0.7206235924656809,0.8083029570244324,0.7819642084135497,0.8221508248316198,0.5700627472906679,0.829734032051621,0.4051603101935724,0.1610543122139349,0.7827979256667301,0.1321260095737111,0.6220683145427824,0.7309901975550571,0.783510910994701,0.5741417622643932,-0.06344614790613443,0.24437287868481133,0.5950219715905187,0.24300130429342934,0.7820240112824687,0.760394784863744,0.8932508148605612,0.40906198657366366,0.8053460486860095,0.8539482760856577,0.42376377823279954,0.3581987524055466,0.8363656783260697,0.37636821654939223,0.15732905315841786,0.6876647805648035,0.8236637745677045],[0.5915217870711881,0.2572151613618022,0.7393113030613538,1.0,0.5496695451916593,0.6926283609839335,0.744684523596377,0.5588394428976041,0.2526258148664341,0.6276083036683487,0.6547374908062494,0.5895767997438627,0.41102339395702403,0.6286200237230102,0.5010398961948456,0.6873158917921208,0.7168463200492274,0.5130962877653107,0.2706171141899265,0.6592604933650645,0.6383588658594866,0.09256016642080778,0.5322401444214073,0.540463440132757,0.655451876360184,0.6241219774660928,0.6690554467432613,0.5070791357904683,0.08297291440766441,0.6768800643671427,0.7773224277190511,0.34220449128149516,0.5578313572969013,0.4664650519734379,0.7434058439340641,0.13858059616403706,0.48322542163506066,0.6252752375897119,0.6263184646161721,0.3030740834353662,0.6154233735324748,0.2603205630163355,0.4775780375990862,0.6454252608216922,0.5430645526135099],[0.25905629601411373,0.5598057999394873,0.645676204361556,0.5496695451916593,1.0,0.5984063288768845,0.4753898463523796,0.4872738179431764,0.17557192016336481,0.6119298747972955,0.7572618489778427,0.34625214102666857,0.2793468648949651,0.49056359721523635,0.6564435901009589,0.7913393763747756,0.4634005030238314,0.6356215493037328,0.5534403211869647,0.5692677555404088,0.31797899302063404,-0.08398905399699827,0.727506014892277,0.1870489259317322,0.5965031161411888,0.36609730201603813,0.712918927282629,0.7486713702550393,0.41688096103106853,0.24632190070702828,0.4318287135436252,0.5244039807581417,0.5226279426255189,0.7841672693662965,0.6379201560029009,0.4109010801956097,0.6696981691181044,0.6036297816147354,0.5263497022975552,0.5263388184888822,0.778047962227108,0.4258498740618954,0.1302075359618027,0.6649283953571028,0.7212690501200391],[0.30625855364949234,0.6045206495554114,0.729377740892429,0.6926283609839335,0.5984063288768845,1.0,0.5479098179688289,0.718894501258925,-0.0843856315134295,0.7365293358871989,0.7758736169864462,0.3607248611479318,0.5621427049777638,0.7056036760365028,0.7549820957623546,0.6103335193077961,0.68758395815784,0.6799544828118792,0.624048945281488,0.7804611424051318,0.5008302117925005,0.12999015137094985,0.7680252982123235,0.25402019612680315,0.5967583281154131,0.6519809775240715,0.6471627796888296,0.6903651146332636,0.09964219232154198,0.4627780682136285,0.5388610736602641,0.45332077998347764,0.6643979690686233,0.5630893250649162,0.6857767087837007,0.30925136573913614,0.5763119958100155,0.6950102765485175,0.5597692155545543,0.3473299248360416,0.7591300710989878,0.4348106206799493,0.28307271155540287,0.8947892200130646,0.6242158138133965],[0.50125824137194,0.2642162204061487,0.7357975628662216,0.744684523596377,0.4753898463523796,0.5479098179688289,1.0,0.6104390915255867,0.25172111831699945,0.6166273295396915,0.6038818226814253,0.7004952190584739,0.5696960227731133,0.6099070157062244,0.419169437629341,0.5994820468013907,0.6470957583001106,0.5231824274207965,0.30183572458081137,0.6023580565072381,0.5128255031645037,0.17959008179713487,0.5512787520283303,0.40057323226680863,0.645331113991627,0.520702800688387,0.6851004320413548,0.5426423971054225,0.059682247398148154,0.476020779445174,0.7352682137116089,0.3632605896591905,0.5788264897750944,0.49379842728002915,0.7178795622489215,0.011500859151168712,0.5252236039405614,0.6109896131204365,0.6367214449294887,0.20221121885262305,0.5851147228838455,0.18653683468163562,0.38110582893252887,0.6175489991783983,0.5993682019294305],[0.3253801445560567,0.6089356363638352,0.6147302224571829,0.5588394428976041,0.4872738179431764,0.718894501258925,0.6104390915255867,1.0,-0.09333809240511313,0.7117236800687822,0.707839612872865,0.431333701039221,0.7447328178100203,0.7102247482676182,0.6836142645689525,0.5000804969089575,0.727586536158708,0.6482060942170805,0.5448501065599929,0.6744938301094676,0.521283268452478,3.7766502916893344e-06,0.7250102403259249,0.3165054043799027,0.6631188949676637,0.3880596059017986,0.6852576953628742,0.5983451963167196,0.1526271569106226,0.4193001018670876,0.528275118656752,0.2845619518185125,0.5863309022070565,0.5724095426062964,0.6325429446934667,0.15786151821699312,0.4485399090446798,0.4848168516857666,0.606776169234009,0.3616487014507576,0.6459932547567603,0.3133042724396657,0.37945998912723844,0.7165606175673636,0.5769752269610893],[0.07517929251905936,-0.026298364029546856,0.2499411316848169,0.2526258148664341,0.17557192016336481,-0.0843856315134295,0.25172111831699945,-0.09333809240511313,1.0,0.08059423709344757,0.2139571894727135,0.19426894354690738,-0.09224541117085695,0.16372495003588927,0.02464733972993363,0.39666293359097443,0.0826895805270019,0.12741354256721807,-0.010885452353663257,0.13164009231400603,0.04854844960835669,-0.0935052686616559,0.005837656492615799,0.07563412400384828,0.2144306275913323,0.055681909341768906,0.20946108047294681,-0.06008812325268862,0.30769366657743946,0.16144192924023934,-0.043656502538563416,0.22676989718333565,0.21437912688500954,0.1413746572961663,0.22878838445575836,0.13758003029618576,0.13676686059260065,0.18252276321726013,0.09070052273799671,0.28811368943417437,0.08526687934806632,0.08001196493669957,0.18686584267051493,-0.07089117699847372,0.1736040486472017],[0.22928834648776478,0.6795210405435959,0.7845670842187755,0.6276083036683487,0.6119298747972955,0.7365293358871989,0.6166273295396915,0.7117236800687822,0.08059423709344757,1.0,0.8879420971504193,0.3043095036337149,0.7132464460543448,0.9006512558494842,0.8889243434312437,0.7286130865798701,0.6840145723895766,0.7941183469914168,0.6706509403041674,0.795233669014817,0.46186077001033016,0.1822996608294354,0.8253676415735454,0.19483521238193163,0.7140888099602243,0.5705178683525052,0.8469309948488489,0.7041338669493431,0.16147483980170804,0.31358644391204504,0.5060072442907808,0.3249407025231992,0.8596261890021264,0.6469363158870426,0.825415492464988,0.5849914643956498,0.7457475359214208,0.7086319499517411,0.4842428643878451,0.5632243151421774,0.8420359707615186,0.6121685349654693,0.2500222270420175,0.7081731162238682,0.7888291013208719],[0.21670255129942484,0.7385476202811078,0.8723894552871226,0.6547374908062494,0.7572618489778427,0.7758736169864462,0.6038818226814253,0.707839612872865,0.2139571894727135,0.8879420971504193,1.0,0.40280310245547857,0.5835219470655886,0.8557677659739759,0.8834472401979808,0.7983712490522036,0.7533285252359977,0.8697976739722179,0.7459159583347941,0.846592329263429,0.45754104706056775,0.09745147549523847,0.9085179787187206,0.19195481159245475,0.7042560188339578,0.6433250593493804,0.8219224987397804,0.7645148767341067,0.2189429076087053,0.3241064950166064,0.4363457915249612,0.3690395246274574,0.8380350135027486,0.7892975705197063,0.8086696114646253,0.544706536936075,0.786244825775947,0.7593305755014911,0.5304573073626462,0.6272597012461022,0.8975842099010067,0.5673106677161966,0.22218638306055158,0.7768482778772952,0.86492831017766],[0.39566151885940753,0.2115168536725935,0.5837810032088778,0.5895767997438627,0.34625214102666857,0.3607248611479318,0.7004952190584739,0.431333701039221,0.19426894354690738,0.3043095036337149,0.40280310245547857,1.0,0.34272286501778926,0.2999114839528459,0.2503466392243059,0.4191450854665304,0.5126015055054045,0.2814591621022761,0.22469485979498566,0.32068343437378305,0.2692153956105438,0.0007933001917407096,0.3229936880013717,0.2583650232608406,0.3968604621990326,0.37895208043711187,0.3988672682390463,0.24335623637812376,0.0922136157097096,0.2649447306534841,0.6830013919163728,0.15232553929134637,0.2957771545384878,0.428835887269659,0.4445506099025925,-0.15014524091459094,0.25159924868979966,0.322756496401994,0.44675016100854953,-0.007980842846176138,0.4709767113548099,-0.1775698257992799,0.22198422589416825,0.4615122327077727,0.34696047370623356],[0.26999009396285917,0.49316660531032364,0.6193395967232203,0.41102339395702403,0.2793468648949651,0.5621427049777638,0.5696960227731133,0.7447328178100203,-0.09224541117085695,0.7132464460543448,0.5835219470655886,0.34272286501778926,1.0,0.6908583330238186,0.5963361693116903,0.4557162370852359,0.6987087389946287,0.5796394420322102,0.5098275704196348,0.7064073378905635,0.22099651007572665,0.04725871987381657,0.616160708305287,0.11551957189836044,0.4510311880287222,0.43305423907928325,0.6570462608967611,0.4126029821163321,-0.05237175089713691,0.07401595660149621,0.5346832426045023,0.015604837697615425,0.6917249307841303,0.5148439167763844,0.6497998983510638,0.1803368544486923,0.4906597146066488,0.5841322618567105,0.3141074895328622,0.2618458798792651,0.5715180947515652,0.30101650143145037,0.09236989951852093,0.5157379075437445,0.4997423019696791],[0.28580372368105056,0.6065139485190421,0.7268324587386632,0.6286200237230102,0.49056359721523635,0.7056036760365028,0.6099070157062244,0.7102247482676182,0.16372495003588927,0.9006512558494842,0.8557677659739759,0.2999114839528459,0.6908583330238186,1.0,0.7914901011183685,0.6140318570031964,0.7404232153391966,0.7187159771587225,0.6284548418169631,0.7568239020927353,0.5297335741441075,0.15603280019637208,0.7532699552306593,0.26710756670968044,0.7020046147694874,0.5252963832398747,0.7644528766609858,0.6962973388216303,0.1259878836208687,0.3508950173772835,0.4818458912385873,0.30463641429515037,0.8307954421844798,0.5702626589193726,0.7242066641466867,0.43364475054639223,0.5998227555670587,0.6621083651178411,0.45702259810799656,0.5760549214248445,0.7435804146407712,0.5501942017393614,0.30977124084979657,0.6641714086611845,0.6897048902609255],[0.16109240445029566,0.8151331255633588,0.7206235924656809,0.5010398961948456,0.6564435901009589,0.7549820957623546,0.419169437629341,0.6836142645689525,0.02464733972993363,0.8889243434312437,0.8834472401979808,0.2503466392243059,0.5963361693116903,0.7914901011183685,1.0,0.6839531182883182,0.6790848817704873,0.8014652147943218,0.8076616919490929,0.8169543947758819,0.31321748683664685,-0.06315929084201308,0.864737253514072,0.025123868633128196,0.6041391375327168,0.6213578506541049,0.8101728318310044,0.7065122342749361,0.1717945513156,0.168684446856134,0.33879322430475983,0.3389385122722466,0.8041412985716345,0.6853005985436488,0.7308913605724596,0.5756119336156503,0.6905648977195554,0.6575522150075748,0.4933311962354195,0.5607802214404535,0.8836350197860042,0.5902832373534069,0.04146205105551573,0.7332215202070439,0.7948064016013662],[0.23206945696082137,0.492852658919973,0.8083029570244324,0.6873158917921208,0.7913393763747756,0.6103335193077961,0.5994820468013907,0.5000804969089575,0.39666293359097443,0.7286130865798701,0.7983712490522036,0.4191450854665304,0.4557162370852359,0.6140318570031964,0.6839531182883182,1.0,0.5932087760633908,0.7299067932226774,0.5369889158869051,0.7120889690345047,0.43362445487900886,0.06951271089976381,0.6800370691408479,0.2688077734794246,0.6306519260332019,0.5621089368909172,0.7377159884301572,0.5218576615998239,0.2552289190725943,0.36375046790878807,0.4856216222244495,0.38108865572754913,0.6342688072537017,0.729586987660423,0.8162081846681153,0.425040148631259,0.7395585057140069,0.7300603514411093,0.4974095901446933,0.4468125597935466,0.7907377172334049,0.37034620210994906,0.17170623441852667,0.6266122932764806,0.7595459545606628],[0.38208492709472247,0.47122198327361947,0.7819642084135497,0.7168463200492274,0.4634005030238314,0.68758395815784,0.6470957583001106,0.727586536158708,0.0826895805270019,0.6840145723895766,0.7533285252359977,0.5126015055054045,0.6987087389946287,0.7404232153391966,0.6790848817704873,0.5932087760633908,1.0,0.7090100625850339,0.43947880467611294,0.7952974482038113,0.512566444158685,0.05414785000812027,0.7138275736813086,0.3406141926503961,0.6396381348226323,0.5851503827628712,0.6968137198180581,0.5539550115854672,-0.04930969297883699,0.3367407210848475,0.5596855637258865,0.15083751055927697,0.6932706379082505,0.6080711449864282,0.7510212174320282,0.15047100254810145,0.5461324097790557,0.6947990413181252,0.5763255839132413,0.37440092824848675,0.6979437419746347,0.34662051878713457,0.23018687621855724,0.6683413835008661,0.7333539142747243],[-0.07097357767191209,0.7565552811479647,0.8221508248316198,0.5130962877653107,0.6356215493037328,0.6799544828118792,0.5231824274207965,0.6482060942170805,0.12741354256721807,0.7941183469914168,0.8697976739722179,0.2814591621022761,0.5796394420322102,0.7187159771587225,0.8014652147943218,0.7299067932226774,0.7090100625850339,1.0,0.729313352607181,0.8828794711320814,0.4822099575926772,0.28202796674625663,0.8806039003080506,0.05270707441233411,0.6343217150967168,0.6374336983894929,0.7438840415352752,0.5919089541221103,-0.04904765929725242,0.24322383009659582,0.3300631273977937,0.19541034263403861,0.8055373707233524,0.7894824052556727,0.8051522059438767,0.5584633654016277,0.8346892233462646,0.7381755354853763,0.46315048767067474,0.37470535753192763,0.8517684709984729,0.5569793957710413,0.25637635348249305,0.6491092893564188,0.8301102142442003],[-0.08008671010737563,0.9330233795344122,0.5700627472906679,0.2706171141899265,0.5534403211869647,0.624048945281488,0.30183572458081137,0.5448501065599929,-0.010885452353663257,0.6706509403041674,0.7459159583347941,0.22469485979498566,0.5098275704196348,0.6284548418169631,0.8076616919490929,0.5369889158869051,0.43947880467611294,0.729313352607181,1.0,0.7617713604701619,0.15337551405898692,-0.036324168516316015,0.8266504183094039,-0.0888936155340821,0.37644560550106737,0.5399473817228891,0.6011082958406154,0.5583424540425346,0.09533171269590351,0.06056119487374087,0.1960282595562703,0.2544598314935702,0.7265490471319268,0.7241336063257726,0.5961301091388067,0.5334422570035251,0.5931641634608517,0.5487537197324612,0.3007296166037761,0.3982632769801727,0.7965137296524392,0.4741418427028531,0.06991952884153242,0.6116446330369509,0.5982985195135052],[0.16589308341337516,0.7349818062670405,0.829734032051621,0.6592604933650645,0.5692677555404088,0.7804611424051318,0.6023580565072381,0.6744938301094676,0.13164009231400603,0.795233669014817,0.846592329263429,0.32068343437378305,0.7064073378905635,0.7568239020927353,0.8169543947758819,0.7120889690345047,0.7952974482038113,0.8828794711320814,0.7617713604701619,1.0,0.4003974949225591,0.07804156312870808,0.8758690535236634,0.10760559733703358,0.5659240110822518,0.7645405429056783,0.7722686828174793,0.5861579440859132,-0.0640320062714474,0.2957244218438728,0.466118754954578,0.21532774907352425,0.8562181173761354,0.74442250664558,0.8514336083850261,0.438552388444161,0.7726481300472424,0.7634890823982609,0.47986720849766945,0.39376306422045154,0.8413301062497366,0.5219874318220123,0.2023370918173439,0.7017859978204835,0.7706993917523521],[0.3338905814716707,0.1766705432723759,0.4051603101935724,0.6383588658594866,0.31797899302063404,0.5008302117925005,0.5128255031645037,0.521283268452478,0.04854844960835669,0.46186077001033016,0.45754104706056775,0.2692153956105438,0.22099651007572665,0.5297335741441075,0.31321748683664685,0.43362445487900886,0.512566444158685,0.4822099575926772,0.15337551405898692,0.4003974949225591,1.0,0.42563339659158406,0.39827358078358494,0.6943007186104408,0.7583777863592753,0.29617843628405327,0.41977798611527933,0.4976709386573461,-0.0448144841770959,0.8167413270765641,0.46049022308675447,0.31708059646318165,0.3550820111578583,0.3548560974656011,0.4303480670047997,-0.07739822027600575,0.3056521862817635,0.4100353382320809,0.6631299253508917,0.008242781187479457,0.42202787349780946,0.14150717652042924,0.7067682134374633,0.544705554326844,0.39693726275141594],[-0.42818869347474287,-0.03257709322841348,0.1610543122139349,0.09256016642080778,-0.08398905399699827,0.12999015137094985,0.17959008179713487,3.7766502916893344e-06,-0.0935052686616559,0.1822996608294354,0.09745147549523847,0.0007933001917407096,0.04725871987381657,0.15603280019637208,-0.06315929084201308,0.06951271089976381,0.05414785000812027,0.28202796674625663,-0.036324168516316015,0.07804156312870808,0.42563339659158406,1.0,0.13377828618816903,0.3125294328402864,0.27261350676930984,0.13577379203359266,-0.08004737739869215,0.026911464497729753,-0.060013854020019325,0.28553373294895495,0.11908568947957326,0.03510317902869565,0.16295429502790687,0.05120485683996548,0.1551647963871754,0.18910702721508624,0.2710512428434235,0.18824686187696496,0.06291258170870821,-0.13794708287581323,0.09906517004042775,0.07435523784897506,0.4475361163015775,0.056443935652794576,0.12837379063726767],[0.06353548485575124,0.829916959896518,0.7827979256667301,0.5322401444214073,0.727506014892277,0.7680252982123235,0.5512787520283303,0.7250102403259249,0.005837656492615799,0.8253676415735454,0.9085179787187206,0.3229936880013717,0.616160708305287,0.7532699552306593,0.864737253514072,0.6800370691408479,0.7138275736813086,0.8806039003080506,0.8266504183094039,0.8758690535236634,0.39827358078358494,0.13377828618816903,1.0,0.1313448845359228,0.6450340805950123,0.6031166261238208,0.7351318984349035,0.7493168210321853,0.14521048404598214,0.2753230580300382,0.3977922885967802,0.36804606650269367,0.7985908545503612,0.8237499537017806,0.7684675712031745,0.5378192051857137,0.8165475422075622,0.6984200162331173,0.48970693631473255,0.5594767975203446,0.927759282495943,0.6289092610574564,0.2099382588149099,0.7791700849122912,0.8595185598378813],[0.41305226273331774,-0.11291446314147756,0.1321260095737111,0.540463440132757,0.1870489259317322,0.25402019612680315,0.40057323226680863,0.3165054043799027,0.07563412400384828,0.19483521238193163,0.19195481159245475,0.2583650232608406,0.11551957189836044,0.26710756670968044,0.025123868633128196,0.2688077734794246,0.3406141926503961,0.05270707441233411,-0.0888936155340821,0.10760559733703358,0.6943007186104408,0.3125294328402864,0.1313448845359228,1.0,0.47913460164723065,0.11579373483854938,0.2042931626295295,0.25390194957305756,0.28944718591506896,0.7732528976173507,0.44993372849599766,0.2535755224691993,0.07746710137961653,0.1267112800318581,0.1997793430828605,-0.18959108455785878,-0.029317485327833518,0.18946267099540945,0.5801401518796485,0.10110183928774669,0.11234304834841356,-0.024801826519359464,0.675067447226084,0.263944300615408,0.11075948031494288],[0.3908080261410373,0.38274637969645914,0.6220683145427824,0.655451876360184,0.5965031161411888,0.5967583281154131,0.645331113991627,0.6631188949676637,0.2144306275913323,0.7140888099602243,0.7042560188339578,0.3968604621990326,0.4510311880287222,0.7020046147694874,0.6041391375327168,0.6306519260332019,0.6396381348226323,0.6343217150967168,0.37644560550106737,0.5659240110822518,0.7583777863592753,0.27261350676930984,0.6450340805950123,0.47913460164723065,1.0,0.3786000950398837,0.6541700866382473,0.7210522822089617,0.2006576715896991,0.5346148481077435,0.5997563997752982,0.5127270723546444,0.5608027289653504,0.5994273186002276,0.6202164168352325,0.14533395029815482,0.48403486912245,0.6286819199841792,0.7202456812301291,0.35670000227677084,0.6825352362601722,0.3340044066201256,0.41493845010378416,0.6726391786125756,0.6427079407704044],[0.1867737681779804,0.46502396197136786,0.7309901975550571,0.6241219774660928,0.36609730201603813,0.6519809775240715,0.520702800688387,0.3880596059017986,0.055681909341768906,0.5705178683525052,0.6433250593493804,0.37895208043711187,0.43305423907928325,0.5252963832398747,0.6213578506541049,0.5621089368909172,0.5851503827628712,0.6374336983894929,0.5399473817228891,0.7645405429056783,0.29617843628405327,0.13577379203359266,0.6031166261238208,0.11579373483854938,0.3786000950398837,1.0,0.585157130634644,0.42920209494218925,-0.15078817532149963,0.28487501340838445,0.4429326479284652,0.16592919798658118,0.5791002600727594,0.4808759678400118,0.6507384273169408,0.2824981672388009,0.606136519312873,0.6341318049251788,0.46684267663519874,0.1517097998258532,0.6751301810676378,0.20658264167147988,0.07835221613344444,0.5940605990803155,0.5462279014261522],[0.4255138926423603,0.6361149212994196,0.783510910994701,0.6690554467432613,0.712918927282629,0.6471627796888296,0.6851004320413548,0.6852576953628742,0.20946108047294681,0.8469309948488489,0.8219224987397804,0.3988672682390463,0.6570462608967611,0.7644528766609858,0.8101728318310044,0.7377159884301572,0.6968137198180581,0.7438840415352752,0.6011082958406154,0.7722686828174793,0.41977798611527933,-0.08004737739869215,0.7351318984349035,0.2042931626295295,0.6541700866382473,0.585157130634644,1.0,0.7349791134084103,0.11050550673327086,0.2846665064217276,0.5257983964616505,0.32890200373276557,0.8309489183220268,0.7149533620710549,0.8157184874166928,0.3989284940375121,0.6733155007080356,0.7319135290280169,0.6214349250769227,0.41591074560095564,0.7910303413468679,0.44160100300109534,0.27001540303996285,0.6795970867660424,0.7276881438786287],[0.4242290222882114,0.5544534832110015,0.5741417622643932,0.5070791357904683,0.7486713702550393,0.6903651146332636,0.5426423971054225,0.5983451963167196,-0.06008812325268862,0.7041338669493431,0.7645148767341067,0.24335623637812376,0.4126029821163321,0.6962973388216303,0.7065122342749361,0.5218576615998239,0.5539550115854672,0.5919089541221103,0.5583424540425346,0.5861579440859132,0.4976709386573461,0.026911464497729753,0.7493168210321853,0.25390194957305756,0.7210522822089617,0.42920209494218925,0.7349791134084103,1.0,0.21318115945080723,0.3429070081617363,0.43659521814816876,0.6153990056637462,0.6509109112262422,0.635153462578351,0.5461005707482202,0.25174436889069585,0.5502291473929973,0.5805421643970715,0.6579494375884049,0.4736768942384586,0.7255147171357071,0.4506445147950103,0.2036053662837575,0.8171632063591558,0.6957153767437025],[0.0410772779139612,0.14371411410005355,-0.06344614790613443,0.08297291440766441,0.41688096103106853,0.09964219232154198,0.059682247398148154,0.1526271569106226,0.30769366657743946,0.16147483980170804,0.2189429076087053,0.0922136157097096,-0.05237175089713691,0.1259878836208687,0.1717945513156,0.2552289190725943,-0.04930969297883699,-0.04904765929725242,0.09533171269590351,-0.0640320062714474,-0.0448144841770959,-0.060013854020019325,0.14521048404598214,0.28944718591506896,0.2006576715896991,-0.15078817532149963,0.11050550673327086,0.21318115945080723,1.0,0.20131734729604164,-0.016723892862454317,0.4688352932704229,-0.00019886697062586288,0.09955811237156602,-0.01620654497280304,0.19829014136050124,0.05788073298142687,-0.11067478372925901,0.25827580174702536,0.5657084728488556,0.15868210991201853,0.14535598210890358,0.15761844175258138,0.15422920241806862,0.11745005667785981],[0.3970264645744976,0.06488814883181371,0.24437287868481133,0.6768800643671427,0.24632190070702828,0.4627780682136285,0.476020779445174,0.4193001018670876,0.16144192924023934,0.31358644391204504,0.3241064950166064,0.2649447306534841,0.07401595660149621,0.3508950173772835,0.168684446856134,0.36375046790878807,0.3367407210848475,0.24322383009659582,0.06056119487374087,0.2957244218438728,0.8167413270765641,0.28553373294895495,0.2753230580300382,0.7732528976173507,0.5346148481077435,0.28487501340838445,0.2846665064217276,0.3429070081617363,0.20131734729604164,1.0,0.39042427601796126,0.4172278966798057,0.2277042943558642,0.1153375539412417,0.33846429501787384,-0.08484075269734515,0.16141609540754234,0.19033960738854358,0.6840653718313293,0.10215901474063911,0.26702594976583555,0.12460429095595875,0.8072297466221179,0.48864440418679933,0.21419453838382863],[0.6034613868382664,0.09736141262876472,0.5950219715905187,0.7773224277190511,0.4318287135436252,0.5388610736602641,0.7352682137116089,0.528275118656752,-0.043656502538563416,0.5060072442907808,0.4363457915249612,0.6830013919163728,0.5346832426045023,0.4818458912385873,0.33879322430475983,0.4856216222244495,0.5596855637258865,0.3300631273977937,0.1960282595562703,0.466118754954578,0.46049022308675447,0.11908568947957326,0.3977922885967802,0.44993372849599766,0.5997563997752982,0.4429326479284652,0.5257983964616505,0.43659521814816876,-0.016723892862454317,0.39042427601796126,1.0,0.15113109152519794,0.3953541282041808,0.4228547787363519,0.5483267897903037,-0.10265407775394952,0.2942569454113311,0.4988150271952387,0.5047128119588518,0.06103741714466274,0.48690117558120666,0.019357011507322563,0.24367844437199598,0.5144727148548611,0.3195966484076644],[0.25549047312387574,0.2714688205508086,0.24300130429342934,0.34220449128149516,0.5244039807581417,0.45332077998347764,0.3632605896591905,0.2845619518185125,0.22676989718333565,0.3249407025231992,0.3690395246274574,0.15232553929134637,0.015604837697615425,0.30463641429515037,0.3389385122722466,0.38108865572754913,0.15083751055927697,0.19541034263403861,0.2544598314935702,0.21532774907352425,0.31708059646318165,0.03510317902869565,0.36804606650269367,0.2535755224691993,0.5127270723546444,0.16592919798658118,0.32890200373276557,0.6153990056637462,0.4688352932704229,0.4172278966798057,0.15113109152519794,1.0,0.2666863187665538,0.22874479589852917,0.32749572573155505,0.1634894193119246,0.22664048133030468,0.3250835693807872,0.5075876411489565,0.39442916992676685,0.3831366654660499,0.31769895763654094,0.2405386402696164,0.5717608624490013,0.4558082014857913],[0.15272594094881228,0.7049885564482685,0.7820240112824687,0.5578313572969013,0.5226279426255189,0.6643979690686233,0.5788264897750944,0.5863309022070565,0.21437912688500954,0.8596261890021264,0.8380350135027486,0.2957771545384878,0.6917249307841303,0.8307954421844798,0.8041412985716345,0.6342688072537017,0.6932706379082505,0.8055373707233524,0.7265490471319268,0.8562181173761354,0.3550820111578583,0.16295429502790687,0.7985908545503612,0.07746710137961653,0.5608027289653504,0.5791002600727594,0.8309489183220268,0.6509109112262422,-0.00019886697062586288,0.2277042943558642,0.3953541282041808,0.2666863187665538,1.0,0.6771473798088591,0.8343221807210238,0.5238775633425531,0.7278919214462585,0.7270258898141322,0.4216336410765335,0.4253148270452221,0.7778931468097732,0.5370037358240463,0.2692839055336666,0.6146719845216311,0.746696087217588],[0.055734068375364446,0.735357458383324,0.760394784863744,0.4664650519734379,0.7841672693662965,0.5630893250649162,0.49379842728002915,0.5724095426062964,0.1413746572961663,0.6469363158870426,0.7892975705197063,0.428835887269659,0.5148439167763844,0.5702626589193726,0.6853005985436488,0.729586987660423,0.6080711449864282,0.7894824052556727,0.7241336063257726,0.74442250664558,0.3548560974656011,0.05120485683996548,0.8237499537017806,0.1267112800318581,0.5994273186002276,0.4808759678400118,0.7149533620710549,0.635153462578351,0.09955811237156602,0.1153375539412417,0.4228547787363519,0.22874479589852917,0.6771473798088591,1.0,0.7097125682948713,0.3662891091652525,0.7809397604462605,0.6597704511495968,0.40130099086824156,0.29411157192939674,0.8616064052991552,0.2837091304494651,0.1555948690064499,0.5910923915148125,0.7477572580943398],[0.2227260267855444,0.5854935171515907,0.8932508148605612,0.7434058439340641,0.6379201560029009,0.6857767087837007,0.7178795622489215,0.6325429446934667,0.22878838445575836,0.825415492464988,0.8086696114646253,0.4445506099025925,0.6497998983510638,0.7242066641466867,0.7308913605724596,0.8162081846681153,0.7510212174320282,0.8051522059438767,0.5961301091388067,0.8514336083850261,0.4303480670047997,0.1551647963871754,0.7684675712031745,0.1997793430828605,0.6202164168352325,0.6507384273169408,0.8157184874166928,0.5461005707482202,-0.01620654497280304,0.33846429501787384,0.5483267897903037,0.32749572573155505,0.8343221807210238,0.7097125682948713,1.0,0.4619702009628804,0.7828006853150554,0.8208223917526887,0.49444707672867394,0.36906510747441434,0.8024326609048024,0.43638123423798914,0.2782724108052675,0.6185727015941885,0.8295295138118672],[-0.38930315112039554,0.6031887900216009,0.40906198657366366,0.13858059616403706,0.4109010801956097,0.30925136573913614,0.011500859151168712,0.15786151821699312,0.13758003029618576,0.5849914643956498,0.544706536936075,-0.15014524091459094,0.1803368544486923,0.43364475054639223,0.5756119336156503,0.425040148631259,0.15047100254810145,0.5584633654016277,0.5334422570035251,0.438552388444161,-0.07739822027600575,0.18910702721508624,0.5378192051857137,-0.18959108455785878,0.14533395029815482,0.2824981672388009,0.3989284940375121,0.25174436889069585,0.19829014136050124,-0.08484075269734515,-0.10265407775394952,0.1634894193119246,0.5238775633425531,0.3662891091652525,0.4619702009628804,1.0,0.5774872743852493,0.3594946515367284,-0.06875868464460216,0.6400870182059439,0.48803094608345715,0.777831357006264,0.05542602442876125,0.18595923091442476,0.5038774671972445],[-0.08916801844692615,0.6279803652785406,0.8053460486860095,0.48322542163506066,0.6696981691181044,0.5763119958100155,0.5252236039405614,0.4485399090446798,0.13676686059260065,0.7457475359214208,0.786244825775947,0.25159924868979966,0.4906597146066488,0.5998227555670587,0.6905648977195554,0.7395585057140069,0.5461324097790557,0.8346892233462646,0.5931641634608517,0.7726481300472424,0.3056521862817635,0.2710512428434235,0.8165475422075622,-0.029317485327833518,0.48403486912245,0.606136519312873,0.6733155007080356,0.5502291473929973,0.05788073298142687,0.16141609540754234,0.2942569454113311,0.22664048133030468,0.7278919214462585,0.7809397604462605,0.7828006853150554,0.5774872743852493,1.0,0.6529333461901972,0.2900864871101398,0.36876482603022004,0.8488046139716653,0.48875463603376745,0.1207854031272708,0.5522746531001393,0.8330118463789071],[0.28653990990628275,0.47367174172391685,0.8539482760856577,0.6252752375897119,0.6036297816147354,0.6950102765485175,0.6109896131204365,0.4848168516857666,0.18252276321726013,0.7086319499517411,0.7593305755014911,0.322756496401994,0.5841322618567105,0.6621083651178411,0.6575522150075748,0.7300603514411093,0.6947990413181252,0.7381755354853763,0.5487537197324612,0.7634890823982609,0.4100353382320809,0.18824686187696496,0.6984200162331173,0.18946267099540945,0.6286819199841792,0.6341318049251788,0.7319135290280169,0.5805421643970715,-0.11067478372925901,0.19033960738854358,0.4988150271952387,0.3250835693807872,0.7270258898141322,0.6597704511495968,0.8208223917526887,0.3594946515367284,0.6529333461901972,1.0,0.3940911292500151,0.3247869936467732,0.7194705802945512,0.4493094596243419,0.10109900307637303,0.6355162876807872,0.7386370334559849],[0.5236279463040165,0.3055114551137957,0.42376377823279954,0.6263184646161721,0.5263497022975552,0.5597692155545543,0.6367214449294887,0.606776169234009,0.09070052273799671,0.4842428643878451,0.5304573073626462,0.44675016100854953,0.3141074895328622,0.45702259810799656,0.4933311962354195,0.4974095901446933,0.5763255839132413,0.46315048767067474,0.3007296166037761,0.47986720849766945,0.6631299253508917,0.06291258170870821,0.48970693631473255,0.5801401518796485,0.7202456812301291,0.46684267663519874,0.6214349250769227,0.6579494375884049,0.25827580174702536,0.6840653718313293,0.5047128119588518,0.5075876411489565,0.4216336410765335,0.40130099086824156,0.49444707672867394,-0.06875868464460216,0.2900864871101398,0.3940911292500151,1.0,0.16963963036972243,0.5210585450089977,0.13681462980109518,0.4847345310542971,0.6644774200533982,0.463457860046538],[0.11404473065689151,0.42661052943604494,0.3581987524055466,0.3030740834353662,0.5263388184888822,0.3473299248360416,0.20221121885262305,0.3616487014507576,0.28811368943417437,0.5632243151421774,0.6272597012461022,-0.007980842846176138,0.2618458798792651,0.5760549214248445,0.5607802214404535,0.4468125597935466,0.37440092824848675,0.37470535753192763,0.3982632769801727,0.39376306422045154,0.008242781187479457,-0.13794708287581323,0.5594767975203446,0.10110183928774669,0.35670000227677084,0.1517097998258532,0.41591074560095564,0.4736768942384586,0.5657084728488556,0.10215901474063911,0.06103741714466274,0.39442916992676685,0.4253148270452221,0.29411157192939674,0.36906510747441434,0.6400870182059439,0.36876482603022004,0.3247869936467732,0.16963963036972243,1.0,0.4447766668112224,0.7597434570452184,0.012300571116632292,0.36738910985739465,0.5477717816440977],[0.1310449264471719,0.8008478946334215,0.8363656783260697,0.6154233735324748,0.778047962227108,0.7591300710989878,0.5851147228838455,0.6459932547567603,0.08526687934806632,0.8420359707615186,0.8975842099010067,0.4709767113548099,0.5715180947515652,0.7435804146407712,0.8836350197860042,0.7907377172334049,0.6979437419746347,0.8517684709984729,0.7965137296524392,0.8413301062497366,0.42202787349780946,0.09906517004042775,0.927759282495943,0.11234304834841356,0.6825352362601722,0.6751301810676378,0.7910303413468679,0.7255147171357071,0.15868210991201853,0.26702594976583555,0.48690117558120666,0.3831366654660499,0.7778931468097732,0.8616064052991552,0.8024326609048024,0.48803094608345715,0.8488046139716653,0.7194705802945512,0.5210585450089977,0.4447766668112224,1.0,0.48143089656747745,0.16802284173568582,0.7946179060597889,0.8478541189542749],[-0.039406207356235554,0.5203293923162599,0.37636821654939223,0.2603205630163355,0.4258498740618954,0.4348106206799493,0.18653683468163562,0.3133042724396657,0.08001196493669957,0.6121685349654693,0.5673106677161966,-0.1775698257992799,0.30101650143145037,0.5501942017393614,0.5902832373534069,0.37034620210994906,0.34662051878713457,0.5569793957710413,0.4741418427028531,0.5219874318220123,0.14150717652042924,0.07435523784897506,0.6289092610574564,-0.024801826519359464,0.3340044066201256,0.20658264167147988,0.44160100300109534,0.4506445147950103,0.14535598210890358,0.12460429095595875,0.019357011507322563,0.31769895763654094,0.5370037358240463,0.2837091304494651,0.43638123423798914,0.777831357006264,0.48875463603376745,0.4493094596243419,0.13681462980109518,0.7597434570452184,0.48143089656747745,1.0,0.11583848354156617,0.38458525784970016,0.5698316537221095],[0.08768434816462001,0.17565150145172306,0.15732905315841786,0.4775780375990862,0.1302075359618027,0.28307271155540287,0.38110582893252887,0.37945998912723844,0.18686584267051493,0.2500222270420175,0.22218638306055158,0.22198422589416825,0.09236989951852093,0.30977124084979657,0.04146205105551573,0.17170623441852667,0.23018687621855724,0.25637635348249305,0.06991952884153242,0.2023370918173439,0.7067682134374633,0.4475361163015775,0.2099382588149099,0.675067447226084,0.41493845010378416,0.07835221613344444,0.27001540303996285,0.2036053662837575,0.15761844175258138,0.8072297466221179,0.24367844437199598,0.2405386402696164,0.2692839055336666,0.1555948690064499,0.2782724108052675,0.05542602442876125,0.1207854031272708,0.10109900307637303,0.4847345310542971,0.012300571116632292,0.16802284173568582,0.11583848354156617,1.0,0.2717103214227902,0.0874831259380023],[0.40128925658433495,0.6162043776773065,0.6876647805648035,0.6454252608216922,0.6649283953571028,0.8947892200130646,0.6175489991783983,0.7165606175673636,-0.07089117699847372,0.7081731162238682,0.7768482778772952,0.4615122327077727,0.5157379075437445,0.6641714086611845,0.7332215202070439,0.6266122932764806,0.6683413835008661,0.6491092893564188,0.6116446330369509,0.7017859978204835,0.544705554326844,0.056443935652794576,0.7791700849122912,0.263944300615408,0.6726391786125756,0.5940605990803155,0.6795970867660424,0.8171632063591558,0.15422920241806862,0.48864440418679933,0.5144727148548611,0.5717608624490013,0.6146719845216311,0.5910923915148125,0.6185727015941885,0.18595923091442476,0.5522746531001393,0.6355162876807872,0.6644774200533982,0.36738910985739465,0.7946179060597889,0.38458525784970016,0.2717103214227902,1.0,0.680417876907507],[0.10710145137608997,0.633103060182615,0.8236637745677045,0.5430645526135099,0.7212690501200391,0.6242158138133965,0.5993682019294305,0.5769752269610893,0.1736040486472017,0.7888291013208719,0.86492831017766,0.34696047370623356,0.4997423019696791,0.6897048902609255,0.7948064016013662,0.7595459545606628,0.7333539142747243,0.8301102142442003,0.5982985195135052,0.7706993917523521,0.39693726275141594,0.12837379063726767,0.8595185598378813,0.11075948031494288,0.6427079407704044,0.5462279014261522,0.7276881438786287,0.6957153767437025,0.11745005667785981,0.21419453838382863,0.3195966484076644,0.4558082014857913,0.746696087217588,0.7477572580943398,0.8295295138118672,0.5038774671972445,0.8330118463789071,0.7386370334559